2.37 	-3 	2.09 	4.01122211494 	-0.0780156635743 	0.00209034472646 	4.02440581685 	-0.0882968607015 	-0.0359481560994
2.37 	-2.98496240602 	2.09 	4.01122211494 	-0.0780156635743 	0.00209034472646 	4.02440581685 	-0.0882968607015 	-0.0359481560994
2.37 	-2.96992481203 	2.09 	4.01122211494 	-0.0780156635743 	0.00209034472646 	4.02440581685 	-0.0882968607015 	-0.0359481560994
2.37 	-2.95488721805 	2.09 	4.01122211494 	-0.0780156635743 	0.00209034472646 	4.02440581685 	-0.0882968607015 	-0.0359481560994
2.37 	-2.93984962406 	2.09 	4.01122211494 	-0.0780156635743 	0.00209034472646 	4.02440581685 	-0.0882968607015 	-0.0359481560994
2.37 	-2.92481203008 	2.09 	4.01122211494 	-0.0780156635743 	0.00209034472646 	4.02440581685 	-0.0882968607015 	-0.0359481560994
2.37 	-2.90977443609 	2.09 	4.01122211494 	-0.0780156635743 	0.00209034472646 	4.02440581685 	-0.0882968607015 	-0.0359481560994
2.37 	-2.89473684211 	2.09 	4.01122211494 	-0.0780156635743 	0.00209034472646 	4.02440581685 	-0.0882968607015 	-0.0359481560994
2.37 	-2.87969924812 	2.09 	4.01122211494 	-0.0780156635743 	0.00209034472646 	4.02440581685 	-0.0882968607015 	-0.0359481560994
2.37 	-2.86466165414 	2.09 	4.05592631328 	-0.0382310353733 	-0.00758321330067 	4.05634973006 	-0.0674440374144 	-0.0215421318951
2.37 	-2.84962406015 	2.09 	4.05592631328 	-0.0382310353733 	-0.00758321330067 	4.05634973006 	-0.0674440374144 	-0.0215421318951
2.37 	-2.83458646617 	2.09 	4.05592631328 	-0.0382310353733 	-0.00758321330067 	4.05634973006 	-0.0674440374144 	-0.0215421318951
2.37 	-2.81954887218 	2.09 	4.05592631328 	-0.0382310353733 	-0.00758321330067 	4.05634973006 	-0.0674440374144 	-0.0215421318951
2.37 	-2.8045112782 	2.09 	4.05592631328 	-0.0382310353733 	-0.00758321330067 	4.05634973006 	-0.0674440374144 	-0.0215421318951
2.37 	-2.78947368421 	2.09 	4.05592631328 	-0.0382310353733 	-0.00758321330067 	4.05634973006 	-0.0674440374144 	-0.0215421318951
2.37 	-2.77443609023 	2.09 	4.05592631328 	-0.0382310353733 	-0.00758321330067 	4.05634973006 	-0.0674440374144 	-0.0215421318951
2.37 	-2.75939849624 	2.09 	4.05592631328 	-0.0382310353733 	-0.00758321330067 	4.05634973006 	-0.0674440374144 	-0.0215421318951
2.37 	-2.74436090226 	2.09 	4.11320542739 	-0.0539936023657 	-0.0277846295829 	4.09163248611 	-0.0707131643775 	-0.0103483827673
2.37 	-2.72932330827 	2.09 	4.11320542739 	-0.0539936023657 	-0.0277846295829 	4.09163248611 	-0.0707131643775 	-0.0103483827673
2.37 	-2.71428571429 	2.09 	4.11320542739 	-0.0539936023657 	-0.0277846295829 	4.09163248611 	-0.0707131643775 	-0.0103483827673
2.37 	-2.6992481203 	2.09 	4.11320542739 	-0.0539936023657 	-0.0277846295829 	4.09163248611 	-0.0707131643775 	-0.0103483827673
2.37 	-2.68421052632 	2.09 	4.11320542739 	-0.0539936023657 	-0.0277846295829 	4.09163248611 	-0.0707131643775 	-0.0103483827673
2.37 	-2.66917293233 	2.09 	4.11320542739 	-0.0539936023657 	-0.0277846295829 	4.09163248611 	-0.0707131643775 	-0.0103483827673
2.37 	-2.65413533835 	2.09 	4.11320542739 	-0.0539936023657 	-0.0277846295829 	4.09163248611 	-0.0707131643775 	-0.0103483827673
2.37 	-2.63909774436 	2.09 	4.11320542739 	-0.0539936023657 	-0.0277846295829 	4.09163248611 	-0.0707131643775 	-0.0103483827673
2.37 	-2.62406015038 	2.09 	4.07187601624 	-0.0606823740122 	-0.0163479430333 	4.06185735805 	-0.0737614745547 	-0.0354071355237
2.37 	-2.60902255639 	2.09 	4.07187601624 	-0.0606823740122 	-0.0163479430333 	4.06185735805 	-0.0737614745547 	-0.0354071355237
2.37 	-2.59398496241 	2.09 	4.07187601624 	-0.0606823740122 	-0.0163479430333 	4.06185735805 	-0.0737614745547 	-0.0354071355237
2.37 	-2.57894736842 	2.09 	4.07187601624 	-0.0606823740122 	-0.0163479430333 	4.06185735805 	-0.0737614745547 	-0.0354071355237
2.37 	-2.56390977444 	2.09 	4.07187601624 	-0.0606823740122 	-0.0163479430333 	4.06185735805 	-0.0737614745547 	-0.0354071355237
2.37 	-2.54887218045 	2.09 	4.07187601624 	-0.0606823740122 	-0.0163479430333 	4.06185735805 	-0.0737614745547 	-0.0354071355237
2.37 	-2.53383458647 	2.09 	4.07187601624 	-0.0606823740122 	-0.0163479430333 	4.06185735805 	-0.0737614745547 	-0.0354071355237
2.37 	-2.51879699248 	2.09 	4.07187601624 	-0.0606823740122 	-0.0163479430333 	4.06185735805 	-0.0737614745547 	-0.0354071355237
2.37 	-2.5037593985 	2.09 	4.07187601624 	-0.0606823740122 	-0.0163479430333 	4.06185735805 	-0.0737614745547 	-0.0354071355237
2.37 	-2.48872180451 	2.09 	4.0282339341 	-0.0439682234826 	-0.00472518223233 	4.04598160802 	-0.0723866467823 	-0.0536771452298
2.37 	-2.47368421053 	2.09 	4.0282339341 	-0.0439682234826 	-0.00472518223233 	4.04598160802 	-0.0723866467823 	-0.0536771452298
2.37 	-2.45864661654 	2.09 	4.0282339341 	-0.0439682234826 	-0.00472518223233 	4.04598160802 	-0.0723866467823 	-0.0536771452298
2.37 	-2.44360902256 	2.09 	4.0282339341 	-0.0439682234826 	-0.00472518223233 	4.04598160802 	-0.0723866467823 	-0.0536771452298
2.37 	-2.42857142857 	2.09 	4.0282339341 	-0.0439682234826 	-0.00472518223233 	4.04598160802 	-0.0723866467823 	-0.0536771452298
2.37 	-2.41353383459 	2.09 	4.0282339341 	-0.0439682234826 	-0.00472518223233 	4.04598160802 	-0.0723866467823 	-0.0536771452298
2.37 	-2.3984962406 	2.09 	4.0282339341 	-0.0439682234826 	-0.00472518223233 	4.04598160802 	-0.0723866467823 	-0.0536771452298
2.37 	-2.38345864662 	2.09 	4.0282339341 	-0.0439682234826 	-0.00472518223233 	4.04598160802 	-0.0723866467823 	-0.0536771452298
2.37 	-2.36842105263 	2.09 	4.04924701212 	-0.0438342770223 	-0.0372734758748 	4.05461184432 	-0.0769566893896 	-0.0594696207357
2.37 	-2.35338345865 	2.09 	4.04924701212 	-0.0438342770223 	-0.0372734758748 	4.05461184432 	-0.0769566893896 	-0.0594696207357
2.37 	-2.33834586466 	2.09 	4.04924701212 	-0.0438342770223 	-0.0372734758748 	4.05461184432 	-0.0769566893896 	-0.0594696207357
2.37 	-2.32330827068 	2.09 	4.04924701212 	-0.0438342770223 	-0.0372734758748 	4.05461184432 	-0.0769566893896 	-0.0594696207357
2.37 	-2.30827067669 	2.09 	4.04924701212 	-0.0438342770223 	-0.0372734758748 	4.05461184432 	-0.0769566893896 	-0.0594696207357
2.37 	-2.29323308271 	2.09 	4.04924701212 	-0.0438342770223 	-0.0372734758748 	4.05461184432 	-0.0769566893896 	-0.0594696207357
2.37 	-2.27819548872 	2.09 	4.04924701212 	-0.0438342770223 	-0.0372734758748 	4.05461184432 	-0.0769566893896 	-0.0594696207357
2.37 	-2.26315789474 	2.09 	4.04924701212 	-0.0438342770223 	-0.0372734758748 	4.05461184432 	-0.0769566893896 	-0.0594696207357
2.37 	-2.24812030075 	2.09 	4.03235132847 	-0.0250162575025 	-0.0416544188302 	4.055932351 	-0.0575254504855 	-0.0704014223344
2.37 	-2.23308270677 	2.09 	4.03235132847 	-0.0250162575025 	-0.0416544188302 	4.055932351 	-0.0575254504855 	-0.0704014223344
2.37 	-2.21804511278 	2.09 	4.03235132847 	-0.0250162575025 	-0.0416544188302 	4.055932351 	-0.0575254504855 	-0.0704014223344
2.37 	-2.2030075188 	2.09 	4.03235132847 	-0.0250162575025 	-0.0416544188302 	4.055932351 	-0.0575254504855 	-0.0704014223344
2.37 	-2.18796992481 	2.09 	4.03235132847 	-0.0250162575025 	-0.0416544188302 	4.055932351 	-0.0575254504855 	-0.0704014223344
2.37 	-2.17293233083 	2.09 	4.04136306082 	-0.0339842253806 	-0.0315613623834 	4.06067420667 	-0.0781999879123 	-0.0644751041063
2.37 	-2.15789473684 	2.09 	4.04136306082 	-0.0339842253806 	-0.0315613623834 	4.06067420667 	-0.0781999879123 	-0.0644751041063
2.37 	-2.14285714286 	2.09 	4.04136306082 	-0.0339842253806 	-0.0315613623834 	4.06067420667 	-0.0781999879123 	-0.0644751041063
2.37 	-2.12781954887 	2.09 	4.04136306082 	-0.0339842253806 	-0.0315613623834 	4.06067420667 	-0.0781999879123 	-0.0644751041063
2.37 	-2.11278195489 	2.09 	4.05382929934 	-0.035031524187 	-0.0484875064367 	4.06591667361 	-0.0846645318242 	-0.0650857077762
2.37 	-2.0977443609 	2.09 	4.05382929934 	-0.035031524187 	-0.0484875064367 	4.06591667361 	-0.0846645318242 	-0.0650857077762
2.37 	-2.08270676692 	2.09 	4.05382929934 	-0.035031524187 	-0.0484875064367 	4.06591667361 	-0.0846645318242 	-0.0650857077762
2.37 	-2.06766917293 	2.09 	4.05382929934 	-0.035031524187 	-0.0484875064367 	4.06591667361 	-0.0846645318242 	-0.0650857077762
2.37 	-2.05263157895 	2.09 	4.0677975221 	-0.0337841343392 	-0.0538388071558 	4.07846566183 	-0.0857755678967 	-0.0650351384733
2.37 	-2.03759398496 	2.09 	4.0677975221 	-0.0337841343392 	-0.0538388071558 	4.07846566183 	-0.0857755678967 	-0.0650351384733
2.37 	-2.02255639098 	2.09 	4.0677975221 	-0.0337841343392 	-0.0538388071558 	4.07846566183 	-0.0857755678967 	-0.0650351384733
2.37 	-2.00751879699 	2.09 	4.0677975221 	-0.0337841343392 	-0.0538388071558 	4.07846566183 	-0.0857755678967 	-0.0650351384733
2.37 	-1.99248120301 	2.09 	4.08052466302 	-0.0263599706176 	-0.0444884882815 	4.08766566796 	-0.0843675473976 	-0.0649041900084
2.37 	-1.97744360902 	2.09 	4.08052466302 	-0.0263599706176 	-0.0444884882815 	4.08766566796 	-0.0843675473976 	-0.0649041900084
2.37 	-1.96240601504 	2.09 	4.08052466302 	-0.0263599706176 	-0.0444884882815 	4.08766566796 	-0.0843675473976 	-0.0649041900084
2.37 	-1.94736842105 	2.09 	4.08052466302 	-0.0263599706176 	-0.0444884882815 	4.08766566796 	-0.0843675473976 	-0.0649041900084
2.37 	-1.93233082707 	2.09 	4.10600150033 	-0.0356658930344 	-0.0446981579745 	4.11203424529 	-0.0901279085021 	-0.0581212298339
2.37 	-1.91729323308 	2.09 	4.10600150033 	-0.0356658930344 	-0.0446981579745 	4.11203424529 	-0.0901279085021 	-0.0581212298339
2.37 	-1.9022556391 	2.09 	4.10600150033 	-0.0356658930344 	-0.0446981579745 	4.11203424529 	-0.0901279085021 	-0.0581212298339
2.37 	-1.88721804511 	2.09 	4.10600150033 	-0.0356658930344 	-0.0446981579745 	4.11203424529 	-0.0901279085021 	-0.0581212298339
2.37 	-1.87218045113 	2.09 	4.13752781995 	-0.0355781497727 	-0.0443113124507 	4.12500365358 	-0.0934575588959 	-0.0567240526032
2.37 	-1.85714285714 	2.09 	4.13752781995 	-0.0355781497727 	-0.0443113124507 	4.12500365358 	-0.0934575588959 	-0.0567240526032
2.37 	-1.84210526316 	2.09 	4.13752781995 	-0.0355781497727 	-0.0443113124507 	4.12500365358 	-0.0934575588959 	-0.0567240526032
2.37 	-1.82706766917 	2.09 	4.13752781995 	-0.0355781497727 	-0.0443113124507 	4.12500365358 	-0.0934575588959 	-0.0567240526032
2.37 	-1.81203007519 	2.09 	4.14057454213 	-0.0387235144265 	-0.0476070859349 	4.12183773079 	-0.0970737691775 	-0.0654027088816
2.37 	-1.7969924812 	2.09 	4.14057454213 	-0.0387235144265 	-0.0476070859349 	4.12183773079 	-0.0970737691775 	-0.0654027088816
2.37 	-1.78195488722 	2.09 	4.14057454213 	-0.0387235144265 	-0.0476070859349 	4.12183773079 	-0.0970737691775 	-0.0654027088816
2.37 	-1.76691729323 	2.09 	4.14057454213 	-0.0387235144265 	-0.0476070859349 	4.12183773079 	-0.0970737691775 	-0.0654027088816
2.37 	-1.75187969925 	2.09 	4.14057454213 	-0.0387235144265 	-0.0476070859349 	4.12183773079 	-0.0970737691775 	-0.0654027088816
2.37 	-1.73684210526 	2.09 	4.17668310306 	-0.029609789365 	-0.0581538026144 	4.13170523954 	-0.0907931886638 	-0.0685529888528
2.37 	-1.72180451128 	2.09 	4.17668310306 	-0.029609789365 	-0.0581538026144 	4.13170523954 	-0.0907931886638 	-0.0685529888528
2.37 	-1.70676691729 	2.09 	4.17884660979 	-0.0450554528505 	-0.0629038663059 	4.11981646747 	-0.103195830047 	-0.0735518271217
2.37 	-1.69172932331 	2.09 	4.17884660979 	-0.0450554528505 	-0.0629038663059 	4.11981646747 	-0.103195830047 	-0.0735518271217
2.37 	-1.67669172932 	2.09 	4.18418662984 	-0.0422599093355 	-0.0724656556856 	4.11503918345 	-0.097070558713 	-0.081359051856
2.37 	-1.66165413534 	2.09 	4.18418662984 	-0.0422599093355 	-0.0724656556856 	4.11503918345 	-0.097070558713 	-0.081359051856
2.37 	-1.64661654135 	2.09 	4.19538982849 	-0.0550232750898 	-0.0669501572273 	4.12066311648 	-0.10445233341 	-0.0796644627128
2.37 	-1.63157894737 	2.09 	4.19538982849 	-0.0550232750898 	-0.0669501572273 	4.12066311648 	-0.10445233341 	-0.0796644627128
2.37 	-1.61654135338 	2.09 	4.23491439461 	-0.0543975441936 	-0.0631920361831 	4.12744259036 	-0.0987115464182 	-0.0873912330284
2.37 	-1.6015037594 	2.09 	4.23491439461 	-0.0543975441936 	-0.0631920361831 	4.12744259036 	-0.0987115464182 	-0.0873912330284
2.37 	-1.58646616541 	2.09 	4.25212353789 	-0.0608142894147 	-0.0676646275474 	4.11898693729 	-0.0967100658818 	-0.0965564326035
2.37 	-1.57142857143 	2.09 	4.25212353789 	-0.0608142894147 	-0.0676646275474 	4.11898693729 	-0.0967100658818 	-0.0965564326035
2.37 	-1.55639097744 	2.09 	4.25975113572 	-0.0839284767322 	-0.102644896969 	4.10990405504 	-0.10098062387 	-0.0997439164238
2.37 	-1.54135338346 	2.09 	4.25975113572 	-0.0839284767322 	-0.102644896969 	4.10990405504 	-0.10098062387 	-0.0997439164238
2.37 	-1.52631578947 	2.09 	4.22773375408 	-0.0895102174445 	-0.112568461856 	4.06400227281 	-0.0989013129297 	-0.106000186488
2.37 	-1.51127819549 	2.09 	4.22773375408 	-0.0895102174445 	-0.112568461856 	4.06400227281 	-0.0989013129297 	-0.106000186488
2.37 	-1.4962406015 	2.09 	4.14852221334 	-0.0992910092507 	-0.0982964309765 	3.96299661432 	-0.100390155746 	-0.0961914056057
2.37 	-1.48120300752 	2.09 	4.14852221334 	-0.0992910092507 	-0.0982964309765 	3.96299661432 	-0.100390155746 	-0.0961914056057
2.37 	-1.46616541353 	2.09 	3.9356443109 	-0.10170516223 	-0.0744239824557 	3.68869520218 	-0.100794523405 	-0.0691444389516
2.37 	-1.45112781955 	2.09 	3.9356443109 	-0.10170516223 	-0.0744239824557 	3.68869520218 	-0.100794523405 	-0.0691444389516
2.37 	-1.43609022556 	2.09 	3.58263142458 	-0.162250786296 	-0.0682212050294 	3.24810690423 	-0.0875915910051 	-0.0169648404175
2.37 	-1.42105263158 	2.09 	3.58263142458 	-0.162250786296 	-0.0682212050294 	3.24810690423 	-0.0875915910051 	-0.0169648404175
2.37 	-1.40601503759 	2.09 	3.01010075433 	-0.1908155794 	-0.121280789299 	2.66051617841 	-0.0702301397067 	0.050832834661
2.37 	-1.39097744361 	2.09 	3.01010075433 	-0.1908155794 	-0.121280789299 	2.66051617841 	-0.0702301397067 	0.050832834661
2.37 	-1.37593984962 	2.09 	3.01010075433 	-0.1908155794 	-0.121280789299 	2.66051617841 	-0.0702301397067 	0.050832834661
2.37 	-1.36090225564 	2.09 	2.40263132014 	-0.203556953097 	-0.208628976545 	2.06137588844 	-0.0574455030681 	0.131464759698
2.37 	-1.34586466165 	2.09 	2.40263132014 	-0.203556953097 	-0.208628976545 	2.06137588844 	-0.0574455030681 	0.131464759698
2.37 	-1.33082706767 	2.09 	1.96192563521 	-0.297178325842 	0.0180259940726 	1.74761196639 	-0.0603865671723 	0.170766539248
2.37 	-1.31578947368 	2.09 	1.96192563521 	-0.297178325842 	0.0180259940726 	1.74761196639 	-0.0603865671723 	0.170766539248
2.37 	-1.3007518797 	2.09 	1.78300094603 	-0.278542079881 	0.0463403885237 	1.71482999773 	-0.0648051248453 	0.188748570633
2.37 	-1.28571428571 	2.09 	1.78300094603 	-0.278542079881 	0.0463403885237 	1.71482999773 	-0.0648051248453 	0.188748570633
2.37 	-1.27067669173 	2.09 	1.76043624625 	-0.269780765727 	0.0525789328157 	1.71777510213 	-0.0620886670688 	0.205907961325
2.37 	-1.25563909774 	2.09 	1.76043624625 	-0.269780765727 	0.0525789328157 	1.71777510213 	-0.0620886670688 	0.205907961325
2.37 	-1.24060150376 	2.09 	1.81828874715 	-0.258437582656 	0.0632785245976 	1.66963314971 	-0.0650659162084 	0.213217287933
2.37 	-1.22556390977 	2.09 	1.81828874715 	-0.258437582656 	0.0632785245976 	1.66963314971 	-0.0650659162084 	0.213217287933
2.37 	-1.21052631579 	2.09 	1.74280813558 	-0.214306284446 	0.119625160055 	1.60162615538 	-0.0571959636373 	0.218324384867
2.37 	-1.1954887218 	2.09 	1.74280813558 	-0.214306284446 	0.119625160055 	1.60162615538 	-0.0571959636373 	0.218324384867
2.37 	-1.18045112782 	2.09 	1.58751979325 	-0.172808029595 	0.146896503352 	1.57325438379 	-0.054754718326 	0.231606387463
2.37 	-1.16541353383 	2.09 	1.58751979325 	-0.172808029595 	0.146896503352 	1.57325438379 	-0.054754718326 	0.231606387463
2.37 	-1.15037593985 	2.09 	1.61678983114 	-0.169698009375 	0.146534726713 	1.55244502638 	-0.0551100011915 	0.239739376635
2.37 	-1.13533834586 	2.09 	1.61678983114 	-0.169698009375 	0.146534726713 	1.55244502638 	-0.0551100011915 	0.239739376635
2.37 	-1.12030075188 	2.09 	1.58194655572 	-0.181219083087 	0.177024173045 	1.53075112269 	-0.0528124049845 	0.240709183878
2.37 	-1.10526315789 	2.09 	1.58194655572 	-0.181219083087 	0.177024173045 	1.53075112269 	-0.0528124049845 	0.240709183878
2.37 	-1.09022556391 	2.09 	1.44475472725 	-0.119010791846 	0.174741349181 	1.53291050922 	-0.0525066146921 	0.255078733503
2.37 	-1.07518796992 	2.09 	1.44475472725 	-0.119010791846 	0.174741349181 	1.53291050922 	-0.0525066146921 	0.255078733503
2.37 	-1.06015037594 	2.09 	1.33481346897 	-0.114071645701 	0.197301318937 	1.5305820795 	-0.0509452196118 	0.264061260442
2.37 	-1.04511278195 	2.09 	1.33481346897 	-0.114071645701 	0.197301318937 	1.5305820795 	-0.0509452196118 	0.264061260442
2.37 	-1.03007518797 	2.09 	1.31548215685 	-0.105823639872 	0.203008911213 	1.52474102676 	-0.0476998955638 	0.268342967184
2.37 	-1.01503759398 	2.09 	1.31548215685 	-0.105823639872 	0.203008911213 	1.52474102676 	-0.0476998955638 	0.268342967184
2.37 	-1 	2.09 	1.31923295433 	-0.0978329565111 	0.212102554928 	1.53701362489 	-0.047712746024 	0.28033557351
2.37 	-0.984962406015 	2.09 	1.31923295433 	-0.0978329565111 	0.212102554928 	1.53701362489 	-0.047712746024 	0.28033557351
2.37 	-0.96992481203 	2.09 	1.31923295433 	-0.0978329565111 	0.212102554928 	1.53701362489 	-0.047712746024 	0.28033557351
2.37 	-0.954887218045 	2.09 	1.39248664528 	-0.118339571073 	0.261097624655 	1.55859551008 	-0.0473980673371 	0.288331276684
2.37 	-0.93984962406 	2.09 	1.39248664528 	-0.118339571073 	0.261097624655 	1.55859551008 	-0.0473980673371 	0.288331276684
2.37 	-0.924812030075 	2.09 	1.45293016528 	-0.143100616479 	0.286046240753 	1.58167454503 	-0.0464912565422 	0.294819420133
2.37 	-0.90977443609 	2.09 	1.45293016528 	-0.143100616479 	0.286046240753 	1.58167454503 	-0.0464912565422 	0.294819420133
2.37 	-0.894736842105 	2.09 	1.52960971377 	-0.167288908102 	0.295528927228 	1.60378330084 	-0.0581735964184 	0.30217896673
2.37 	-0.87969924812 	2.09 	1.52960971377 	-0.167288908102 	0.295528927228 	1.60378330084 	-0.0581735964184 	0.30217896673
2.37 	-0.864661654135 	2.09 	1.59755692979 	-0.176597369033 	0.31927166294 	1.65238964715 	-0.0612546300992 	0.309248268855
2.37 	-0.84962406015 	2.09 	1.59755692979 	-0.176597369033 	0.31927166294 	1.65238964715 	-0.0612546300992 	0.309248268855
2.37 	-0.834586466165 	2.09 	1.69952896192 	-0.163530713185 	0.268210721497 	1.70478772354 	-0.0647450367407 	0.314460716898
2.37 	-0.81954887218 	2.09 	1.69952896192 	-0.163530713185 	0.268210721497 	1.70478772354 	-0.0647450367407 	0.314460716898
2.37 	-0.804511278195 	2.09 	1.78829053024 	-0.208705572108 	0.321760643341 	1.75713639581 	-0.0695725262569 	0.320740325508
2.37 	-0.789473684211 	2.09 	1.78829053024 	-0.208705572108 	0.321760643341 	1.75713639581 	-0.0695725262569 	0.320740325508
2.37 	-0.774436090226 	2.09 	1.83104387081 	-0.253242138731 	0.346565656619 	1.80689344591 	-0.0763963008778 	0.328436058141
2.37 	-0.759398496241 	2.09 	1.83104387081 	-0.253242138731 	0.346565656619 	1.80689344591 	-0.0763963008778 	0.328436058141
2.37 	-0.744360902256 	2.09 	1.87167898066 	-0.223161766548 	0.351385086435 	1.84781293782 	-0.0823889902651 	0.335963457328
2.37 	-0.729323308271 	2.09 	1.87167898066 	-0.223161766548 	0.351385086435 	1.84781293782 	-0.0823889902651 	0.335963457328
2.37 	-0.714285714286 	2.09 	1.85219054593 	-0.2092818555 	0.358446000673 	1.84461626652 	-0.086414588181 	0.344460083338
2.37 	-0.699248120301 	2.09 	1.85219054593 	-0.2092818555 	0.358446000673 	1.84461626652 	-0.086414588181 	0.344460083338
2.37 	-0.684210526316 	2.09 	1.686839259 	-0.0888965842834 	0.39215746347 	1.78869689771 	-0.0878724803338 	0.350039608678
2.37 	-0.669172932331 	2.09 	1.686839259 	-0.0888965842834 	0.39215746347 	1.78869689771 	-0.0878724803338 	0.350039608678
2.37 	-0.654135338346 	2.09 	1.4167017496 	-0.0886284845591 	0.236911615241 	1.68064540362 	-0.09018705612 	0.351330510482
2.37 	-0.639097744361 	2.09 	1.4167017496 	-0.0886284845591 	0.236911615241 	1.68064540362 	-0.09018705612 	0.351330510482
2.37 	-0.624060150376 	2.09 	1.17560660768 	-0.161159583142 	0.0867820491939 	1.56090960252 	-0.101528241986 	0.348275983328
2.37 	-0.609022556391 	2.09 	1.17560660768 	-0.161159583142 	0.0867820491939 	1.56090960252 	-0.101528241986 	0.348275983328
2.37 	-0.593984962406 	2.09 	1.17560660768 	-0.161159583142 	0.0867820491939 	1.56090960252 	-0.101528241986 	0.348275983328
2.37 	-0.578947368421 	2.09 	1.30359088763 	-0.267586275191 	0.173640070403 	1.48599263271 	-0.117036614717 	0.369232583145
2.37 	-0.563909774436 	2.09 	1.30359088763 	-0.267586275191 	0.173640070403 	1.48599263271 	-0.117036614717 	0.369232583145
2.37 	-0.548872180451 	2.09 	1.67426284352 	-0.196863190156 	0.249503748786 	1.4465389908 	-0.124919597685 	0.427192796047
2.37 	-0.533834586466 	2.09 	1.67426284352 	-0.196863190156 	0.249503748786 	1.4465389908 	-0.124919597685 	0.427192796047
2.37 	-0.518796992481 	2.09 	1.56996028338 	-0.139624297103 	0.498064541554 	1.43212425953 	-0.140445316207 	0.503002847413
2.37 	-0.503759398496 	2.09 	1.56996028338 	-0.139624297103 	0.498064541554 	1.43212425953 	-0.140445316207 	0.503002847413
2.37 	-0.488721804511 	2.09 	1.38374337692 	-0.159573155385 	0.51645661913 	1.38292485726 	-0.141298401022 	0.585541213323
2.37 	-0.473684210526 	2.09 	1.38374337692 	-0.159573155385 	0.51645661913 	1.38292485726 	-0.141298401022 	0.585541213323
2.37 	-0.458646616541 	2.09 	1.15599922856 	-0.290520500244 	0.418386853245 	1.37667965453 	-0.158876786792 	0.648577735129
2.37 	-0.443609022556 	2.09 	1.15599922856 	-0.290520500244 	0.418386853245 	1.37667965453 	-0.158876786792 	0.648577735129
2.37 	-0.428571428571 	2.09 	1.21130924492 	-0.346394267171 	0.535255063044 	1.43725679309 	-0.191422449722 	0.689752036406
2.37 	-0.413533834586 	2.09 	1.21130924492 	-0.346394267171 	0.535255063044 	1.43725679309 	-0.191422449722 	0.689752036406
2.37 	-0.398496240601 	2.09 	1.19666549775 	-0.444929508293 	0.72965512888 	1.62579084552 	-0.241726276739 	0.723163145138
2.37 	-0.383458646617 	2.09 	1.19666549775 	-0.444929508293 	0.72965512888 	1.62579084552 	-0.241726276739 	0.723163145138
2.37 	-0.368421052632 	2.09 	1.33800632517 	-0.428147697955 	0.722722845767 	1.93000694712 	-0.284907545259 	0.692170946502
2.37 	-0.353383458647 	2.09 	1.33800632517 	-0.428147697955 	0.722722845767 	1.93000694712 	-0.284907545259 	0.692170946502
2.37 	-0.338345864662 	2.09 	1.8979885774 	-0.549571131813 	0.984223206621 	2.20184042869 	-0.302618617293 	0.578798506462
2.37 	-0.323308270677 	2.09 	1.8979885774 	-0.549571131813 	0.984223206621 	2.20184042869 	-0.302618617293 	0.578798506462
2.37 	-0.308270676692 	2.09 	2.32910999109 	-0.59816502371 	0.872765718426 	2.3869621123 	-0.290778590649 	0.421625604004
2.37 	-0.293233082707 	2.09 	2.32910999109 	-0.59816502371 	0.872765718426 	2.3869621123 	-0.290778590649 	0.421625604004
2.37 	-0.278195488722 	2.09 	2.94617949441 	-0.52031290425 	0.274462839709 	2.69388920447 	-0.314803573541 	0.321697916836
2.37 	-0.263157894737 	2.09 	2.94617949441 	-0.52031290425 	0.274462839709 	2.69388920447 	-0.314803573541 	0.321697916836
2.37 	-0.248120300752 	2.09 	2.81080669254 	-0.519266398984 	0.130393557297 	2.87739460678 	-0.255618320295 	0.207406708997
2.37 	-0.233082706767 	2.09 	2.81080669254 	-0.519266398984 	0.130393557297 	2.87739460678 	-0.255618320295 	0.207406708997
2.37 	-0.218045112782 	2.09 	2.75010741505 	-0.320026203705 	-0.0571346965056 	2.83135422446 	-0.11407377138 	0.026702445383
2.37 	-0.203007518797 	2.09 	2.75010741505 	-0.320026203705 	-0.0571346965056 	2.83135422446 	-0.11407377138 	0.026702445383
2.37 	-0.187969924812 	2.09 	2.75010741505 	-0.320026203705 	-0.0571346965056 	2.83135422446 	-0.11407377138 	0.026702445383
2.37 	-0.172932330827 	2.09 	3.11889712239 	-0.180926573755 	0.129486725004 	3.16711999995 	-0.0604726119181 	-0.0313157487424
2.37 	-0.157894736842 	2.09 	3.11889712239 	-0.180926573755 	0.129486725004 	3.16711999995 	-0.0604726119181 	-0.0313157487424
2.37 	-0.142857142857 	2.09 	3.03042829289 	-0.0795947557523 	0.222333502669 	3.2104717947 	0.0829840636847 	0.00210624667008
2.37 	-0.127819548872 	2.09 	3.03042829289 	-0.0795947557523 	0.222333502669 	3.2104717947 	0.0829840636847 	0.00210624667008
2.37 	-0.112781954887 	2.09 	3.35337794573 	0.166354100246 	-0.0699141214946 	3.36881930089 	0.156699799343 	-0.0154719996279
2.37 	-0.0977443609022 	2.09 	3.35337794573 	0.166354100246 	-0.0699141214946 	3.36881930089 	0.156699799343 	-0.0154719996279
2.37 	-0.0827067669173 	2.09 	3.55422384961 	0.0275442993143 	-0.259017412163 	3.40312822191 	0.22793504479 	0.0622091903584
2.37 	-0.0676691729323 	2.09 	3.55422384961 	0.0275442993143 	-0.259017412163 	3.40312822191 	0.22793504479 	0.0622091903584
2.37 	-0.0526315789474 	2.09 	3.73535591546 	0.289118348383 	-0.0878687553801 	3.41338030706 	0.297041683319 	0.166217120494
2.37 	-0.0375939849624 	2.09 	3.73535591546 	0.289118348383 	-0.0878687553801 	3.41338030706 	0.297041683319 	0.166217120494
2.37 	-0.0225563909774 	2.09 	3.56633601021 	0.259772402417 	0.138313030111 	3.64072548776 	0.295475175107 	0.229368257138
2.37 	-0.00751879699247 	2.09 	3.56633601021 	0.259772402417 	0.138313030111 	3.64072548776 	0.295475175107 	0.229368257138
2.37 	0.0075187969925 	2.09 	2.69986865333 	0.0969580570532 	0.425648181788 	2.98274096883 	0.272506857775 	0.284245503449
2.37 	0.0225563909775 	2.09 	2.69986865333 	0.0969580570532 	0.425648181788 	2.98274096883 	0.272506857775 	0.284245503449
2.37 	0.0375939849624 	2.09 	2.4945629372 	-0.232668900931 	0.361959437908 	2.66939163876 	0.201341744273 	0.280509224737
2.37 	0.0526315789474 	2.09 	2.4945629372 	-0.232668900931 	0.361959437908 	2.66939163876 	0.201341744273 	0.280509224737
2.37 	0.0676691729323 	2.09 	2.39543288502 	-0.0265327399421 	0.276280418752 	3.02740569544 	0.139411093979 	0.220349598881
2.37 	0.0827067669173 	2.09 	2.39543288502 	-0.0265327399421 	0.276280418752 	3.02740569544 	0.139411093979 	0.220349598881
2.37 	0.0977443609023 	2.09 	3.095887259 	0.228120887509 	0.245831745583 	3.51537382107 	0.165639781266 	0.0937925390888
2.37 	0.112781954887 	2.09 	3.095887259 	0.228120887509 	0.245831745583 	3.51537382107 	0.165639781266 	0.0937925390888
2.37 	0.127819548872 	2.09 	3.79470215387 	0.21280496123 	-0.0310618844418 	3.54118344902 	0.0584842841767 	0.144710582283
2.37 	0.142857142857 	2.09 	3.79470215387 	0.21280496123 	-0.0310618844418 	3.54118344902 	0.0584842841767 	0.144710582283
2.37 	0.157894736842 	2.09 	3.38663546005 	-0.145208869997 	0.295335579225 	3.15926426994 	0.0370972639757 	0.0691060351723
2.37 	0.172932330827 	2.09 	3.38663546005 	-0.145208869997 	0.295335579225 	3.15926426994 	0.0370972639757 	0.0691060351723
2.37 	0.187969924812 	2.09 	3.44794109132 	0.0541346388354 	0.0370306673058 	2.86560725607 	0.0593305837398 	-0.0895834917339
2.37 	0.203007518797 	2.09 	3.44794109132 	0.0541346388354 	0.0370306673058 	2.86560725607 	0.0593305837398 	-0.0895834917339
2.37 	0.218045112782 	2.09 	3.44794109132 	0.0541346388354 	0.0370306673058 	2.86560725607 	0.0593305837398 	-0.0895834917339
2.37 	0.233082706767 	2.09 	2.96055191457 	0.0745016336846 	-0.0016465486768 	2.43831969331 	-0.0100916733843 	-0.111935690113
2.37 	0.248120300752 	2.09 	2.96055191457 	0.0745016336846 	-0.0016465486768 	2.43831969331 	-0.0100916733843 	-0.111935690113
2.37 	0.263157894737 	2.09 	2.41803696247 	-0.018465797796 	-0.0834749372863 	2.29766411645 	0.0387708867109 	-0.313181600913
2.37 	0.278195488722 	2.09 	2.41803696247 	-0.018465797796 	-0.0834749372863 	2.29766411645 	0.0387708867109 	-0.313181600913
2.37 	0.293233082707 	2.09 	2.15764352296 	0.0367263251914 	-0.403007316772 	1.97874078249 	0.0224858807115 	-0.517899598454
2.37 	0.308270676692 	2.09 	2.15764352296 	0.0367263251914 	-0.403007316772 	1.97874078249 	0.0224858807115 	-0.517899598454
2.37 	0.323308270677 	2.09 	1.90595522753 	0.00435468553653 	-0.518960673177 	1.6907580298 	0.0388349341029 	-0.638147822522
2.37 	0.338345864662 	2.09 	1.90595522753 	0.00435468553653 	-0.518960673177 	1.6907580298 	0.0388349341029 	-0.638147822522
2.37 	0.353383458647 	2.09 	1.62726118981 	-0.0047684886639 	-0.650258333127 	1.54929934357 	0.0359475207673 	-0.700593005807
2.37 	0.368421052632 	2.09 	1.62726118981 	-0.0047684886639 	-0.650258333127 	1.54929934357 	0.0359475207673 	-0.700593005807
2.37 	0.383458646617 	2.09 	1.47010807635 	-0.0908925357686 	-0.686717610788 	1.44802299227 	-0.0459929684726 	-0.717194224093
2.37 	0.398496240602 	2.09 	1.47010807635 	-0.0908925357686 	-0.686717610788 	1.44802299227 	-0.0459929684726 	-0.717194224093
2.37 	0.413533834586 	2.09 	1.37236102509 	0.00959683345121 	-0.72848784708 	1.39425226129 	0.0406227728173 	-0.69729402899
2.37 	0.428571428571 	2.09 	1.37236102509 	0.00959683345121 	-0.72848784708 	1.39425226129 	0.0406227728173 	-0.69729402899
2.37 	0.443609022556 	2.09 	1.36208158406 	0.00743206693359 	-0.693538790065 	1.42752439541 	0.0252618801581 	-0.658383913851
2.37 	0.458646616541 	2.09 	1.36208158406 	0.00743206693359 	-0.693538790065 	1.42752439541 	0.0252618801581 	-0.658383913851
2.37 	0.473684210526 	2.09 	1.36117536932 	-0.0888143236639 	-0.610679073219 	1.46378618944 	-0.0350024412578 	-0.587812455742
2.37 	0.488721804511 	2.09 	1.36117536932 	-0.0888143236639 	-0.610679073219 	1.46378618944 	-0.0350024412578 	-0.587812455742
2.37 	0.503759398496 	2.09 	1.47474754868 	-0.0299870805559 	-0.559211044563 	1.575516022 	-0.0221635439733 	-0.52115407017
2.37 	0.518796992481 	2.09 	1.47474754868 	-0.0299870805559 	-0.559211044563 	1.575516022 	-0.0221635439733 	-0.52115407017
2.37 	0.533834586466 	2.09 	1.60467715758 	-0.0356394961513 	-0.490277783762 	1.70294932213 	-0.0157385872343 	-0.464667361397
2.37 	0.548872180451 	2.09 	1.60467715758 	-0.0356394961513 	-0.490277783762 	1.70294932213 	-0.0157385872343 	-0.464667361397
2.37 	0.563909774436 	2.09 	1.74031732415 	-0.015753255605 	-0.43347427422 	1.82473832501 	-0.00740646747115 	-0.419068288521
2.37 	0.578947368421 	2.09 	1.74031732415 	-0.015753255605 	-0.43347427422 	1.82473832501 	-0.00740646747115 	-0.419068288521
2.37 	0.593984962406 	2.09 	1.8138468123 	0.0594951394119 	-0.493881064946 	1.88539124917 	-0.00325497953728 	-0.385508411631
2.37 	0.609022556391 	2.09 	1.8138468123 	0.0594951394119 	-0.493881064946 	1.88539124917 	-0.00325497953728 	-0.385508411631
2.37 	0.624060150376 	2.09 	1.8138468123 	0.0594951394119 	-0.493881064946 	1.88539124917 	-0.00325497953728 	-0.385508411631
2.37 	0.639097744361 	2.09 	1.86507493661 	0.0511405384986 	-0.446887414178 	1.90186426698 	-0.00252459923671 	-0.3627797689
2.37 	0.654135338346 	2.09 	1.86507493661 	0.0511405384986 	-0.446887414178 	1.90186426698 	-0.00252459923671 	-0.3627797689
2.37 	0.669172932331 	2.09 	1.87355911996 	0.0663503511707 	-0.411841802908 	1.89432873418 	0.00119868677356 	-0.343084069627
2.37 	0.684210526316 	2.09 	1.87355911996 	0.0663503511707 	-0.411841802908 	1.89432873418 	0.00119868677356 	-0.343084069627
2.37 	0.699248120301 	2.09 	1.90048236354 	0.0680319924853 	-0.355520046534 	1.89448234852 	0.0210020734036 	-0.32891450024
2.37 	0.714285714286 	2.09 	1.90048236354 	0.0680319924853 	-0.355520046534 	1.89448234852 	0.0210020734036 	-0.32891450024
2.37 	0.729323308271 	2.09 	1.89652298371 	0.0263649802199 	-0.335096237593 	1.85393644557 	0.0213722869148 	-0.316146078704
2.37 	0.744360902256 	2.09 	1.89652298371 	0.0263649802199 	-0.335096237593 	1.85393644557 	0.0213722869148 	-0.316146078704
2.37 	0.759398496241 	2.09 	1.8645976227 	0.0388453483241 	-0.320032030909 	1.81358756202 	0.0216181840969 	-0.303042865783
2.37 	0.774436090226 	2.09 	1.8645976227 	0.0388453483241 	-0.320032030909 	1.81358756202 	0.0216181840969 	-0.303042865783
2.37 	0.789473684211 	2.09 	1.8193634891 	0.0281396627579 	-0.305114692646 	1.77547040534 	0.0237288327473 	-0.291414417739
2.37 	0.804511278196 	2.09 	1.8193634891 	0.0281396627579 	-0.305114692646 	1.77547040534 	0.0237288327473 	-0.291414417739
2.37 	0.81954887218 	2.09 	1.76730007591 	0.0462712959263 	-0.300960127522 	1.73641320887 	0.0255402067027 	-0.27925469896
2.37 	0.834586466165 	2.09 	1.76730007591 	0.0462712959263 	-0.300960127522 	1.73641320887 	0.0255402067027 	-0.27925469896
2.37 	0.84962406015 	2.09 	1.7216771156 	0.0442256869867 	-0.298557883697 	1.68923174113 	0.0257014985459 	-0.272712650718
2.37 	0.864661654135 	2.09 	1.7216771156 	0.0442256869867 	-0.298557883697 	1.68923174113 	0.0257014985459 	-0.272712650718
2.37 	0.87969924812 	2.09 	1.64344206251 	0.0286269680681 	-0.278629437625 	1.63404311405 	0.012587680666 	-0.262813871997
2.37 	0.894736842105 	2.09 	1.64344206251 	0.0286269680681 	-0.278629437625 	1.63404311405 	0.012587680666 	-0.262813871997
2.37 	0.90977443609 	2.09 	1.6306228004 	0.0502428259327 	-0.278775591335 	1.6126314677 	0.0265923511572 	-0.255107384969
2.37 	0.924812030075 	2.09 	1.6306228004 	0.0502428259327 	-0.278775591335 	1.6126314677 	0.0265923511572 	-0.255107384969
2.37 	0.93984962406 	2.09 	1.59013126001 	0.0526204943727 	-0.275473404406 	1.59105360894 	0.0278119554533 	-0.245708790745
2.37 	0.954887218045 	2.09 	1.59013126001 	0.0526204943727 	-0.275473404406 	1.59105360894 	0.0278119554533 	-0.245708790745
2.37 	0.96992481203 	2.09 	1.54847000244 	0.044394825781 	-0.274040813627 	1.57042777009 	0.0224036566536 	-0.235841640662
2.37 	0.984962406015 	2.09 	1.54847000244 	0.044394825781 	-0.274040813627 	1.57042777009 	0.0224036566536 	-0.235841640662
2.37 	1 	2.09 	1.49259242344 	0.0412585275939 	-0.264864584098 	1.5459524886 	0.0231549346077 	-0.227124757584
2.37 	1.01503759398 	2.09 	1.5305691124 	0.0522143049739 	-0.26106081674 	1.55127441432 	0.0319962364707 	-0.227030950493
2.37 	1.03007518797 	2.09 	1.5305691124 	0.0522143049739 	-0.26106081674 	1.55127441432 	0.0319962364707 	-0.227030950493
2.37 	1.04511278195 	2.09 	1.51058990724 	0.0537975885239 	-0.26111679316 	1.54592693437 	0.0348367817081 	-0.222216015393
2.37 	1.06015037594 	2.09 	1.51058990724 	0.0537975885239 	-0.26111679316 	1.54592693437 	0.0348367817081 	-0.222216015393
2.37 	1.07518796992 	2.09 	1.49894187533 	0.0615776161441 	-0.254860288602 	1.53788983226 	0.0358704063645 	-0.215968695291
2.37 	1.09022556391 	2.09 	1.49894187533 	0.0615776161441 	-0.254860288602 	1.53788983226 	0.0358704063645 	-0.215968695291
2.37 	1.10526315789 	2.09 	1.4770353484 	0.0561810908953 	-0.251375490242 	1.51636691449 	0.0350709597777 	-0.214293147523
2.37 	1.12030075188 	2.09 	1.4770353484 	0.0561810908953 	-0.251375490242 	1.51636691449 	0.0350709597777 	-0.214293147523
2.37 	1.13533834586 	2.09 	1.5220584607 	0.0615339088986 	-0.244763434278 	1.54826518714 	0.0393799501225 	-0.207343973199
2.37 	1.15037593985 	2.09 	1.5220584607 	0.0615339088986 	-0.244763434278 	1.54826518714 	0.0393799501225 	-0.207343973199
2.37 	1.16541353383 	2.09 	1.55912663901 	0.0680666712139 	-0.226026653165 	1.55889795078 	0.0384496626498 	-0.198385000438
2.37 	1.18045112782 	2.09 	1.55912663901 	0.0680666712139 	-0.226026653165 	1.55889795078 	0.0384496626498 	-0.198385000438
2.37 	1.1954887218 	2.09 	1.58001759501 	0.0656238684432 	-0.233673340307 	1.58435555881 	0.0375057818469 	-0.201386529512
2.37 	1.21052631579 	2.09 	1.58001759501 	0.0656238684432 	-0.233673340307 	1.58435555881 	0.0375057818469 	-0.201386529512
2.37 	1.22556390977 	2.09 	1.60932722453 	0.075729796977 	-0.242458026903 	1.66032472241 	0.0401650827306 	-0.204143974828
2.37 	1.24060150376 	2.09 	1.60932722453 	0.075729796977 	-0.242458026903 	1.66032472241 	0.0401650827306 	-0.204143974828
2.37 	1.25563909774 	2.09 	1.73339926439 	0.0847340156916 	-0.248590337768 	1.72416531142 	0.0438570846668 	-0.186644303866
2.37 	1.27067669173 	2.09 	1.73339926439 	0.0847340156916 	-0.248590337768 	1.72416531142 	0.0438570846668 	-0.186644303866
2.37 	1.28571428571 	2.09 	1.72728375587 	0.083824711208 	-0.216375924979 	1.67350598589 	0.0478450970329 	-0.166460065436
2.37 	1.3007518797 	2.09 	1.72728375587 	0.083824711208 	-0.216375924979 	1.67350598589 	0.0478450970329 	-0.166460065436
2.37 	1.31578947368 	2.09 	1.61843144194 	0.0827822640247 	-0.198882756984 	1.74125224684 	0.0476813887108 	-0.164807789598
2.37 	1.33082706767 	2.09 	1.61843144194 	0.0827822640247 	-0.198882756984 	1.74125224684 	0.0476813887108 	-0.164807789598
2.37 	1.34586466165 	2.09 	1.81398169634 	0.0838804458749 	-0.208355577566 	2.15443552139 	0.0539147536094 	-0.156785973069
2.37 	1.36090225564 	2.09 	1.81398169634 	0.0838804458749 	-0.208355577566 	2.15443552139 	0.0539147536094 	-0.156785973069
2.37 	1.37593984962 	2.09 	2.45824723559 	0.100749970635 	-0.248126900895 	2.79897755054 	0.0733467837312 	-0.136375348783
2.37 	1.39097744361 	2.09 	2.45824723559 	0.100749970635 	-0.248126900895 	2.79897755054 	0.0733467837312 	-0.136375348783
2.37 	1.40601503759 	2.09 	2.45824723559 	0.100749970635 	-0.248126900895 	2.79897755054 	0.0733467837312 	-0.136375348783
2.37 	1.42105263158 	2.09 	3.12734690815 	0.120187683583 	-0.179931241844 	3.37339550108 	0.0886190651548 	-0.115690010292
2.37 	1.43609022556 	2.09 	3.12734690815 	0.120187683583 	-0.179931241844 	3.37339550108 	0.0886190651548 	-0.115690010292
2.37 	1.45112781955 	2.09 	3.62403850645 	0.107157464544 	-0.162642596651 	3.76335642889 	0.0999933493267 	-0.105083297124
2.37 	1.46616541353 	2.09 	3.62403850645 	0.107157464544 	-0.162642596651 	3.76335642889 	0.0999933493267 	-0.105083297124
2.37 	1.48120300752 	2.09 	3.99228920005 	0.153415405028 	-0.157318169572 	3.97844826819 	0.104365106529 	-0.0987295880604
2.37 	1.4962406015 	2.09 	3.99228920005 	0.153415405028 	-0.157318169572 	3.97844826819 	0.104365106529 	-0.0987295880604
2.37 	1.51127819549 	2.09 	4.12333786834 	0.135554038896 	-0.159958640312 	4.05893591709 	0.106985321907 	-0.0980958053415
2.37 	1.52631578947 	2.09 	4.12333786834 	0.135554038896 	-0.159958640312 	4.05893591709 	0.106985321907 	-0.0980958053415
2.37 	1.54135338346 	2.09 	4.15687982649 	0.115342049784 	-0.149920613622 	4.1019461934 	0.103659115021 	-0.0919145469242
2.37 	1.55639097744 	2.09 	4.15687982649 	0.115342049784 	-0.149920613622 	4.1019461934 	0.103659115021 	-0.0919145469242
2.37 	1.57142857143 	2.09 	4.15697861252 	0.107811345096 	-0.151224311584 	4.11674538014 	0.0970185574224 	-0.0891174654463
2.37 	1.58646616541 	2.09 	4.15697861252 	0.107811345096 	-0.151224311584 	4.11674538014 	0.0970185574224 	-0.0891174654463
2.37 	1.6015037594 	2.09 	4.16435021946 	0.108966801516 	-0.137055066032 	4.12699157211 	0.0998427086953 	-0.0803933607696
2.37 	1.61654135338 	2.09 	4.16435021946 	0.108966801516 	-0.137055066032 	4.12699157211 	0.0998427086953 	-0.0803933607696
2.37 	1.63157894737 	2.09 	4.15598657774 	0.111150318464 	-0.13246087244 	4.12343654029 	0.0961857166577 	-0.0798156027368
2.37 	1.64661654135 	2.09 	4.15598657774 	0.111150318464 	-0.13246087244 	4.12343654029 	0.0961857166577 	-0.0798156027368
2.37 	1.66165413534 	2.09 	4.16078353919 	0.114849523096 	-0.129535885434 	4.11713567716 	0.0966681964165 	-0.075786398634
2.37 	1.67669172932 	2.09 	4.16078353919 	0.114849523096 	-0.129535885434 	4.11713567716 	0.0966681964165 	-0.075786398634
2.37 	1.69172932331 	2.09 	4.15708948118 	0.119162539531 	-0.12097258829 	4.12253513403 	0.096465365337 	-0.0717870617675
2.37 	1.70676691729 	2.09 	4.15708948118 	0.119162539531 	-0.12097258829 	4.12253513403 	0.096465365337 	-0.0717870617675
2.37 	1.72180451128 	2.09 	4.15161491704 	0.114455253317 	-0.110045499677 	4.13013071057 	0.0907006402032 	-0.063975480612
2.37 	1.73684210526 	2.09 	4.15161491704 	0.114455253317 	-0.110045499677 	4.13013071057 	0.0907006402032 	-0.063975480612
2.37 	1.75187969925 	2.09 	4.16219351348 	0.118638217045 	-0.0847860985199 	4.12493263863 	0.0953720261504 	-0.0557462684638
2.37 	1.76691729323 	2.09 	4.16219351348 	0.118638217045 	-0.0847860985199 	4.12493263863 	0.0953720261504 	-0.0557462684638
2.37 	1.78195488722 	2.09 	4.16219351348 	0.118638217045 	-0.0847860985199 	4.12493263863 	0.0953720261504 	-0.0557462684638
2.37 	1.7969924812 	2.09 	4.16219351348 	0.118638217045 	-0.0847860985199 	4.12493263863 	0.0953720261504 	-0.0557462684638
2.37 	1.81203007519 	2.09 	4.16219351348 	0.118638217045 	-0.0847860985199 	4.12493263863 	0.0953720261504 	-0.0557462684638
2.37 	1.82706766917 	2.09 	4.1400102323 	0.0902823683897 	-0.0564847193085 	4.12943638317 	0.0914186255464 	-0.0455436473962
2.37 	1.84210526316 	2.09 	4.1400102323 	0.0902823683897 	-0.0564847193085 	4.12943638317 	0.0914186255464 	-0.0455436473962
2.37 	1.85714285714 	2.09 	4.1400102323 	0.0902823683897 	-0.0564847193085 	4.12943638317 	0.0914186255464 	-0.0455436473962
2.37 	1.87218045113 	2.09 	4.1400102323 	0.0902823683897 	-0.0564847193085 	4.12943638317 	0.0914186255464 	-0.0455436473962
2.37 	1.88721804511 	2.09 	4.13322416588 	0.0967226396422 	-0.0743887566377 	4.11356696077 	0.087695592927 	-0.0470670607848
2.37 	1.9022556391 	2.09 	4.13322416588 	0.0967226396422 	-0.0743887566377 	4.11356696077 	0.087695592927 	-0.0470670607848
2.37 	1.91729323308 	2.09 	4.13322416588 	0.0967226396422 	-0.0743887566377 	4.11356696077 	0.087695592927 	-0.0470670607848
2.37 	1.93233082707 	2.09 	4.13322416588 	0.0967226396422 	-0.0743887566377 	4.11356696077 	0.087695592927 	-0.0470670607848
2.37 	1.94736842105 	2.09 	4.11791286353 	0.0825179409065 	-0.0856333142551 	4.08895845675 	0.0867024596033 	-0.0558123551566
2.37 	1.96240601504 	2.09 	4.11791286353 	0.0825179409065 	-0.0856333142551 	4.08895845675 	0.0867024596033 	-0.0558123551566
2.37 	1.97744360902 	2.09 	4.11791286353 	0.0825179409065 	-0.0856333142551 	4.08895845675 	0.0867024596033 	-0.0558123551566
2.37 	1.99248120301 	2.09 	4.11791286353 	0.0825179409065 	-0.0856333142551 	4.08895845675 	0.0867024596033 	-0.0558123551566
2.37 	2.00751879699 	2.09 	4.10621915175 	0.0849245329139 	-0.0889658318711 	4.07108725173 	0.083591612537 	-0.0592659819075
2.37 	2.02255639098 	2.09 	4.10621915175 	0.0849245329139 	-0.0889658318711 	4.07108725173 	0.083591612537 	-0.0592659819075
2.37 	2.03759398496 	2.09 	4.10621915175 	0.0849245329139 	-0.0889658318711 	4.07108725173 	0.083591612537 	-0.0592659819075
2.37 	2.05263157895 	2.09 	4.10621915175 	0.0849245329139 	-0.0889658318711 	4.07108725173 	0.083591612537 	-0.0592659819075
2.37 	2.06766917293 	2.09 	4.08993713547 	0.0883091413441 	-0.0793836831521 	4.05941220518 	0.0820946364655 	-0.0615802534386
2.37 	2.08270676692 	2.09 	4.08993713547 	0.0883091413441 	-0.0793836831521 	4.05941220518 	0.0820946364655 	-0.0615802534386
2.37 	2.0977443609 	2.09 	4.08993713547 	0.0883091413441 	-0.0793836831521 	4.05941220518 	0.0820946364655 	-0.0615802534386
2.37 	2.11278195489 	2.09 	4.08993713547 	0.0883091413441 	-0.0793836831521 	4.05941220518 	0.0820946364655 	-0.0615802534386
2.37 	2.12781954887 	2.09 	4.09575295479 	0.0873803377635 	-0.079910628106 	4.06166007988 	0.0792777151578 	-0.0613441355002
2.37 	2.14285714286 	2.09 	4.09575295479 	0.0873803377635 	-0.079910628106 	4.06166007988 	0.0792777151578 	-0.0613441355002
2.37 	2.15789473684 	2.09 	4.09575295479 	0.0873803377635 	-0.079910628106 	4.06166007988 	0.0792777151578 	-0.0613441355002
2.37 	2.17293233083 	2.09 	4.09575295479 	0.0873803377635 	-0.079910628106 	4.06166007988 	0.0792777151578 	-0.0613441355002
2.37 	2.18796992481 	2.09 	4.10629144453 	0.0714833076147 	-0.0797795274831 	4.05625456315 	0.0661466956954 	-0.0655185298345
2.37 	2.2030075188 	2.09 	4.10629144453 	0.0714833076147 	-0.0797795274831 	4.05625456315 	0.0661466956954 	-0.0655185298345
2.37 	2.21804511278 	2.09 	4.10629144453 	0.0714833076147 	-0.0797795274831 	4.05625456315 	0.0661466956954 	-0.0655185298345
2.37 	2.23308270677 	2.09 	4.10629144453 	0.0714833076147 	-0.0797795274831 	4.05625456315 	0.0661466956954 	-0.0655185298345
2.37 	2.24812030075 	2.09 	4.10629144453 	0.0714833076147 	-0.0797795274831 	4.05625456315 	0.0661466956954 	-0.0655185298345
2.37 	2.26315789474 	2.09 	4.05595458445 	0.073525176696 	-0.0940287905578 	4.04871456913 	0.076690532068 	-0.0591643523745
2.37 	2.27819548872 	2.09 	4.05595458445 	0.073525176696 	-0.0940287905578 	4.04871456913 	0.076690532068 	-0.0591643523745
2.37 	2.29323308271 	2.09 	4.05595458445 	0.073525176696 	-0.0940287905578 	4.04871456913 	0.076690532068 	-0.0591643523745
2.37 	2.30827067669 	2.09 	4.05595458445 	0.073525176696 	-0.0940287905578 	4.04871456913 	0.076690532068 	-0.0591643523745
2.37 	2.32330827068 	2.09 	4.05595458445 	0.073525176696 	-0.0940287905578 	4.04871456913 	0.076690532068 	-0.0591643523745
2.37 	2.33834586466 	2.09 	4.05595458445 	0.073525176696 	-0.0940287905578 	4.04871456913 	0.076690532068 	-0.0591643523745
2.37 	2.35338345865 	2.09 	4.05595458445 	0.073525176696 	-0.0940287905578 	4.04871456913 	0.076690532068 	-0.0591643523745
2.37 	2.36842105263 	2.09 	4.05595458445 	0.073525176696 	-0.0940287905578 	4.04871456913 	0.076690532068 	-0.0591643523745
2.37 	2.38345864662 	2.09 	4.05373232852 	0.108098954303 	-0.0752070427644 	4.04137744519 	0.0727558752858 	-0.0494192667785
2.37 	2.3984962406 	2.09 	4.05373232852 	0.108098954303 	-0.0752070427644 	4.04137744519 	0.0727558752858 	-0.0494192667785
2.37 	2.41353383459 	2.09 	4.05373232852 	0.108098954303 	-0.0752070427644 	4.04137744519 	0.0727558752858 	-0.0494192667785
2.37 	2.42857142857 	2.09 	4.05373232852 	0.108098954303 	-0.0752070427644 	4.04137744519 	0.0727558752858 	-0.0494192667785
2.37 	2.44360902256 	2.09 	4.05373232852 	0.108098954303 	-0.0752070427644 	4.04137744519 	0.0727558752858 	-0.0494192667785
2.37 	2.45864661654 	2.09 	4.05373232852 	0.108098954303 	-0.0752070427644 	4.04137744519 	0.0727558752858 	-0.0494192667785
2.37 	2.47368421053 	2.09 	4.05373232852 	0.108098954303 	-0.0752070427644 	4.04137744519 	0.0727558752858 	-0.0494192667785
2.37 	2.48872180451 	2.09 	4.05373232852 	0.108098954303 	-0.0752070427644 	4.04137744519 	0.0727558752858 	-0.0494192667785
2.37 	2.5037593985 	2.09 	4.09578447138 	0.0700957744283 	-0.0860656542605 	4.06239886931 	0.070796516386 	-0.0362279662338
2.37 	2.51879699248 	2.09 	4.09578447138 	0.0700957744283 	-0.0860656542605 	4.06239886931 	0.070796516386 	-0.0362279662338
2.37 	2.53383458647 	2.09 	4.09578447138 	0.0700957744283 	-0.0860656542605 	4.06239886931 	0.070796516386 	-0.0362279662338
2.37 	2.54887218045 	2.09 	4.09578447138 	0.0700957744283 	-0.0860656542605 	4.06239886931 	0.070796516386 	-0.0362279662338
2.37 	2.56390977444 	2.09 	4.09578447138 	0.0700957744283 	-0.0860656542605 	4.06239886931 	0.070796516386 	-0.0362279662338
2.37 	2.57894736842 	2.09 	4.09578447138 	0.0700957744283 	-0.0860656542605 	4.06239886931 	0.070796516386 	-0.0362279662338
2.37 	2.59398496241 	2.09 	4.09578447138 	0.0700957744283 	-0.0860656542605 	4.06239886931 	0.070796516386 	-0.0362279662338
2.37 	2.60902255639 	2.09 	4.09578447138 	0.0700957744283 	-0.0860656542605 	4.06239886931 	0.070796516386 	-0.0362279662338
2.37 	2.62406015038 	2.09 	4.09578447138 	0.0700957744283 	-0.0860656542605 	4.06239886931 	0.070796516386 	-0.0362279662338
2.37 	2.63909774436 	2.09 	4.16117539686 	0.0784240754652 	-0.0411613097941 	4.09224576677 	0.0666835564845 	-0.0142977326801
2.37 	2.65413533835 	2.09 	4.16117539686 	0.0784240754652 	-0.0411613097941 	4.09224576677 	0.0666835564845 	-0.0142977326801
2.37 	2.66917293233 	2.09 	4.16117539686 	0.0784240754652 	-0.0411613097941 	4.09224576677 	0.0666835564845 	-0.0142977326801
2.37 	2.68421052632 	2.09 	4.16117539686 	0.0784240754652 	-0.0411613097941 	4.09224576677 	0.0666835564845 	-0.0142977326801
2.37 	2.6992481203 	2.09 	4.16117539686 	0.0784240754652 	-0.0411613097941 	4.09224576677 	0.0666835564845 	-0.0142977326801
2.37 	2.71428571429 	2.09 	4.16117539686 	0.0784240754652 	-0.0411613097941 	4.09224576677 	0.0666835564845 	-0.0142977326801
2.37 	2.72932330827 	2.09 	4.16117539686 	0.0784240754652 	-0.0411613097941 	4.09224576677 	0.0666835564845 	-0.0142977326801
2.37 	2.74436090226 	2.09 	4.16117539686 	0.0784240754652 	-0.0411613097941 	4.09224576677 	0.0666835564845 	-0.0142977326801
2.37 	2.75939849624 	2.09 	4.10861436069 	0.0688922575615 	-0.0423324454456 	4.05338137431 	0.0644307061187 	-0.0237155109586
2.37 	2.77443609023 	2.09 	4.10861436069 	0.0688922575615 	-0.0423324454456 	4.05338137431 	0.0644307061187 	-0.0237155109586
2.37 	2.78947368421 	2.09 	4.10861436069 	0.0688922575615 	-0.0423324454456 	4.05338137431 	0.0644307061187 	-0.0237155109586
2.37 	2.8045112782 	2.09 	4.10861436069 	0.0688922575615 	-0.0423324454456 	4.05338137431 	0.0644307061187 	-0.0237155109586
2.37 	2.81954887218 	2.09 	4.10861436069 	0.0688922575615 	-0.0423324454456 	4.05338137431 	0.0644307061187 	-0.0237155109586
2.37 	2.83458646617 	2.09 	4.10861436069 	0.0688922575615 	-0.0423324454456 	4.05338137431 	0.0644307061187 	-0.0237155109586
2.37 	2.84962406015 	2.09 	4.10861436069 	0.0688922575615 	-0.0423324454456 	4.05338137431 	0.0644307061187 	-0.0237155109586
2.37 	2.86466165414 	2.09 	4.10861436069 	0.0688922575615 	-0.0423324454456 	4.05338137431 	0.0644307061187 	-0.0237155109586
2.37 	2.87969924812 	2.09 	4.04248295393 	0.0979738078288 	-0.0668906108253 	4.02178484036 	0.0855886259665 	-0.0384955611629
2.37 	2.89473684211 	2.09 	4.04248295393 	0.0979738078288 	-0.0668906108253 	4.02178484036 	0.0855886259665 	-0.0384955611629
2.37 	2.90977443609 	2.09 	4.04248295393 	0.0979738078288 	-0.0668906108253 	4.02178484036 	0.0855886259665 	-0.0384955611629
2.37 	2.92481203008 	2.09 	4.04248295393 	0.0979738078288 	-0.0668906108253 	4.02178484036 	0.0855886259665 	-0.0384955611629
2.37 	2.93984962406 	2.09 	4.04248295393 	0.0979738078288 	-0.0668906108253 	4.02178484036 	0.0855886259665 	-0.0384955611629
2.37 	2.95488721805 	2.09 	4.04248295393 	0.0979738078288 	-0.0668906108253 	4.02178484036 	0.0855886259665 	-0.0384955611629
2.37 	2.96992481203 	2.09 	4.04248295393 	0.0979738078288 	-0.0668906108253 	4.02178484036 	0.0855886259665 	-0.0384955611629
2.37 	2.98496240602 	2.09 	4.04248295393 	0.0979738078288 	-0.0668906108253 	4.02178484036 	0.0855886259665 	-0.0384955611629
2.37 	3 	2.09 	4.03875288921 	0.0722472229799 	-0.0679027305765 	4.01113316897 	0.0581849514052 	-0.0428304444431
