9.48 	0 	3.7 	0.309071383285 	-0.0312282073014 	0.0569916443489 	0.134300013535 	-0.00752005541414 	0.0521413921006
9.48 	0 	3.69097744361 	0.309071383285 	-0.0312282073014 	0.0569916443489 	0.134300013535 	-0.00752005541414 	0.0521413921006
9.48 	0 	3.68195488722 	0.309071383285 	-0.0312282073014 	0.0569916443489 	0.134300013535 	-0.00752005541414 	0.0521413921006
9.48 	0 	3.67293233083 	0.331113818486 	-0.00866260413621 	0.0536215787962 	0.160408889688 	0.00270932830341 	0.0641595142046
9.48 	0 	3.66390977444 	0.331113818486 	-0.00866260413621 	0.0536215787962 	0.160408889688 	0.00270932830341 	0.0641595142046
9.48 	0 	3.65488721805 	0.331113818486 	-0.00866260413621 	0.0536215787962 	0.160408889688 	0.00270932830341 	0.0641595142046
9.48 	0 	3.64586466165 	0.331113818486 	-0.00866260413621 	0.0536215787962 	0.160408889688 	0.00270932830341 	0.0641595142046
9.48 	0 	3.63684210526 	0.347520551385 	0.0209277610078 	0.0391603593452 	0.154526332994 	0.0108250558448 	0.0729397359591
9.48 	0 	3.62781954887 	0.347520551385 	0.0209277610078 	0.0391603593452 	0.154526332994 	0.0108250558448 	0.0729397359591
9.48 	0 	3.61879699248 	0.347520551385 	0.0209277610078 	0.0391603593452 	0.154526332994 	0.0108250558448 	0.0729397359591
9.48 	0 	3.60977443609 	0.36491947568 	0.00912969537186 	0.0220132404229 	0.131613203388 	0.00733420722437 	0.0789656526342
9.48 	0 	3.6007518797 	0.36491947568 	0.00912969537186 	0.0220132404229 	0.131613203388 	0.00733420722437 	0.0789656526342
9.48 	0 	3.59172932331 	0.36491947568 	0.00912969537186 	0.0220132404229 	0.131613203388 	0.00733420722437 	0.0789656526342
9.48 	0 	3.58270676692 	0.36491947568 	0.00912969537186 	0.0220132404229 	0.131613203388 	0.00733420722437 	0.0789656526342
9.48 	0 	3.57368421053 	0.375956163522 	0.0121056366717 	-0.00194648952134 	0.110977861136 	0.00176283404872 	0.0835026600104
9.48 	0 	3.56466165414 	0.375956163522 	0.0121056366717 	-0.00194648952134 	0.110977861136 	0.00176283404872 	0.0835026600104
9.48 	0 	3.55563909774 	0.375956163522 	0.0121056366717 	-0.00194648952134 	0.110977861136 	0.00176283404872 	0.0835026600104
9.48 	0 	3.54661654135 	0.352847358235 	-0.00143215682131 	-0.030604748357 	0.103071053533 	0.00421661045125 	0.0982003153393
9.48 	0 	3.53759398496 	0.352847358235 	-0.00143215682131 	-0.030604748357 	0.103071053533 	0.00421661045125 	0.0982003153393
9.48 	0 	3.52857142857 	0.352847358235 	-0.00143215682131 	-0.030604748357 	0.103071053533 	0.00421661045125 	0.0982003153393
9.48 	0 	3.51954887218 	0.352847358235 	-0.00143215682131 	-0.030604748357 	0.103071053533 	0.00421661045125 	0.0982003153393
9.48 	0 	3.51052631579 	0.359897439203 	-0.0182960108672 	-0.0609613834815 	0.10038063132 	0.0118474963824 	0.104829184604
9.48 	0 	3.5015037594 	0.359897439203 	-0.0182960108672 	-0.0609613834815 	0.10038063132 	0.0118474963824 	0.104829184604
9.48 	0 	3.49248120301 	0.359897439203 	-0.0182960108672 	-0.0609613834815 	0.10038063132 	0.0118474963824 	0.104829184604
9.48 	0 	3.48345864662 	0.359897439203 	-0.0182960108672 	-0.0609613834815 	0.10038063132 	0.0118474963824 	0.104829184604
9.48 	0 	3.47443609023 	0.4265406181 	-0.0221697177859 	-0.0950896535627 	0.122502986383 	0.00944630807373 	0.113803212604
9.48 	0 	3.46541353383 	0.4265406181 	-0.0221697177859 	-0.0950896535627 	0.122502986383 	0.00944630807373 	0.113803212604
9.48 	0 	3.45639097744 	0.4265406181 	-0.0221697177859 	-0.0950896535627 	0.122502986383 	0.00944630807373 	0.113803212604
9.48 	0 	3.44736842105 	0.404762193559 	-0.0221968509746 	-0.108729368966 	0.157030427257 	0.0116529352255 	0.129636391988
9.48 	0 	3.43834586466 	0.404762193559 	-0.0221968509746 	-0.108729368966 	0.157030427257 	0.0116529352255 	0.129636391988
9.48 	0 	3.42932330827 	0.404762193559 	-0.0221968509746 	-0.108729368966 	0.157030427257 	0.0116529352255 	0.129636391988
9.48 	0 	3.42030075188 	0.404762193559 	-0.0221968509746 	-0.108729368966 	0.157030427257 	0.0116529352255 	0.129636391988
9.48 	0 	3.41127819549 	0.334803004906 	-0.0170980187671 	-0.112363466983 	0.188885690992 	0.0118421179655 	0.152229572768
9.48 	0 	3.4022556391 	0.334803004906 	-0.0170980187671 	-0.112363466983 	0.188885690992 	0.0118421179655 	0.152229572768
9.48 	0 	3.39323308271 	0.334803004906 	-0.0170980187671 	-0.112363466983 	0.188885690992 	0.0118421179655 	0.152229572768
9.48 	0 	3.38421052632 	0.315390633169 	-0.00201657945513 	-0.115656193333 	0.203022557212 	0.00718802960262 	0.178584620862
9.48 	0 	3.37518796992 	0.315390633169 	-0.00201657945513 	-0.115656193333 	0.203022557212 	0.00718802960262 	0.178584620862
9.48 	0 	3.36616541353 	0.315390633169 	-0.00201657945513 	-0.115656193333 	0.203022557212 	0.00718802960262 	0.178584620862
9.48 	0 	3.35714285714 	0.315390633169 	-0.00201657945513 	-0.115656193333 	0.203022557212 	0.00718802960262 	0.178584620862
9.48 	0 	3.34812030075 	0.306466072041 	-0.00074315044149 	-0.113864561902 	0.185166391487 	0.00121175546658 	0.200552627653
9.48 	0 	3.33909774436 	0.306466072041 	-0.00074315044149 	-0.113864561902 	0.185166391487 	0.00121175546658 	0.200552627653
9.48 	0 	3.33007518797 	0.306466072041 	-0.00074315044149 	-0.113864561902 	0.185166391487 	0.00121175546658 	0.200552627653
9.48 	0 	3.32105263158 	0.302161554842 	-0.00889111854614 	-0.106822212681 	0.172132650037 	-0.000741743773186 	0.208624243889
9.48 	0 	3.31203007519 	0.302161554842 	-0.00889111854614 	-0.106822212681 	0.172132650037 	-0.000741743773186 	0.208624243889
9.48 	0 	3.3030075188 	0.302161554842 	-0.00889111854614 	-0.106822212681 	0.172132650037 	-0.000741743773186 	0.208624243889
9.48 	0 	3.29398496241 	0.302161554842 	-0.00889111854614 	-0.106822212681 	0.172132650037 	-0.000741743773186 	0.208624243889
9.48 	0 	3.28496240602 	0.288813585393 	-0.00585399142542 	-0.0994479561584 	0.152072169785 	-0.00298674767445 	0.21265308885
9.48 	0 	3.27593984962 	0.288813585393 	-0.00585399142542 	-0.0994479561584 	0.152072169785 	-0.00298674767445 	0.21265308885
9.48 	0 	3.26691729323 	0.288813585393 	-0.00585399142542 	-0.0994479561584 	0.152072169785 	-0.00298674767445 	0.21265308885
9.48 	0 	3.25789473684 	0.265455366138 	-0.0115611559163 	-0.088173295368 	0.131536659732 	-0.00632201439474 	0.204872380376
9.48 	0 	3.24887218045 	0.265455366138 	-0.0115611559163 	-0.088173295368 	0.131536659732 	-0.00632201439474 	0.204872380376
9.48 	0 	3.23984962406 	0.265455366138 	-0.0115611559163 	-0.088173295368 	0.131536659732 	-0.00632201439474 	0.204872380376
9.48 	0 	3.23082706767 	0.265455366138 	-0.0115611559163 	-0.088173295368 	0.131536659732 	-0.00632201439474 	0.204872380376
9.48 	0 	3.22180451128 	0.240282443489 	-0.0164865101115 	-0.074505571215 	0.107944637792 	-0.00639807070833 	0.198062869935
9.48 	0 	3.21278195489 	0.240282443489 	-0.0164865101115 	-0.074505571215 	0.107944637792 	-0.00639807070833 	0.198062869935
9.48 	0 	3.2037593985 	0.240282443489 	-0.0164865101115 	-0.074505571215 	0.107944637792 	-0.00639807070833 	0.198062869935
9.48 	0 	3.19473684211 	0.204509752985 	-0.0198559642093 	-0.0600635484369 	0.103483933875 	-0.00434205682819 	0.189732392544
9.48 	0 	3.18571428571 	0.204509752985 	-0.0198559642093 	-0.0600635484369 	0.103483933875 	-0.00434205682819 	0.189732392544
9.48 	0 	3.17669172932 	0.204509752985 	-0.0198559642093 	-0.0600635484369 	0.103483933875 	-0.00434205682819 	0.189732392544
9.48 	0 	3.16766917293 	0.204509752985 	-0.0198559642093 	-0.0600635484369 	0.103483933875 	-0.00434205682819 	0.189732392544
9.48 	0 	3.15864661654 	0.180804486398 	-0.0198503755463 	-0.0514726790491 	0.102317036662 	0.00514046448748 	0.177830171188
9.48 	0 	3.14962406015 	0.180804486398 	-0.0198503755463 	-0.0514726790491 	0.102317036662 	0.00514046448748 	0.177830171188
9.48 	0 	3.14060150376 	0.180804486398 	-0.0198503755463 	-0.0514726790491 	0.102317036662 	0.00514046448748 	0.177830171188
9.48 	0 	3.13157894737 	0.170344678192 	-0.0233335552374 	-0.0420580010148 	0.0975589576355 	0.0158617433747 	0.168078631966
9.48 	0 	3.12255639098 	0.170344678192 	-0.0233335552374 	-0.0420580010148 	0.0975589576355 	0.0158617433747 	0.168078631966
9.48 	0 	3.11353383459 	0.170344678192 	-0.0233335552374 	-0.0420580010148 	0.0975589576355 	0.0158617433747 	0.168078631966
9.48 	0 	3.1045112782 	0.170344678192 	-0.0233335552374 	-0.0420580010148 	0.0975589576355 	0.0158617433747 	0.168078631966
9.48 	0 	3.0954887218 	0.141081254094 	-0.0233766976083 	-0.0276156340988 	0.0980216101904 	0.0196384202201 	0.154539279426
9.48 	0 	3.08646616541 	0.141081254094 	-0.0233766976083 	-0.0276156340988 	0.0980216101904 	0.0196384202201 	0.154539279426
9.48 	0 	3.07744360902 	0.141081254094 	-0.0233766976083 	-0.0276156340988 	0.0980216101904 	0.0196384202201 	0.154539279426
9.48 	0 	3.06842105263 	0.112047473551 	-0.0120987123381 	-0.0179461049538 	0.0821201388956 	0.0198666541488 	0.132077165408
9.48 	0 	3.05939849624 	0.112047473551 	-0.0120987123381 	-0.0179461049538 	0.0821201388956 	0.0198666541488 	0.132077165408
9.48 	0 	3.05037593985 	0.112047473551 	-0.0120987123381 	-0.0179461049538 	0.0821201388956 	0.0198666541488 	0.132077165408
9.48 	0 	3.04135338346 	0.112047473551 	-0.0120987123381 	-0.0179461049538 	0.0821201388956 	0.0198666541488 	0.132077165408
9.48 	0 	3.03233082707 	0.0971294112977 	-0.00667376231885 	-0.0144445204284 	0.0648712084194 	0.0102678489355 	0.120306843421
9.48 	0 	3.02330827068 	0.0971294112977 	-0.00667376231885 	-0.0144445204284 	0.0648712084194 	0.0102678489355 	0.120306843421
9.48 	0 	3.01428571429 	0.0971294112977 	-0.00667376231885 	-0.0144445204284 	0.0648712084194 	0.0102678489355 	0.120306843421
9.48 	0 	3.00526315789 	0.086475085453 	-0.00694755070409 	-0.0153137694161 	0.0634672455149 	0.0067870675671 	0.104745235592
9.48 	0 	2.9962406015 	0.086475085453 	-0.00694755070409 	-0.0153137694161 	0.0634672455149 	0.0067870675671 	0.104745235592
9.48 	0 	2.98721804511 	0.086475085453 	-0.00694755070409 	-0.0153137694161 	0.0634672455149 	0.0067870675671 	0.104745235592
9.48 	0 	2.97819548872 	0.086475085453 	-0.00694755070409 	-0.0153137694161 	0.0634672455149 	0.0067870675671 	0.104745235592
9.48 	0 	2.96917293233 	0.0764532940112 	-0.00126313399133 	-0.0084686081923 	0.0698468108733 	0.00563842280952 	0.102485956608
9.48 	0 	2.96015037594 	0.0764532940112 	-0.00126313399133 	-0.0084686081923 	0.0698468108733 	0.00563842280952 	0.102485956608
9.48 	0 	2.95112781955 	0.0764532940112 	-0.00126313399133 	-0.0084686081923 	0.0698468108733 	0.00563842280952 	0.102485956608
9.48 	0 	2.94210526316 	0.0671473217357 	0.00518373535917 	-0.0041223412111 	0.0620930253557 	-0.000663434530976 	0.0975075917648
9.48 	0 	2.93308270677 	0.0671473217357 	0.00518373535917 	-0.0041223412111 	0.0620930253557 	-0.000663434530976 	0.0975075917648
9.48 	0 	2.92406015038 	0.0671473217357 	0.00518373535917 	-0.0041223412111 	0.0620930253557 	-0.000663434530976 	0.0975075917648
9.48 	0 	2.91503759398 	0.0671473217357 	0.00518373535917 	-0.0041223412111 	0.0620930253557 	-0.000663434530976 	0.0975075917648
9.48 	0 	2.90601503759 	0.0647878693497 	0.00759786697024 	-0.00325428620613 	0.0628155777992 	-0.00442700179624 	0.0988612800808
9.48 	0 	2.8969924812 	0.0647878693497 	0.00759786697024 	-0.00325428620613 	0.0628155777992 	-0.00442700179624 	0.0988612800808
9.48 	0 	2.88796992481 	0.0647878693497 	0.00759786697024 	-0.00325428620613 	0.0628155777992 	-0.00442700179624 	0.0988612800808
9.48 	0 	2.87894736842 	0.0588928670303 	0.00685426229523 	-1.70921928753e-05 	0.0592311180239 	-0.0021810893929 	0.0992116620144
9.48 	0 	2.86992481203 	0.0588928670303 	0.00685426229523 	-1.70921928753e-05 	0.0592311180239 	-0.0021810893929 	0.0992116620144
9.48 	0 	2.86090225564 	0.0588928670303 	0.00685426229523 	-1.70921928753e-05 	0.0592311180239 	-0.0021810893929 	0.0992116620144
9.48 	0 	2.85187969925 	0.0588928670303 	0.00685426229523 	-1.70921928753e-05 	0.0592311180239 	-0.0021810893929 	0.0992116620144
9.48 	0 	2.84285714286 	0.0544439764106 	0.00101441937367 	0.00322058389293 	0.0569533580794 	0.00179531895019 	0.0933702501797
9.48 	0 	2.83383458647 	0.0544439764106 	0.00101441937367 	0.00322058389293 	0.0569533580794 	0.00179531895019 	0.0933702501797
9.48 	0 	2.82481203008 	0.0544439764106 	0.00101441937367 	0.00322058389293 	0.0569533580794 	0.00179531895019 	0.0933702501797
9.48 	0 	2.81578947368 	0.0523668138947 	0.00308132159324 	0.00276635845714 	0.0595415194514 	0.0039212762537 	0.0871379304029
9.48 	0 	2.80676691729 	0.0523668138947 	0.00308132159324 	0.00276635845714 	0.0595415194514 	0.0039212762537 	0.0871379304029
9.48 	0 	2.7977443609 	0.0523668138947 	0.00308132159324 	0.00276635845714 	0.0595415194514 	0.0039212762537 	0.0871379304029
9.48 	0 	2.78872180451 	0.0523668138947 	0.00308132159324 	0.00276635845714 	0.0595415194514 	0.0039212762537 	0.0871379304029
9.48 	0 	2.77969924812 	0.0553226020968 	0.00731290917531 	0.00628182537846 	0.0644627716372 	0.00693129068017 	0.0857328579768
9.48 	0 	2.77067669173 	0.0553226020968 	0.00731290917531 	0.00628182537846 	0.0644627716372 	0.00693129068017 	0.0857328579768
9.48 	0 	2.76165413534 	0.0553226020968 	0.00731290917531 	0.00628182537846 	0.0644627716372 	0.00693129068017 	0.0857328579768
9.48 	0 	2.75263157895 	0.0543208672091 	0.00650431570014 	0.00708875429408 	0.0684983249036 	0.00698500696943 	0.0857517785416
9.48 	0 	2.74360902256 	0.0543208672091 	0.00650431570014 	0.00708875429408 	0.0684983249036 	0.00698500696943 	0.0857517785416
9.48 	0 	2.73458646617 	0.0543208672091 	0.00650431570014 	0.00708875429408 	0.0684983249036 	0.00698500696943 	0.0857517785416
9.48 	0 	2.72556390977 	0.0543208672091 	0.00650431570014 	0.00708875429408 	0.0684983249036 	0.00698500696943 	0.0857517785416
9.48 	0 	2.71654135338 	0.0560112993456 	0.00744430078075 	0.00817311022806 	0.0700038066521 	0.00352748693528 	0.0852121690578
9.48 	0 	2.70751879699 	0.0560112993456 	0.00744430078075 	0.00817311022806 	0.0700038066521 	0.00352748693528 	0.0852121690578
9.48 	0 	2.6984962406 	0.0560112993456 	0.00744430078075 	0.00817311022806 	0.0700038066521 	0.00352748693528 	0.0852121690578
9.48 	0 	2.68947368421 	0.0577952650267 	0.00609223600851 	0.00736591362694 	0.0665445082484 	0.00118642115235 	0.0867707234205
9.48 	0 	2.68045112782 	0.0577952650267 	0.00609223600851 	0.00736591362694 	0.0665445082484 	0.00118642115235 	0.0867707234205
9.48 	0 	2.67142857143 	0.0577952650267 	0.00609223600851 	0.00736591362694 	0.0665445082484 	0.00118642115235 	0.0867707234205
9.48 	0 	2.66240601504 	0.0577952650267 	0.00609223600851 	0.00736591362694 	0.0665445082484 	0.00118642115235 	0.0867707234205
9.48 	0 	2.65338345865 	0.0658113147562 	0.00572855762991 	0.00654261706176 	0.0639436515769 	0.00207124524334 	0.0879426730835
9.48 	0 	2.64436090226 	0.0658113147562 	0.00572855762991 	0.00654261706176 	0.0639436515769 	0.00207124524334 	0.0879426730835
9.48 	0 	2.63533834586 	0.0658113147562 	0.00572855762991 	0.00654261706176 	0.0639436515769 	0.00207124524334 	0.0879426730835
9.48 	0 	2.62631578947 	0.07063265745 	0.00110840322452 	0.00607922047161 	0.0650538528897 	0.0034554966378 	0.0913684061152
9.48 	0 	2.61729323308 	0.07063265745 	0.00110840322452 	0.00607922047161 	0.0650538528897 	0.0034554966378 	0.0913684061152
9.48 	0 	2.60827067669 	0.07063265745 	0.00110840322452 	0.00607922047161 	0.0650538528897 	0.0034554966378 	0.0913684061152
9.48 	0 	2.5992481203 	0.07063265745 	0.00110840322452 	0.00607922047161 	0.0650538528897 	0.0034554966378 	0.0913684061152
9.48 	0 	2.59022556391 	0.0739795840286 	-0.00280970985604 	0.00985373868654 	0.0722899823604 	0.00598101581688 	0.0981868958819
9.48 	0 	2.58120300752 	0.0739795840286 	-0.00280970985604 	0.00985373868654 	0.0722899823604 	0.00598101581688 	0.0981868958819
9.48 	0 	2.57218045113 	0.0739795840286 	-0.00280970985604 	0.00985373868654 	0.0722899823604 	0.00598101581688 	0.0981868958819
9.48 	0 	2.56315789474 	0.074819305901 	-0.00461892188263 	0.011557637254 	0.0818062293997 	0.00505105337326 	0.0993374863888
9.48 	0 	2.55413533835 	0.074819305901 	-0.00461892188263 	0.011557637254 	0.0818062293997 	0.00505105337326 	0.0993374863888
9.48 	0 	2.54511278195 	0.074819305901 	-0.00461892188263 	0.011557637254 	0.0818062293997 	0.00505105337326 	0.0993374863888
9.48 	0 	2.53609022556 	0.074819305901 	-0.00461892188263 	0.011557637254 	0.0818062293997 	0.00505105337326 	0.0993374863888
9.48 	0 	2.52706766917 	0.0752050870729 	-0.0059145036591 	0.00849316634318 	0.0983182350265 	0.00526884868118 	0.0948803878907
9.48 	0 	2.51804511278 	0.0752050870729 	-0.0059145036591 	0.00849316634318 	0.0983182350265 	0.00526884868118 	0.0948803878907
9.48 	0 	2.50902255639 	0.0752050870729 	-0.0059145036591 	0.00849316634318 	0.0983182350265 	0.00526884868118 	0.0948803878907
9.48 	0 	2.5 	0.0867745624176 	-0.00622694441042 	0.00262445241608 	0.10563555972 	0.00427455961151 	0.0952074384374
9.48 	0 	2.49097744361 	0.0867745624176 	-0.00622694441042 	0.00262445241608 	0.10563555972 	0.00427455961151 	0.0952074384374
9.48 	0 	2.48195488722 	0.0867745624176 	-0.00622694441042 	0.00262445241608 	0.10563555972 	0.00427455961151 	0.0952074384374
9.48 	0 	2.47293233083 	0.0867745624176 	-0.00622694441042 	0.00262445241608 	0.10563555972 	0.00427455961151 	0.0952074384374
9.48 	0 	2.46390977444 	0.0942719015602 	-0.0131142528007 	0.00480752366698 	0.114249489348 	0.00552022304952 	0.0922994956974
9.48 	0 	2.45488721805 	0.0942719015602 	-0.0131142528007 	0.00480752366698 	0.114249489348 	0.00552022304952 	0.0922994956974
9.48 	0 	2.44586466165 	0.0942719015602 	-0.0131142528007 	0.00480752366698 	0.114249489348 	0.00552022304952 	0.0922994956974
9.48 	0 	2.43684210526 	0.0889684778341 	-0.00575711553868 	0.00479060043128 	0.111092889906 	0.00917577567624 	0.0921308725858
9.48 	0 	2.42781954887 	0.0889684778341 	-0.00575711553868 	0.00479060043128 	0.111092889906 	0.00917577567624 	0.0921308725858
9.48 	0 	2.41879699248 	0.0889684778341 	-0.00575711553868 	0.00479060043128 	0.111092889906 	0.00917577567624 	0.0921308725858
9.48 	0 	2.40977443609 	0.0889684778341 	-0.00575711553868 	0.00479060043128 	0.111092889906 	0.00917577567624 	0.0921308725858
9.48 	0 	2.4007518797 	0.0840369667334 	-0.00147702804424 	0.00931059315882 	0.112574880728 	0.00549517937381 	0.0971528321498
9.48 	0 	2.39172932331 	0.0840369667334 	-0.00147702804424 	0.00931059315882 	0.112574880728 	0.00549517937381 	0.0971528321498
9.48 	0 	2.38270676692 	0.0840369667334 	-0.00147702804424 	0.00931059315882 	0.112574880728 	0.00549517937381 	0.0971528321498
9.48 	0 	2.37368421053 	0.0766909651707 	-0.000724160339721 	0.00933983819232 	0.117696752342 	0.0107820390185 	0.0925434222497
9.48 	0 	2.36466165414 	0.0766909651707 	-0.000724160339721 	0.00933983819232 	0.117696752342 	0.0107820390185 	0.0925434222497
9.48 	0 	2.35563909774 	0.0766909651707 	-0.000724160339721 	0.00933983819232 	0.117696752342 	0.0107820390185 	0.0925434222497
9.48 	0 	2.34661654135 	0.0766909651707 	-0.000724160339721 	0.00933983819232 	0.117696752342 	0.0107820390185 	0.0925434222497
9.48 	0 	2.33759398496 	0.0776998905342 	-0.00182140576407 	0.0097844569057 	0.112731773899 	0.013780117915 	0.093824031052
9.48 	0 	2.32857142857 	0.0776998905342 	-0.00182140576407 	0.0097844569057 	0.112731773899 	0.013780117915 	0.093824031052
9.48 	0 	2.31954887218 	0.0776998905342 	-0.00182140576407 	0.0097844569057 	0.112731773899 	0.013780117915 	0.093824031052
9.48 	0 	2.31052631579 	0.0804013414189 	-0.000200847079449 	0.0078588841472 	0.113145122045 	0.0162210820394 	0.0845999936385
9.48 	0 	2.3015037594 	0.0804013414189 	-0.000200847079449 	0.0078588841472 	0.113145122045 	0.0162210820394 	0.0845999936385
9.48 	0 	2.29248120301 	0.0804013414189 	-0.000200847079449 	0.0078588841472 	0.113145122045 	0.0162210820394 	0.0845999936385
9.48 	0 	2.28345864662 	0.0804013414189 	-0.000200847079449 	0.0078588841472 	0.113145122045 	0.0162210820394 	0.0845999936385
9.48 	0 	2.27443609023 	0.0735920284572 	0.00109985530351 	0.011476747776 	0.115570425135 	0.0162333972305 	0.0839445014096
9.48 	0 	2.26541353383 	0.0735920284572 	0.00109985530351 	0.011476747776 	0.115570425135 	0.0162333972305 	0.0839445014096
9.48 	0 	2.25639097744 	0.0735920284572 	0.00109985530351 	0.011476747776 	0.115570425135 	0.0162333972305 	0.0839445014096
9.48 	0 	2.24736842105 	0.075078870359 	0.00336487440462 	0.0105156684471 	0.11537828703 	0.0189884173435 	0.0823884202431
9.48 	0 	2.23834586466 	0.075078870359 	0.00336487440462 	0.0105156684471 	0.11537828703 	0.0189884173435 	0.0823884202431
9.48 	0 	2.22932330827 	0.075078870359 	0.00336487440462 	0.0105156684471 	0.11537828703 	0.0189884173435 	0.0823884202431
9.48 	0 	2.22030075188 	0.075078870359 	0.00336487440462 	0.0105156684471 	0.11537828703 	0.0189884173435 	0.0823884202431
9.48 	0 	2.21127819549 	0.0799333075921 	0.00299847314654 	0.00683125185449 	0.107368801198 	0.0189975793226 	0.078176981997
9.48 	0 	2.2022556391 	0.0799333075921 	0.00299847314654 	0.00683125185449 	0.107368801198 	0.0189975793226 	0.078176981997
9.48 	0 	2.19323308271 	0.0799333075921 	0.00299847314654 	0.00683125185449 	0.107368801198 	0.0189975793226 	0.078176981997
9.48 	0 	2.18421052632 	0.0840987595461 	-0.00222464020663 	0.00307753494687 	0.107515288511 	0.0208217793139 	0.0743398150972
9.48 	0 	2.17518796992 	0.0840987595461 	-0.00222464020663 	0.00307753494687 	0.107515288511 	0.0208217793139 	0.0743398150972
9.48 	0 	2.16616541353 	0.0840987595461 	-0.00222464020663 	0.00307753494687 	0.107515288511 	0.0208217793139 	0.0743398150972
9.48 	0 	2.15714285714 	0.0840987595461 	-0.00222464020663 	0.00307753494687 	0.107515288511 	0.0208217793139 	0.0743398150972
9.48 	0 	2.14812030075 	0.0748489371869 	-0.00482869693449 	0.0029175352357 	0.105711231538 	0.01750442688 	0.0713636024361
9.48 	0 	2.13909774436 	0.0748489371869 	-0.00482869693449 	0.0029175352357 	0.105711231538 	0.01750442688 	0.0713636024361
9.48 	0 	2.13007518797 	0.0748489371869 	-0.00482869693449 	0.0029175352357 	0.105711231538 	0.01750442688 	0.0713636024361
9.48 	0 	2.12105263158 	0.0785440365509 	-0.00106900587238 	0.00159199917473 	0.0998148979909 	0.0149929582251 	0.0688674176079
9.48 	0 	2.11203007519 	0.0785440365509 	-0.00106900587238 	0.00159199917473 	0.0998148979909 	0.0149929582251 	0.0688674176079
9.48 	0 	2.1030075188 	0.0785440365509 	-0.00106900587238 	0.00159199917473 	0.0998148979909 	0.0149929582251 	0.0688674176079
9.48 	0 	2.09398496241 	0.0785440365509 	-0.00106900587238 	0.00159199917473 	0.0998148979909 	0.0149929582251 	0.0688674176079
9.48 	0 	2.08496240602 	0.0805255642216 	0.0036674068612 	-0.000924573245763 	0.111204036788 	0.0129599366847 	0.0680098964323
9.48 	0 	2.07593984962 	0.0805255642216 	0.0036674068612 	-0.000924573245763 	0.111204036788 	0.0129599366847 	0.0680098964323
9.48 	0 	2.06691729323 	0.0805255642216 	0.0036674068612 	-0.000924573245763 	0.111204036788 	0.0129599366847 	0.0680098964323
9.48 	0 	2.05789473684 	0.0789063170518 	0.00164200824205 	-0.00140856811671 	0.116518643836 	0.00899385719413 	0.0699410538006
9.48 	0 	2.04887218045 	0.0789063170518 	0.00164200824205 	-0.00140856811671 	0.116518643836 	0.00899385719413 	0.0699410538006
9.48 	0 	2.03984962406 	0.0789063170518 	0.00164200824205 	-0.00140856811671 	0.116518643836 	0.00899385719413 	0.0699410538006
9.48 	0 	2.03082706767 	0.0789063170518 	0.00164200824205 	-0.00140856811671 	0.116518643836 	0.00899385719413 	0.0699410538006
9.48 	0 	2.02180451128 	0.074440841538 	-0.00183540541406 	-0.00602909551189 	0.117582920877 	0.00483185466305 	0.0725256600546
9.48 	0 	2.01278195489 	0.074440841538 	-0.00183540541406 	-0.00602909551189 	0.117582920877 	0.00483185466305 	0.0725256600546
9.48 	0 	2.0037593985 	0.074440841538 	-0.00183540541406 	-0.00602909551189 	0.117582920877 	0.00483185466305 	0.0725256600546
9.48 	0 	1.99473684211 	0.0777374184016 	0.00526604059051 	-0.00487024783092 	0.11777662372 	0.00526237604266 	0.0728879094429
9.48 	0 	1.98571428571 	0.0777374184016 	0.00526604059051 	-0.00487024783092 	0.11777662372 	0.00526237604266 	0.0728879094429
9.48 	0 	1.97669172932 	0.0777374184016 	0.00526604059051 	-0.00487024783092 	0.11777662372 	0.00526237604266 	0.0728879094429
9.48 	0 	1.96766917293 	0.0777374184016 	0.00526604059051 	-0.00487024783092 	0.11777662372 	0.00526237604266 	0.0728879094429
9.48 	0 	1.95864661654 	0.0819084745555 	0.00609200760131 	-0.00272378502675 	0.119884391684 	0.00298249137474 	0.0774389452448
9.48 	0 	1.94962406015 	0.0819084745555 	0.00609200760131 	-0.00272378502675 	0.119884391684 	0.00298249137474 	0.0774389452448
9.48 	0 	1.94060150376 	0.0819084745555 	0.00609200760131 	-0.00272378502675 	0.119884391684 	0.00298249137474 	0.0774389452448
9.48 	0 	1.93157894737 	0.0828397388797 	0.00279067066634 	-0.00276547507939 	0.123433624032 	0.00154028804861 	0.0813188543503
9.48 	0 	1.92255639098 	0.0828397388797 	0.00279067066634 	-0.00276547507939 	0.123433624032 	0.00154028804861 	0.0813188543503
9.48 	0 	1.91353383459 	0.0828397388797 	0.00279067066634 	-0.00276547507939 	0.123433624032 	0.00154028804861 	0.0813188543503
9.48 	0 	1.9045112782 	0.0828397388797 	0.00279067066634 	-0.00276547507939 	0.123433624032 	0.00154028804861 	0.0813188543503
9.48 	0 	1.8954887218 	0.0801218259633 	-0.00156447892394 	0.0019844998761 	0.11819084046 	0.00115916717845 	0.0869772579353
9.48 	0 	1.88646616541 	0.0801218259633 	-0.00156447892394 	0.0019844998761 	0.11819084046 	0.00115916717845 	0.0869772579353
9.48 	0 	1.87744360902 	0.0801218259633 	-0.00156447892394 	0.0019844998761 	0.11819084046 	0.00115916717845 	0.0869772579353
9.48 	0 	1.86842105263 	0.0801218259633 	-0.00156447892394 	0.0019844998761 	0.11819084046 	0.00115916717845 	0.0869772579353
9.48 	0 	1.85939849624 	0.0818473508339 	-0.00234593452588 	0.00989180166351 	0.117848527423 	0.00409032832864 	0.095550655315
9.48 	0 	1.85037593985 	0.0818473508339 	-0.00234593452588 	0.00989180166351 	0.117848527423 	0.00409032832864 	0.095550655315
9.48 	0 	1.84135338346 	0.0818473508339 	-0.00234593452588 	0.00989180166351 	0.117848527423 	0.00409032832864 	0.095550655315
9.48 	0 	1.83233082707 	0.0776475152568 	-0.003224339829 	0.0125597038136 	0.119397237216 	0.00971596723122 	0.0936799033363
9.48 	0 	1.82330827068 	0.0776475152568 	-0.003224339829 	0.0125597038136 	0.119397237216 	0.00971596723122 	0.0936799033363
9.48 	0 	1.81428571429 	0.0776475152568 	-0.003224339829 	0.0125597038136 	0.119397237216 	0.00971596723122 	0.0936799033363
9.48 	0 	1.80526315789 	0.0776475152568 	-0.003224339829 	0.0125597038136 	0.119397237216 	0.00971596723122 	0.0936799033363
9.48 	0 	1.7962406015 	0.0810308641041 	0.00194665623692 	0.0143647478011 	0.13200612297 	0.0115302207591 	0.0927531329644
9.48 	0 	1.78721804511 	0.0810308641041 	0.00194665623692 	0.0143647478011 	0.13200612297 	0.0115302207591 	0.0927531329644
9.48 	0 	1.77819548872 	0.0810308641041 	0.00194665623692 	0.0143647478011 	0.13200612297 	0.0115302207591 	0.0927531329644
9.48 	0 	1.76917293233 	0.0809156298399 	0.00642466142793 	0.0210085397733 	0.134048318093 	0.0208011525134 	0.100490980763
9.48 	0 	1.76015037594 	0.0809156298399 	0.00642466142793 	0.0210085397733 	0.134048318093 	0.0208011525134 	0.100490980763
9.48 	0 	1.75112781955 	0.0809156298399 	0.00642466142793 	0.0210085397733 	0.134048318093 	0.0208011525134 	0.100490980763
9.48 	0 	1.74210526316 	0.0809156298399 	0.00642466142793 	0.0210085397733 	0.134048318093 	0.0208011525134 	0.100490980763
9.48 	0 	1.73308270677 	0.0787793625438 	0.00991694549019 	0.0194098092617 	0.141134048514 	0.0225048950645 	0.110509038972
9.48 	0 	1.72406015038 	0.0787793625438 	0.00991694549019 	0.0194098092617 	0.141134048514 	0.0225048950645 	0.110509038972
9.48 	0 	1.71503759398 	0.0787793625438 	0.00991694549019 	0.0194098092617 	0.141134048514 	0.0225048950645 	0.110509038972
9.48 	0 	1.70601503759 	0.0893245221 	0.014892680413 	0.0209008064459 	0.148174848844 	0.0255886944148 	0.114851998252
9.48 	0 	1.6969924812 	0.0893245221 	0.014892680413 	0.0209008064459 	0.148174848844 	0.0255886944148 	0.114851998252
9.48 	0 	1.68796992481 	0.0893245221 	0.014892680413 	0.0209008064459 	0.148174848844 	0.0255886944148 	0.114851998252
9.48 	0 	1.67894736842 	0.0893245221 	0.014892680413 	0.0209008064459 	0.148174848844 	0.0255886944148 	0.114851998252
9.48 	0 	1.66992481203 	0.0932076746761 	0.0161810103974 	0.0242761718063 	0.166446369714 	0.0233068670507 	0.119377312982
9.48 	0 	1.66090225564 	0.0932076746761 	0.0161810103974 	0.0242761718063 	0.166446369714 	0.0233068670507 	0.119377312982
9.48 	0 	1.65187969925 	0.0932076746761 	0.0161810103974 	0.0242761718063 	0.166446369714 	0.0233068670507 	0.119377312982
9.48 	0 	1.64285714286 	0.096930369967 	0.0162888171074 	0.0291068663172 	0.170239065415 	0.0215467514451 	0.130377848633
9.48 	0 	1.63383458647 	0.096930369967 	0.0162888171074 	0.0291068663172 	0.170239065415 	0.0215467514451 	0.130377848633
9.48 	0 	1.62481203008 	0.096930369967 	0.0162888171074 	0.0291068663172 	0.170239065415 	0.0215467514451 	0.130377848633
9.48 	0 	1.61578947368 	0.096930369967 	0.0162888171074 	0.0291068663172 	0.170239065415 	0.0215467514451 	0.130377848633
9.48 	0 	1.60676691729 	0.109627109649 	0.018621574713 	0.0383539110538 	0.162202141506 	0.0179610881216 	0.140390909143
9.48 	0 	1.5977443609 	0.109627109649 	0.018621574713 	0.0383539110538 	0.162202141506 	0.0179610881216 	0.140390909143
9.48 	0 	1.58872180451 	0.109627109649 	0.018621574713 	0.0383539110538 	0.162202141506 	0.0179610881216 	0.140390909143
9.48 	0 	1.57969924812 	0.113300855521 	0.0154875724535 	0.0396904201391 	0.166358514011 	0.0160779681937 	0.1427472022
9.48 	0 	1.57067669173 	0.113300855521 	0.0154875724535 	0.0396904201391 	0.166358514011 	0.0160779681937 	0.1427472022
9.48 	0 	1.56165413534 	0.113300855521 	0.0154875724535 	0.0396904201391 	0.166358514011 	0.0160779681937 	0.1427472022
9.48 	0 	1.55263157895 	0.113300855521 	0.0154875724535 	0.0396904201391 	0.166358514011 	0.0160779681937 	0.1427472022
9.48 	0 	1.54360902256 	0.115698154212 	0.0214714175156 	0.0387053462936 	0.174974166203 	0.0170897661541 	0.157907789078
9.48 	0 	1.53458646617 	0.115698154212 	0.0214714175156 	0.0387053462936 	0.174974166203 	0.0170897661541 	0.157907789078
9.48 	0 	1.52556390977 	0.115698154212 	0.0214714175156 	0.0387053462936 	0.174974166203 	0.0170897661541 	0.157907789078
9.48 	0 	1.51654135338 	0.119497055221 	0.0216363106408 	0.0399498343192 	0.182743495247 	0.0207378955975 	0.161852149742
9.48 	0 	1.50751879699 	0.119497055221 	0.0216363106408 	0.0399498343192 	0.182743495247 	0.0207378955975 	0.161852149742
9.48 	0 	1.4984962406 	0.119497055221 	0.0216363106408 	0.0399498343192 	0.182743495247 	0.0207378955975 	0.161852149742
9.48 	0 	1.48947368421 	0.119497055221 	0.0216363106408 	0.0399498343192 	0.182743495247 	0.0207378955975 	0.161852149742
9.48 	0 	1.48045112782 	0.125800507116 	0.0242839662329 	0.0488491442817 	0.18175063609 	0.0197145960238 	0.175742655536
9.48 	0 	1.47142857143 	0.125800507116 	0.0242839662329 	0.0488491442817 	0.18175063609 	0.0197145960238 	0.175742655536
9.48 	0 	1.46240601504 	0.125800507116 	0.0242839662329 	0.0488491442817 	0.18175063609 	0.0197145960238 	0.175742655536
9.48 	0 	1.45338345865 	0.134663932306 	0.0292088603923 	0.0521001194724 	0.175691801162 	0.0238452263972 	0.178860513757
9.48 	0 	1.44436090226 	0.134663932306 	0.0292088603923 	0.0521001194724 	0.175691801162 	0.0238452263972 	0.178860513757
9.48 	0 	1.43533834586 	0.134663932306 	0.0292088603923 	0.0521001194724 	0.175691801162 	0.0238452263972 	0.178860513757
9.48 	0 	1.42631578947 	0.134663932306 	0.0292088603923 	0.0521001194724 	0.175691801162 	0.0238452263972 	0.178860513757
9.48 	0 	1.41729323308 	0.140604721202 	0.0257304385749 	0.0518781776658 	0.175919586455 	0.0227781922018 	0.181610819455
9.48 	0 	1.40827067669 	0.140604721202 	0.0257304385749 	0.0518781776658 	0.175919586455 	0.0227781922018 	0.181610819455
9.48 	0 	1.3992481203 	0.140604721202 	0.0257304385749 	0.0518781776658 	0.175919586455 	0.0227781922018 	0.181610819455
9.48 	0 	1.39022556391 	0.155397437669 	0.0230015765151 	0.0530998340932 	0.16301074179 	0.0203455413376 	0.18356661316
9.48 	0 	1.38120300752 	0.155397437669 	0.0230015765151 	0.0530998340932 	0.16301074179 	0.0203455413376 	0.18356661316
9.48 	0 	1.37218045113 	0.155397437669 	0.0230015765151 	0.0530998340932 	0.16301074179 	0.0203455413376 	0.18356661316
9.48 	0 	1.36315789474 	0.155397437669 	0.0230015765151 	0.0530998340932 	0.16301074179 	0.0203455413376 	0.18356661316
9.48 	0 	1.35413533835 	0.154341061832 	0.0218076422286 	0.0637530193468 	0.16614987712 	0.0257804817576 	0.184546807499
9.48 	0 	1.34511278195 	0.154341061832 	0.0218076422286 	0.0637530193468 	0.16614987712 	0.0257804817576 	0.184546807499
9.48 	0 	1.33609022556 	0.154341061832 	0.0218076422286 	0.0637530193468 	0.16614987712 	0.0257804817576 	0.184546807499
9.48 	0 	1.32706766917 	0.14606164809 	0.0209020178354 	0.0662712680568 	0.165815477311 	0.0252400438309 	0.195393703686
9.48 	0 	1.31804511278 	0.151459444973 	0.0227805961661 	0.0645458455989 	0.167611294822 	0.0304414134628 	0.199005478965
9.48 	0 	1.30902255639 	0.151459444973 	0.0227805961661 	0.0645458455989 	0.167611294822 	0.0304414134628 	0.199005478965
9.48 	0 	1.3 	0.151459444973 	0.0227805961661 	0.0645458455989 	0.167611294822 	0.0304414134628 	0.199005478965
9.48 	0 	1.29097744361 	0.146945339449 	0.020928702666 	0.0633577923481 	0.171132379362 	0.0314079256299 	0.198654508446
9.48 	0 	1.28195488722 	0.146945339449 	0.020928702666 	0.0633577923481 	0.171132379362 	0.0314079256299 	0.198654508446
9.48 	0 	1.27293233083 	0.146945339449 	0.020928702666 	0.0633577923481 	0.171132379362 	0.0314079256299 	0.198654508446
9.48 	0 	1.26390977444 	0.156330447746 	0.0157342360631 	0.0692193965794 	0.168187280218 	0.0265211144568 	0.191104557156
9.48 	0 	1.25488721805 	0.156330447746 	0.0157342360631 	0.0692193965794 	0.168187280218 	0.0265211144568 	0.191104557156
9.48 	0 	1.24586466165 	0.156330447746 	0.0157342360631 	0.0692193965794 	0.168187280218 	0.0265211144568 	0.191104557156
9.48 	0 	1.23684210526 	0.156330447746 	0.0157342360631 	0.0692193965794 	0.168187280218 	0.0265211144568 	0.191104557156
9.48 	0 	1.22781954887 	0.16128983383 	0.0145271422813 	0.0664563369717 	0.173188641676 	0.0298080953157 	0.200019465905
9.48 	0 	1.21879699248 	0.16128983383 	0.0145271422813 	0.0664563369717 	0.173188641676 	0.0298080953157 	0.200019465905
9.48 	0 	1.20977443609 	0.16128983383 	0.0145271422813 	0.0664563369717 	0.173188641676 	0.0298080953157 	0.200019465905
9.48 	0 	1.2007518797 	0.16706152256 	0.0143539903352 	0.0726363578004 	0.177646534995 	0.0279948623578 	0.202597295179
9.48 	0 	1.19172932331 	0.16706152256 	0.0143539903352 	0.0726363578004 	0.177646534995 	0.0279948623578 	0.202597295179
9.48 	0 	1.18270676692 	0.16706152256 	0.0143539903352 	0.0726363578004 	0.177646534995 	0.0279948623578 	0.202597295179
9.48 	0 	1.17368421053 	0.16706152256 	0.0143539903352 	0.0726363578004 	0.177646534995 	0.0279948623578 	0.202597295179
9.48 	0 	1.16466165414 	0.17963151361 	0.0120772761499 	0.0746544223024 	0.17874533774 	0.0280407014062 	0.197329061039
9.48 	0 	1.15563909774 	0.17963151361 	0.0120772761499 	0.0746544223024 	0.17874533774 	0.0280407014062 	0.197329061039
9.48 	0 	1.14661654135 	0.17963151361 	0.0120772761499 	0.0746544223024 	0.17874533774 	0.0280407014062 	0.197329061039
9.48 	0 	1.13759398496 	0.168519267195 	0.00991651742403 	0.0699442787393 	0.173530088735 	0.0279466410282 	0.193039998977
9.48 	0 	1.12857142857 	0.168519267195 	0.00991651742403 	0.0699442787393 	0.173530088735 	0.0279466410282 	0.193039998977
9.48 	0 	1.11954887218 	0.168519267195 	0.00991651742403 	0.0699442787393 	0.173530088735 	0.0279466410282 	0.193039998977
9.48 	0 	1.11052631579 	0.168519267195 	0.00991651742403 	0.0699442787393 	0.173530088735 	0.0279466410282 	0.193039998977
9.48 	0 	1.1015037594 	0.171423626317 	0.00395759583884 	0.0677361703584 	0.16470881105 	0.0288958066269 	0.187535167577
9.48 	0 	1.09248120301 	0.171423626317 	0.00395759583884 	0.0677361703584 	0.16470881105 	0.0288958066269 	0.187535167577
9.48 	0 	1.08345864662 	0.171423626317 	0.00395759583884 	0.0677361703584 	0.16470881105 	0.0288958066269 	0.187535167577
9.48 	0 	1.07443609023 	0.172276746393 	0.00514017569489 	0.0704611158059 	0.155305474616 	0.0276056879853 	0.183752234243
9.48 	0 	1.06541353383 	0.172276746393 	0.00514017569489 	0.0704611158059 	0.155305474616 	0.0276056879853 	0.183752234243
9.48 	0 	1.05639097744 	0.172276746393 	0.00514017569489 	0.0704611158059 	0.155305474616 	0.0276056879853 	0.183752234243
9.48 	0 	1.04736842105 	0.172276746393 	0.00514017569489 	0.0704611158059 	0.155305474616 	0.0276056879853 	0.183752234243
9.48 	0 	1.03834586466 	0.17064772117 	0.00574960210454 	0.069654272001 	0.156936793169 	0.0247736987539 	0.17588287465
9.48 	0 	1.02932330827 	0.17064772117 	0.00574960210454 	0.069654272001 	0.156936793169 	0.0247736987539 	0.17588287465
9.48 	0 	1.02030075188 	0.17064772117 	0.00574960210454 	0.069654272001 	0.156936793169 	0.0247736987539 	0.17588287465
9.48 	0 	1.01127819549 	0.166925228702 	0.00716675081411 	0.0622877524433 	0.159396113894 	0.0210981924933 	0.165430069524
9.48 	0 	1.0022556391 	0.166925228702 	0.00716675081411 	0.0622877524433 	0.159396113894 	0.0210981924933 	0.165430069524
9.48 	0 	0.993233082707 	0.166925228702 	0.00716675081411 	0.0622877524433 	0.159396113894 	0.0210981924933 	0.165430069524
9.48 	0 	0.984210526316 	0.166925228702 	0.00716675081411 	0.0622877524433 	0.159396113894 	0.0210981924933 	0.165430069524
9.48 	0 	0.975187969925 	0.163954400866 	0.0102707775529 	0.0560539453648 	0.155386610637 	0.02286624652 	0.164514187295
9.48 	0 	0.966165413534 	0.163954400866 	0.0102707775529 	0.0560539453648 	0.155386610637 	0.02286624652 	0.164514187295
9.48 	0 	0.957142857143 	0.163954400866 	0.0102707775529 	0.0560539453648 	0.155386610637 	0.02286624652 	0.164514187295
9.48 	0 	0.948120300752 	0.157656471532 	0.0125085778082 	0.0568757776433 	0.152567164466 	0.0219953855325 	0.153857413017
9.48 	0 	0.939097744361 	0.157656471532 	0.0125085778082 	0.0568757776433 	0.152567164466 	0.0219953855325 	0.153857413017
9.48 	0 	0.93007518797 	0.157656471532 	0.0125085778082 	0.0568757776433 	0.152567164466 	0.0219953855325 	0.153857413017
9.48 	0 	0.921052631579 	0.157656471532 	0.0125085778082 	0.0568757776433 	0.152567164466 	0.0219953855325 	0.153857413017
9.48 	0 	0.912030075188 	0.159916842512 	0.00918561661478 	0.0553030595671 	0.151844703438 	0.0216287937927 	0.150658678898
9.48 	0 	0.903007518797 	0.159916842512 	0.00918561661478 	0.0553030595671 	0.151844703438 	0.0216287937927 	0.150658678898
9.48 	0 	0.893984962406 	0.159916842512 	0.00918561661478 	0.0553030595671 	0.151844703438 	0.0216287937927 	0.150658678898
9.48 	0 	0.884962406015 	0.148520916829 	0.0097386196035 	0.0482646308237 	0.143115915599 	0.0264881998057 	0.145130734056
9.48 	0 	0.875939849624 	0.148520916829 	0.0097386196035 	0.0482646308237 	0.143115915599 	0.0264881998057 	0.145130734056
9.48 	0 	0.866917293233 	0.148520916829 	0.0097386196035 	0.0482646308237 	0.143115915599 	0.0264881998057 	0.145130734056
9.48 	0 	0.857894736842 	0.148520916829 	0.0097386196035 	0.0482646308237 	0.143115915599 	0.0264881998057 	0.145130734056
9.48 	0 	0.848872180451 	0.145091033983 	0.00343671804159 	0.0408203825575 	0.138245805663 	0.026632812971 	0.133892798285
9.48 	0 	0.83984962406 	0.145091033983 	0.00343671804159 	0.0408203825575 	0.138245805663 	0.026632812971 	0.133892798285
9.48 	0 	0.830827067669 	0.146977595165 	0.00785700347534 	0.0429303639292 	0.138121071374 	0.0231967687055 	0.138761183051
9.48 	0 	0.821804511278 	0.138819161247 	0.00558307410375 	0.0354288304456 	0.129032702065 	0.0182546461167 	0.126904670191
9.48 	0 	0.812781954887 	0.138819161247 	0.00558307410375 	0.0354288304456 	0.129032702065 	0.0182546461167 	0.126904670191
9.48 	0 	0.803759398496 	0.138819161247 	0.00558307410375 	0.0354288304456 	0.129032702065 	0.0182546461167 	0.126904670191
9.48 	0 	0.794736842105 	0.138819161247 	0.00558307410375 	0.0354288304456 	0.129032702065 	0.0182546461167 	0.126904670191
9.48 	0 	0.785714285714 	0.137617811215 	0.00410445695506 	0.0324888493688 	0.11559042452 	0.0141566685817 	0.115234503403
9.48 	0 	0.776691729323 	0.137617811215 	0.00410445695506 	0.0324888493688 	0.11559042452 	0.0141566685817 	0.115234503403
9.48 	0 	0.767669172932 	0.137617811215 	0.00410445695506 	0.0324888493688 	0.11559042452 	0.0141566685817 	0.115234503403
9.48 	0 	0.758646616541 	0.139742206205 	0.000798775031882 	0.0266890267504 	0.106099680393 	0.0109342982617 	0.103359637097
9.48 	0 	0.74962406015 	0.139742206205 	0.000798775031882 	0.0266890267504 	0.106099680393 	0.0109342982617 	0.103359637097
9.48 	0 	0.740601503759 	0.139742206205 	0.000798775031882 	0.0266890267504 	0.106099680393 	0.0109342982617 	0.103359637097
9.48 	0 	0.731578947368 	0.139742206205 	0.000798775031882 	0.0266890267504 	0.106099680393 	0.0109342982617 	0.103359637097
9.48 	0 	0.722556390977 	0.129224034009 	-0.00319346024286 	0.0240756371715 	0.106760292654 	0.0112573257781 	0.0980429552301
9.48 	0 	0.713533834586 	0.129224034009 	-0.00319346024286 	0.0240756371715 	0.106760292654 	0.0112573257781 	0.0980429552301
9.48 	0 	0.704511278195 	0.129224034009 	-0.00319346024286 	0.0240756371715 	0.106760292654 	0.0112573257781 	0.0980429552301
9.48 	0 	0.695488721804 	0.129958226937 	0.000369279789012 	0.0191260930387 	0.0992101716223 	0.00979702359306 	0.0922481269749
9.48 	0 	0.686466165414 	0.129958226937 	0.000369279789012 	0.0191260930387 	0.0992101716223 	0.00979702359306 	0.0922481269749
9.48 	0 	0.677443609023 	0.129958226937 	0.000369279789012 	0.0191260930387 	0.0992101716223 	0.00979702359306 	0.0922481269749
9.48 	0 	0.668421052632 	0.129958226937 	0.000369279789012 	0.0191260930387 	0.0992101716223 	0.00979702359306 	0.0922481269749
9.48 	0 	0.659398496241 	0.139486827251 	-0.000635590178128 	0.013537766512 	0.0998600220389 	0.0103383999902 	0.0902320281354
9.48 	0 	0.65037593985 	0.139486827251 	-0.000635590178128 	0.013537766512 	0.0998600220389 	0.0103383999902 	0.0902320281354
9.48 	0 	0.641353383459 	0.139486827251 	-0.000635590178128 	0.013537766512 	0.0998600220389 	0.0103383999902 	0.0902320281354
9.48 	0 	0.632330827068 	0.127994949556 	-0.00221591632455 	0.00746994062344 	0.108901284369 	0.0131128918169 	0.0881705189788
9.48 	0 	0.623308270677 	0.127994949556 	-0.00221591632455 	0.00746994062344 	0.108901284369 	0.0131128918169 	0.0881705189788
9.48 	0 	0.614285714286 	0.127994949556 	-0.00221591632455 	0.00746994062344 	0.108901284369 	0.0131128918169 	0.0881705189788
9.48 	0 	0.605263157895 	0.127994949556 	-0.00221591632455 	0.00746994062344 	0.108901284369 	0.0131128918169 	0.0881705189788
9.48 	0 	0.596240601504 	0.122884979593 	-0.00842557572193 	0.00559589227158 	0.110882722507 	0.0109176560056 	0.0859247031062
9.48 	0 	0.587218045113 	0.122884979593 	-0.00842557572193 	0.00559589227158 	0.110882722507 	0.0109176560056 	0.0859247031062
9.48 	0 	0.578195488722 	0.122884979593 	-0.00842557572193 	0.00559589227158 	0.110882722507 	0.0109176560056 	0.0859247031062
9.48 	0 	0.569172932331 	0.122091334941 	-0.00721054767524 	-0.0042846836858 	0.101347187987 	0.00970773466317 	0.0828735421573
9.48 	0 	0.56015037594 	0.122091334941 	-0.00721054767524 	-0.0042846836858 	0.101347187987 	0.00970773466317 	0.0828735421573
9.48 	0 	0.551127819549 	0.122091334941 	-0.00721054767524 	-0.0042846836858 	0.101347187987 	0.00970773466317 	0.0828735421573
9.48 	0 	0.542105263158 	0.122091334941 	-0.00721054767524 	-0.0042846836858 	0.101347187987 	0.00970773466317 	0.0828735421573
9.48 	0 	0.533082706767 	0.121429547519 	-0.00667749781446 	-0.00761842012691 	0.0991777362841 	0.0109910760179 	0.0788513694294
9.48 	0 	0.524060150376 	0.121429547519 	-0.00667749781446 	-0.00761842012691 	0.0991777362841 	0.0109910760179 	0.0788513694294
9.48 	0 	0.515037593985 	0.121429547519 	-0.00667749781446 	-0.00761842012691 	0.0991777362841 	0.0109910760179 	0.0788513694294
9.48 	0 	0.506015037594 	0.129619409724 	-0.00685022870059 	-0.0143462833386 	0.103464178819 	0.00888530669354 	0.0775923038583
9.48 	0 	0.496992481203 	0.129619409724 	-0.00685022870059 	-0.0143462833386 	0.103464178819 	0.00888530669354 	0.0775923038583
9.48 	0 	0.487969924812 	0.129619409724 	-0.00685022870059 	-0.0143462833386 	0.103464178819 	0.00888530669354 	0.0775923038583
9.48 	0 	0.478947368421 	0.129619409724 	-0.00685022870059 	-0.0143462833386 	0.103464178819 	0.00888530669354 	0.0775923038583
9.48 	0 	0.46992481203 	0.14010104511 	-0.00529377975605 	-0.0208551863957 	0.0957986603047 	0.00428400794721 	0.078222853767
9.48 	0 	0.460902255639 	0.14010104511 	-0.00529377975605 	-0.0208551863957 	0.0957986603047 	0.00428400794721 	0.078222853767
9.48 	0 	0.451879699248 	0.14010104511 	-0.00529377975605 	-0.0208551863957 	0.0957986603047 	0.00428400794721 	0.078222853767
9.48 	0 	0.442857142857 	0.136144665811 	-0.00474971418743 	-0.0243575801594 	0.0971331954918 	0.00559038054722 	0.0752676949071
9.48 	0 	0.433834586466 	0.136144665811 	-0.00474971418743 	-0.0243575801594 	0.0971331954918 	0.00559038054722 	0.0752676949071
9.48 	0 	0.424812030075 	0.136144665811 	-0.00474971418743 	-0.0243575801594 	0.0971331954918 	0.00559038054722 	0.0752676949071
9.48 	0 	0.415789473684 	0.136144665811 	-0.00474971418743 	-0.0243575801594 	0.0971331954918 	0.00559038054722 	0.0752676949071
9.48 	0 	0.406766917293 	0.13874431328 	-0.00158603164178 	-0.0269174558923 	0.0939686815513 	0.00522689529846 	0.0672037366804
9.48 	0 	0.397744360902 	0.13874431328 	-0.00158603164178 	-0.0269174558923 	0.0939686815513 	0.00522689529846 	0.0672037366804
9.48 	0 	0.388721804511 	0.13874431328 	-0.00158603164178 	-0.0269174558923 	0.0939686815513 	0.00522689529846 	0.0672037366804
9.48 	0 	0.37969924812 	0.134214682375 	0.00287977393076 	-0.0269516119954 	0.0888007838952 	0.00469293556259 	0.0628783650514
9.48 	0 	0.370676691729 	0.134214682375 	0.00287977393076 	-0.0269516119954 	0.0888007838952 	0.00469293556259 	0.0628783650514
9.48 	0 	0.361654135338 	0.134214682375 	0.00287977393076 	-0.0269516119954 	0.0888007838952 	0.00469293556259 	0.0628783650514
9.48 	0 	0.352631578947 	0.134214682375 	0.00287977393076 	-0.0269516119954 	0.0888007838952 	0.00469293556259 	0.0628783650514
9.48 	0 	0.343609022556 	0.133471429842 	0.00259014838744 	-0.0292365785046 	0.0885402697135 	0.00478728533319 	0.0581211228139
9.48 	0 	0.334586466165 	0.133471429842 	0.00259014838744 	-0.0292365785046 	0.0885402697135 	0.00478728533319 	0.0581211228139
9.48 	0 	0.325563909774 	0.133471429842 	0.00259014838744 	-0.0292365785046 	0.0885402697135 	0.00478728533319 	0.0581211228139
9.48 	0 	0.316541353383 	0.145291381341 	0.00172536014349 	-0.0323490503781 	0.0891690930595 	0.00929478629302 	0.0554320061611
9.48 	0 	0.307518796992 	0.145291381341 	0.00172536014349 	-0.0323490503781 	0.0891690930595 	0.00929478629302 	0.0554320061611
9.48 	0 	0.298496240601 	0.145291381341 	0.00172536014349 	-0.0323490503781 	0.0891690930595 	0.00929478629302 	0.0554320061611
9.48 	0 	0.289473684211 	0.145291381341 	0.00172536014349 	-0.0323490503781 	0.0891690930595 	0.00929478629302 	0.0554320061611
9.48 	0 	0.28045112782 	0.157501847841 	0.000647218490408 	-0.0332619657731 	0.0914231231103 	0.0109368346567 	0.049409142265
9.48 	0 	0.271428571429 	0.157501847841 	0.000647218490408 	-0.0332619657731 	0.0914231231103 	0.0109368346567 	0.049409142265
9.48 	0 	0.262406015038 	0.157501847841 	0.000647218490408 	-0.0332619657731 	0.0914231231103 	0.0109368346567 	0.049409142265
9.48 	0 	0.253383458647 	0.157501847841 	0.000647218490408 	-0.0332619657731 	0.0914231231103 	0.0109368346567 	0.049409142265
9.48 	0 	0.244360902256 	0.202014524326 	0.00630701967451 	-0.042368419537 	0.108131255267 	0.00726997054996 	0.0525033455489
9.48 	0 	0.235338345865 	0.202014524326 	0.00630701967451 	-0.042368419537 	0.108131255267 	0.00726997054996 	0.0525033455489
9.48 	0 	0.226315789474 	0.202014524326 	0.00630701967451 	-0.042368419537 	0.108131255267 	0.00726997054996 	0.0525033455489
9.48 	0 	0.217293233083 	0.202014524326 	0.00630701967451 	-0.042368419537 	0.108131255267 	0.00726997054996 	0.0525033455489
9.48 	0 	0.208270676692 	0.202014524326 	0.00630701967451 	-0.042368419537 	0.108131255267 	0.00726997054996 	0.0525033455489
9.48 	0 	0.199248120301 	0.202014524326 	0.00630701967451 	-0.042368419537 	0.108131255267 	0.00726997054996 	0.0525033455489
9.48 	0 	0.19022556391 	0.202014524326 	0.00630701967451 	-0.042368419537 	0.108131255267 	0.00726997054996 	0.0525033455489
9.48 	0 	0.181203007519 	0.219438477875 	0.012808703365 	-0.041820172768 	0.0952896390272 	0.00210114552457 	0.0441115494448
9.48 	0 	0.172180451128 	0.219438477875 	0.012808703365 	-0.041820172768 	0.0952896390272 	0.00210114552457 	0.0441115494448
9.48 	0 	0.163157894737 	0.219438477875 	0.012808703365 	-0.041820172768 	0.0952896390272 	0.00210114552457 	0.0441115494448
9.48 	0 	0.154135338346 	0.219438477875 	0.012808703365 	-0.041820172768 	0.0952896390272 	0.00210114552457 	0.0441115494448
9.48 	0 	0.145112781955 	0.219438477875 	0.012808703365 	-0.041820172768 	0.0952896390272 	0.00210114552457 	0.0441115494448
9.48 	0 	0.136090225564 	0.219438477875 	0.012808703365 	-0.041820172768 	0.0952896390272 	0.00210114552457 	0.0441115494448
9.48 	0 	0.127067669173 	0.219438477875 	0.012808703365 	-0.041820172768 	0.0952896390272 	0.00210114552457 	0.0441115494448
9.48 	0 	0.118045112782 	0.250148429161 	-4.50937685651e-05 	-0.0308152587344 	0.0962874809264 	0.00199436989674 	0.0210570190628
9.48 	0 	0.109022556391 	0.250148429161 	-4.50937685651e-05 	-0.0308152587344 	0.0962874809264 	0.00199436989674 	0.0210570190628
9.48 	0 	0.1 	0.250148429161 	-4.50937685651e-05 	-0.0308152587344 	0.0962874809264 	0.00199436989674 	0.0210570190628
