4.74 	0 	3.7 	2.71702265274 	0.0104950656238 	-0.0385594374125 	2.75878808693 	0.0170142125816 	-0.0253035385258
4.74 	0 	3.69097744361 	2.71702265274 	0.0104950656238 	-0.0385594374125 	2.75878808693 	0.0170142125816 	-0.0253035385258
4.74 	0 	3.68195488722 	2.71702265274 	0.0104950656238 	-0.0385594374125 	2.75878808693 	0.0170142125816 	-0.0253035385258
4.74 	0 	3.67293233083 	3.26297217969 	0.00628344346569 	-0.0429294165079 	3.27130150294 	0.0171634870105 	-0.0295651618627
4.74 	0 	3.66390977444 	3.26297217969 	0.00628344346569 	-0.0429294165079 	3.27130150294 	0.0171634870105 	-0.0295651618627
4.74 	0 	3.65488721805 	3.26297217969 	0.00628344346569 	-0.0429294165079 	3.27130150294 	0.0171634870105 	-0.0295651618627
4.74 	0 	3.64586466165 	3.26297217969 	0.00628344346569 	-0.0429294165079 	3.27130150294 	0.0171634870105 	-0.0295651618627
4.74 	0 	3.63684210526 	3.5170482102 	0.0127943572018 	-0.0420591757369 	3.49009452574 	0.0183513662819 	-0.0269246005172
4.74 	0 	3.62781954887 	3.5170482102 	0.0127943572018 	-0.0420591757369 	3.49009452574 	0.0183513662819 	-0.0269246005172
4.74 	0 	3.61879699248 	3.5170482102 	0.0127943572018 	-0.0420591757369 	3.49009452574 	0.0183513662819 	-0.0269246005172
4.74 	0 	3.60977443609 	3.72603181439 	0.0265802961632 	-0.0289067199525 	3.68063271069 	0.0195645631008 	-0.0250003435759
4.74 	0 	3.6007518797 	3.72603181439 	0.0265802961632 	-0.0289067199525 	3.68063271069 	0.0195645631008 	-0.0250003435759
4.74 	0 	3.59172932331 	3.72603181439 	0.0265802961632 	-0.0289067199525 	3.68063271069 	0.0195645631008 	-0.0250003435759
4.74 	0 	3.58270676692 	3.72603181439 	0.0265802961632 	-0.0289067199525 	3.68063271069 	0.0195645631008 	-0.0250003435759
4.74 	0 	3.57368421053 	3.95373840752 	0.0133597425489 	-0.0283175588746 	3.90111054423 	0.0172904754205 	-0.0205070535857
4.74 	0 	3.56466165414 	3.95373840752 	0.0133597425489 	-0.0283175588746 	3.90111054423 	0.0172904754205 	-0.0205070535857
4.74 	0 	3.55563909774 	3.95373840752 	0.0133597425489 	-0.0283175588746 	3.90111054423 	0.0172904754205 	-0.0205070535857
4.74 	0 	3.54661654135 	4.10241446713 	0.0320894166693 	-0.00304979420931 	4.04878799463 	0.0150131630458 	-0.0202094820745
4.74 	0 	3.53759398496 	4.10241446713 	0.0320894166693 	-0.00304979420931 	4.04878799463 	0.0150131630458 	-0.0202094820745
4.74 	0 	3.52857142857 	4.10241446713 	0.0320894166693 	-0.00304979420931 	4.04878799463 	0.0150131630458 	-0.0202094820745
4.74 	0 	3.51954887218 	4.10241446713 	0.0320894166693 	-0.00304979420931 	4.04878799463 	0.0150131630458 	-0.0202094820745
4.74 	0 	3.51052631579 	4.00929145844 	0.0299268028127 	0.00204635136526 	3.99641561045 	0.0161641437273 	-0.0112533486917
4.74 	0 	3.5015037594 	4.00929145844 	0.0299268028127 	0.00204635136526 	3.99641561045 	0.0161641437273 	-0.0112533486917
4.74 	0 	3.49248120301 	4.00929145844 	0.0299268028127 	0.00204635136526 	3.99641561045 	0.0161641437273 	-0.0112533486917
4.74 	0 	3.48345864662 	4.00929145844 	0.0299268028127 	0.00204635136526 	3.99641561045 	0.0161641437273 	-0.0112533486917
4.74 	0 	3.47443609023 	3.59672012778 	0.0818984455308 	-0.00471181999821 	3.67728066865 	0.0606986675251 	-0.0202574355071
4.74 	0 	3.46541353383 	3.59672012778 	0.0818984455308 	-0.00471181999821 	3.67728066865 	0.0606986675251 	-0.0202574355071
4.74 	0 	3.45639097744 	3.59672012778 	0.0818984455308 	-0.00471181999821 	3.67728066865 	0.0606986675251 	-0.0202574355071
4.74 	0 	3.44736842105 	3.12581539235 	0.0345966888741 	-0.0183814257135 	3.13505466771 	0.117073160953 	-0.0210475733808
4.74 	0 	3.43834586466 	3.12581539235 	0.0345966888741 	-0.0183814257135 	3.13505466771 	0.117073160953 	-0.0210475733808
4.74 	0 	3.42932330827 	3.12581539235 	0.0345966888741 	-0.0183814257135 	3.13505466771 	0.117073160953 	-0.0210475733808
4.74 	0 	3.42030075188 	3.12581539235 	0.0345966888741 	-0.0183814257135 	3.13505466771 	0.117073160953 	-0.0210475733808
4.74 	0 	3.41127819549 	2.59056160757 	0.125765568784 	0.0197038784119 	2.59803061002 	0.127955461045 	-0.00429848384725
4.74 	0 	3.4022556391 	2.59056160757 	0.125765568784 	0.0197038784119 	2.59803061002 	0.127955461045 	-0.00429848384725
4.74 	0 	3.39323308271 	2.59056160757 	0.125765568784 	0.0197038784119 	2.59803061002 	0.127955461045 	-0.00429848384725
4.74 	0 	3.38421052632 	2.17703585501 	0.172002511073 	0.00761537926314 	2.16707625234 	0.14491830806 	-0.0126039487182
4.74 	0 	3.37518796992 	2.17703585501 	0.172002511073 	0.00761537926314 	2.16707625234 	0.14491830806 	-0.0126039487182
4.74 	0 	3.36616541353 	2.17703585501 	0.172002511073 	0.00761537926314 	2.16707625234 	0.14491830806 	-0.0126039487182
4.74 	0 	3.35714285714 	2.17703585501 	0.172002511073 	0.00761537926314 	2.16707625234 	0.14491830806 	-0.0126039487182
4.74 	0 	3.34812030075 	1.88438224637 	0.208596744496 	0.0216182161754 	1.86469155392 	0.182454471471 	-0.00392201308179
4.74 	0 	3.33909774436 	1.88438224637 	0.208596744496 	0.0216182161754 	1.86469155392 	0.182454471471 	-0.00392201308179
4.74 	0 	3.33007518797 	1.88438224637 	0.208596744496 	0.0216182161754 	1.86469155392 	0.182454471471 	-0.00392201308179
4.74 	0 	3.32105263158 	1.72536204732 	0.259916673735 	0.0201198070957 	1.7130498183 	0.23926631798 	-0.00122110217731
4.74 	0 	3.31203007519 	1.72536204732 	0.259916673735 	0.0201198070957 	1.7130498183 	0.23926631798 	-0.00122110217731
4.74 	0 	3.3030075188 	1.72536204732 	0.259916673735 	0.0201198070957 	1.7130498183 	0.23926631798 	-0.00122110217731
4.74 	0 	3.29398496241 	1.72536204732 	0.259916673735 	0.0201198070957 	1.7130498183 	0.23926631798 	-0.00122110217731
4.74 	0 	3.28496240602 	1.64421213806 	0.282270730837 	0.0203009782245 	1.63397707884 	0.261797768303 	0.00136377733001
4.74 	0 	3.27593984962 	1.64421213806 	0.282270730837 	0.0203009782245 	1.63397707884 	0.261797768303 	0.00136377733001
4.74 	0 	3.26691729323 	1.64421213806 	0.282270730837 	0.0203009782245 	1.63397707884 	0.261797768303 	0.00136377733001
4.74 	0 	3.25789473684 	1.64236403237 	0.282112807944 	0.0189588321439 	1.61625708685 	0.257083205443 	0.00356973555701
4.74 	0 	3.24887218045 	1.64236403237 	0.282112807944 	0.0189588321439 	1.61625708685 	0.257083205443 	0.00356973555701
4.74 	0 	3.23984962406 	1.64236403237 	0.282112807944 	0.0189588321439 	1.61625708685 	0.257083205443 	0.00356973555701
4.74 	0 	3.23082706767 	1.64236403237 	0.282112807944 	0.0189588321439 	1.61625708685 	0.257083205443 	0.00356973555701
4.74 	0 	3.22180451128 	1.63997592539 	0.281278528869 	0.00726073056203 	1.59157053145 	0.25919505739 	0.00223037185651
4.74 	0 	3.21278195489 	1.63997592539 	0.281278528869 	0.00726073056203 	1.59157053145 	0.25919505739 	0.00223037185651
4.74 	0 	3.2037593985 	1.63997592539 	0.281278528869 	0.00726073056203 	1.59157053145 	0.25919505739 	0.00223037185651
4.74 	0 	3.19473684211 	1.53947390153 	0.297274015391 	0.00512655167278 	1.50496893004 	0.271381456953 	0.00301205413686
4.74 	0 	3.18571428571 	1.53947390153 	0.297274015391 	0.00512655167278 	1.50496893004 	0.271381456953 	0.00301205413686
4.74 	0 	3.17669172932 	1.54234995212 	0.287372780391 	0.00159481679727 	1.50444607246 	0.27191085665 	-0.00293530368452
4.74 	0 	3.16766917293 	1.54234995212 	0.287372780391 	0.00159481679727 	1.50444607246 	0.27191085665 	-0.00293530368452
4.74 	0 	3.15864661654 	1.51868191857 	0.29380250068 	-0.00844925724427 	1.50712745257 	0.283433686843 	-0.00204811971102
4.74 	0 	3.14962406015 	1.51868191857 	0.29380250068 	-0.00844925724427 	1.50712745257 	0.283433686843 	-0.00204811971102
4.74 	0 	3.14060150376 	1.51868191857 	0.29380250068 	-0.00844925724427 	1.50712745257 	0.283433686843 	-0.00204811971102
4.74 	0 	3.13157894737 	1.57075879522 	0.291912992069 	-0.0103882674721 	1.55479805302 	0.28954063602 	-0.000825263082434
4.74 	0 	3.12255639098 	1.57075879522 	0.291912992069 	-0.0103882674721 	1.55479805302 	0.28954063602 	-0.000825263082434
4.74 	0 	3.11353383459 	1.57075879522 	0.291912992069 	-0.0103882674721 	1.55479805302 	0.28954063602 	-0.000825263082434
4.74 	0 	3.1045112782 	1.57075879522 	0.291912992069 	-0.0103882674721 	1.55479805302 	0.28954063602 	-0.000825263082434
4.74 	0 	3.0954887218 	1.56805275956 	0.297375469795 	-0.0168341637387 	1.53318528779 	0.296154648288 	-0.00227563091395
4.74 	0 	3.08646616541 	1.56805275956 	0.297375469795 	-0.0168341637387 	1.53318528779 	0.296154648288 	-0.00227563091395
4.74 	0 	3.07744360902 	1.56805275956 	0.297375469795 	-0.0168341637387 	1.53318528779 	0.296154648288 	-0.00227563091395
4.74 	0 	3.06842105263 	1.5117350491 	0.306997580269 	-0.0046409776845 	1.5286140652 	0.31142555652 	-0.00186048093234
4.74 	0 	3.05939849624 	1.5117350491 	0.306997580269 	-0.0046409776845 	1.5286140652 	0.31142555652 	-0.00186048093234
4.74 	0 	3.05037593985 	1.5117350491 	0.306997580269 	-0.0046409776845 	1.5286140652 	0.31142555652 	-0.00186048093234
4.74 	0 	3.04135338346 	1.5117350491 	0.306997580269 	-0.0046409776845 	1.5286140652 	0.31142555652 	-0.00186048093234
4.74 	0 	3.03233082707 	1.61177697268 	0.314968015719 	-0.000924325066223 	1.61562859208 	0.316502004211 	0.000429592741992
4.74 	0 	3.02330827068 	1.61177697268 	0.314968015719 	-0.000924325066223 	1.61562859208 	0.316502004211 	0.000429592741992
4.74 	0 	3.01428571429 	1.61177697268 	0.314968015719 	-0.000924325066223 	1.61562859208 	0.316502004211 	0.000429592741992
4.74 	0 	3.00526315789 	1.6067619188 	0.312546447982 	-0.0246710564079 	1.59008070809 	0.324774193526 	-0.00162111269929
4.74 	0 	2.9962406015 	1.6067619188 	0.312546447982 	-0.0246710564079 	1.59008070809 	0.324774193526 	-0.00162111269929
4.74 	0 	2.98721804511 	1.6067619188 	0.312546447982 	-0.0246710564079 	1.59008070809 	0.324774193526 	-0.00162111269929
4.74 	0 	2.97819548872 	1.6067619188 	0.312546447982 	-0.0246710564079 	1.59008070809 	0.324774193526 	-0.00162111269929
4.74 	0 	2.96917293233 	1.66065870675 	0.335003055132 	-0.0201199380113 	1.66251899649 	0.333239457546 	0.00186849586644
4.74 	0 	2.96015037594 	1.66065870675 	0.335003055132 	-0.0201199380113 	1.66251899649 	0.333239457546 	0.00186849586644
4.74 	0 	2.95112781955 	1.66065870675 	0.335003055132 	-0.0201199380113 	1.66251899649 	0.333239457546 	0.00186849586644
4.74 	0 	2.94210526316 	1.73635295205 	0.347972868952 	-0.00354459921197 	1.69455026929 	0.343253178198 	0.00198450017939
4.74 	0 	2.93308270677 	1.73635295205 	0.347972868952 	-0.00354459921197 	1.69455026929 	0.343253178198 	0.00198450017939
4.74 	0 	2.92406015038 	1.73635295205 	0.347972868952 	-0.00354459921197 	1.69455026929 	0.343253178198 	0.00198450017939
4.74 	0 	2.91503759398 	1.73635295205 	0.347972868952 	-0.00354459921197 	1.69455026929 	0.343253178198 	0.00198450017939
4.74 	0 	2.90601503759 	1.7527060136 	0.368654055669 	0.0198469214348 	1.72427658079 	0.353493297043 	0.00232133638451
4.74 	0 	2.8969924812 	1.7527060136 	0.368654055669 	0.0198469214348 	1.72427658079 	0.353493297043 	0.00232133638451
4.74 	0 	2.88796992481 	1.7527060136 	0.368654055669 	0.0198469214348 	1.72427658079 	0.353493297043 	0.00232133638451
4.74 	0 	2.87894736842 	1.83790919512 	0.397445044734 	0.120285742083 	1.78017612766 	0.366029707723 	0.0218440272724
4.74 	0 	2.86992481203 	1.83790919512 	0.397445044734 	0.120285742083 	1.78017612766 	0.366029707723 	0.0218440272724
4.74 	0 	2.86090225564 	1.83790919512 	0.397445044734 	0.120285742083 	1.78017612766 	0.366029707723 	0.0218440272724
4.74 	0 	2.85187969925 	1.83790919512 	0.397445044734 	0.120285742083 	1.78017612766 	0.366029707723 	0.0218440272724
4.74 	0 	2.84285714286 	1.84770449681 	0.4779704914 	0.177783796369 	1.80679708413 	0.378783062718 	0.0248146497655
4.74 	0 	2.83383458647 	1.84770449681 	0.4779704914 	0.177783796369 	1.80679708413 	0.378783062718 	0.0248146497655
4.74 	0 	2.82481203008 	1.84770449681 	0.4779704914 	0.177783796369 	1.80679708413 	0.378783062718 	0.0248146497655
4.74 	0 	2.81578947368 	1.72757432691 	0.517456939379 	0.31939556924 	1.83470394113 	0.394183569394 	0.027900274582
4.74 	0 	2.80676691729 	1.72757432691 	0.517456939379 	0.31939556924 	1.83470394113 	0.394183569394 	0.027900274582
4.74 	0 	2.7977443609 	1.72757432691 	0.517456939379 	0.31939556924 	1.83470394113 	0.394183569394 	0.027900274582
4.74 	0 	2.78872180451 	1.72757432691 	0.517456939379 	0.31939556924 	1.83470394113 	0.394183569394 	0.027900274582
4.74 	0 	2.77969924812 	1.60038089958 	0.556214122644 	0.489823939678 	1.84845299791 	0.410556608776 	0.031021528056
4.74 	0 	2.77067669173 	1.60038089958 	0.556214122644 	0.489823939678 	1.84845299791 	0.410556608776 	0.031021528056
4.74 	0 	2.76165413534 	1.60038089958 	0.556214122644 	0.489823939678 	1.84845299791 	0.410556608776 	0.031021528056
4.74 	0 	2.75263157895 	1.76712988677 	0.535467431797 	0.493585354852 	1.83974749253 	0.430581251869 	0.0328275274476
4.74 	0 	2.74360902256 	1.76712988677 	0.535467431797 	0.493585354852 	1.83974749253 	0.430581251869 	0.0328275274476
4.74 	0 	2.73458646617 	1.6695408297 	0.489288977984 	0.344819598928 	1.8466075889 	0.432837367721 	-0.000496587131486
4.74 	0 	2.72556390977 	1.6695408297 	0.489288977984 	0.344819598928 	1.8466075889 	0.432837367721 	-0.000496587131486
4.74 	0 	2.71654135338 	1.80921658698 	0.532653138638 	0.38686859176 	1.85744287234 	0.453308592424 	-0.00362333360924
4.74 	0 	2.70751879699 	1.80921658698 	0.532653138638 	0.38686859176 	1.85744287234 	0.453308592424 	-0.00362333360924
4.74 	0 	2.6984962406 	1.80921658698 	0.532653138638 	0.38686859176 	1.85744287234 	0.453308592424 	-0.00362333360924
4.74 	0 	2.68947368421 	1.944180539 	0.554038083337 	0.199803314141 	1.82308990075 	0.47168226588 	-0.00504317614788
4.74 	0 	2.68045112782 	1.944180539 	0.554038083337 	0.199803314141 	1.82308990075 	0.47168226588 	-0.00504317614788
4.74 	0 	2.67142857143 	1.944180539 	0.554038083337 	0.199803314141 	1.82308990075 	0.47168226588 	-0.00504317614788
4.74 	0 	2.66240601504 	1.944180539 	0.554038083337 	0.199803314141 	1.82308990075 	0.47168226588 	-0.00504317614788
4.74 	0 	2.65338345865 	1.96213373961 	0.722107357838 	0.110075550008 	1.83843870889 	0.486404597393 	-0.0108250855386
4.74 	0 	2.64436090226 	1.96213373961 	0.722107357838 	0.110075550008 	1.83843870889 	0.486404597393 	-0.0108250855386
4.74 	0 	2.63533834586 	1.96213373961 	0.722107357838 	0.110075550008 	1.83843870889 	0.486404597393 	-0.0108250855386
4.74 	0 	2.62631578947 	1.87013070791 	0.660062265346 	0.0532474664851 	1.82159233067 	0.496590562451 	-0.017993104471
4.74 	0 	2.61729323308 	1.87013070791 	0.660062265346 	0.0532474664851 	1.82159233067 	0.496590562451 	-0.017993104471
4.74 	0 	2.60827067669 	1.87013070791 	0.660062265346 	0.0532474664851 	1.82159233067 	0.496590562451 	-0.017993104471
4.74 	0 	2.5992481203 	1.87013070791 	0.660062265346 	0.0532474664851 	1.82159233067 	0.496590562451 	-0.017993104471
4.74 	0 	2.59022556391 	1.99982863658 	0.630590836466 	-0.016897843261 	1.839173759 	0.48623383215 	-0.0224061750825
4.74 	0 	2.58120300752 	1.99982863658 	0.630590836466 	-0.016897843261 	1.839173759 	0.48623383215 	-0.0224061750825
4.74 	0 	2.57218045113 	1.99982863658 	0.630590836466 	-0.016897843261 	1.839173759 	0.48623383215 	-0.0224061750825
4.74 	0 	2.56315789474 	2.06520022818 	0.798552192868 	-0.0813406214603 	1.8556196034 	0.471499211728 	-0.0215816814842
4.74 	0 	2.55413533835 	2.06520022818 	0.798552192868 	-0.0813406214603 	1.8556196034 	0.471499211728 	-0.0215816814842
4.74 	0 	2.54511278195 	2.06520022818 	0.798552192868 	-0.0813406214603 	1.8556196034 	0.471499211728 	-0.0215816814842
4.74 	0 	2.53609022556 	2.06520022818 	0.798552192868 	-0.0813406214603 	1.8556196034 	0.471499211728 	-0.0215816814842
4.74 	0 	2.52706766917 	2.12535837804 	0.733829528874 	-0.297424691217 	1.89684149454 	0.446342288165 	-0.0237296422654
4.74 	0 	2.51804511278 	2.12535837804 	0.733829528874 	-0.297424691217 	1.89684149454 	0.446342288165 	-0.0237296422654
4.74 	0 	2.50902255639 	2.12535837804 	0.733829528874 	-0.297424691217 	1.89684149454 	0.446342288165 	-0.0237296422654
4.74 	0 	2.5 	2.41615709139 	0.607410091569 	-0.459027487896 	1.93182255167 	0.402981756192 	-0.0225720362381
4.74 	0 	2.49097744361 	2.41615709139 	0.607410091569 	-0.459027487896 	1.93182255167 	0.402981756192 	-0.0225720362381
4.74 	0 	2.48195488722 	2.41615709139 	0.607410091569 	-0.459027487896 	1.93182255167 	0.402981756192 	-0.0225720362381
4.74 	0 	2.47293233083 	2.41615709139 	0.607410091569 	-0.459027487896 	1.93182255167 	0.402981756192 	-0.0225720362381
4.74 	0 	2.46390977444 	2.5233917402 	0.403246466223 	-0.313206652546 	2.00172735932 	0.329922824163 	-0.0323289402592
4.74 	0 	2.45488721805 	2.5233917402 	0.403246466223 	-0.313206652546 	2.00172735932 	0.329922824163 	-0.0323289402592
4.74 	0 	2.44586466165 	2.5233917402 	0.403246466223 	-0.313206652546 	2.00172735932 	0.329922824163 	-0.0323289402592
4.74 	0 	2.43684210526 	2.54437470357 	0.178067474537 	-0.368379776293 	2.09613196495 	0.261895215231 	-0.0381548580674
4.74 	0 	2.42781954887 	2.54437470357 	0.178067474537 	-0.368379776293 	2.09613196495 	0.261895215231 	-0.0381548580674
4.74 	0 	2.41879699248 	2.54437470357 	0.178067474537 	-0.368379776293 	2.09613196495 	0.261895215231 	-0.0381548580674
4.74 	0 	2.40977443609 	2.54437470357 	0.178067474537 	-0.368379776293 	2.09613196495 	0.261895215231 	-0.0381548580674
4.74 	0 	2.4007518797 	1.78264108356 	0.191725019378 	-0.481054497883 	2.20320033719 	0.195493233539 	-0.0338549589949
4.74 	0 	2.39172932331 	1.78264108356 	0.191725019378 	-0.481054497883 	2.20320033719 	0.195493233539 	-0.0338549589949
4.74 	0 	2.38270676692 	1.78264108356 	0.191725019378 	-0.481054497883 	2.20320033719 	0.195493233539 	-0.0338549589949
4.74 	0 	2.37368421053 	1.92117770526 	0.105787187392 	-0.28368972556 	2.31578506919 	0.117936771335 	-0.0329832491144
4.74 	0 	2.36466165414 	1.92117770526 	0.105787187392 	-0.28368972556 	2.31578506919 	0.117936771335 	-0.0329832491144
4.74 	0 	2.35563909774 	1.92117770526 	0.105787187392 	-0.28368972556 	2.31578506919 	0.117936771335 	-0.0329832491144
4.74 	0 	2.34661654135 	1.92117770526 	0.105787187392 	-0.28368972556 	2.31578506919 	0.117936771335 	-0.0329832491144
4.74 	0 	2.33759398496 	2.97056063089 	-0.236767940536 	-0.118765399342 	2.44109597287 	0.0823183625679 	-0.0122516953403
4.74 	0 	2.32857142857 	2.97056063089 	-0.236767940536 	-0.118765399342 	2.44109597287 	0.0823183625679 	-0.0122516953403
4.74 	0 	2.31954887218 	2.97056063089 	-0.236767940536 	-0.118765399342 	2.44109597287 	0.0823183625679 	-0.0122516953403
4.74 	0 	2.31052631579 	3.16192282506 	-0.470731337971 	-0.101967694546 	2.54695399023 	0.0523834710713 	-0.0305696777049
4.74 	0 	2.3015037594 	3.16192282506 	-0.470731337971 	-0.101967694546 	2.54695399023 	0.0523834710713 	-0.0305696777049
4.74 	0 	2.29248120301 	3.16192282506 	-0.470731337971 	-0.101967694546 	2.54695399023 	0.0523834710713 	-0.0305696777049
4.74 	0 	2.28345864662 	3.16192282506 	-0.470731337971 	-0.101967694546 	2.54695399023 	0.0523834710713 	-0.0305696777049
4.74 	0 	2.27443609023 	2.9978313755 	-0.317740786247 	-0.0827545518805 	2.61346325756 	0.0363336869251 	-0.0651188563826
4.74 	0 	2.26541353383 	2.9978313755 	-0.317740786247 	-0.0827545518805 	2.61346325756 	0.0363336869251 	-0.0651188563826
4.74 	0 	2.25639097744 	2.9978313755 	-0.317740786247 	-0.0827545518805 	2.61346325756 	0.0363336869251 	-0.0651188563826
4.74 	0 	2.24736842105 	3.23222197954 	-0.333849232034 	-0.054660272157 	2.70019658101 	0.0216478029215 	-0.0842843026183
4.74 	0 	2.23834586466 	3.23222197954 	-0.333849232034 	-0.054660272157 	2.70019658101 	0.0216478029215 	-0.0842843026183
4.74 	0 	2.22932330827 	3.23222197954 	-0.333849232034 	-0.054660272157 	2.70019658101 	0.0216478029215 	-0.0842843026183
4.74 	0 	2.22030075188 	3.23222197954 	-0.333849232034 	-0.054660272157 	2.70019658101 	0.0216478029215 	-0.0842843026183
4.74 	0 	2.21127819549 	3.33015212032 	-0.00591882017223 	-0.147882651608 	2.74871961799 	0.018403462953 	-0.118611670663
4.74 	0 	2.2022556391 	3.33015212032 	-0.00591882017223 	-0.147882651608 	2.74871961799 	0.018403462953 	-0.118611670663
4.74 	0 	2.19323308271 	3.33015212032 	-0.00591882017223 	-0.147882651608 	2.74871961799 	0.018403462953 	-0.118611670663
4.74 	0 	2.18421052632 	3.31226578073 	0.0687844834097 	-0.014721552577 	2.80309562378 	0.0353863368907 	-0.136259443892
4.74 	0 	2.17518796992 	3.31226578073 	0.0687844834097 	-0.014721552577 	2.80309562378 	0.0353863368907 	-0.136259443892
4.74 	0 	2.16616541353 	3.31226578073 	0.0687844834097 	-0.014721552577 	2.80309562378 	0.0353863368907 	-0.136259443892
4.74 	0 	2.15714285714 	3.31226578073 	0.0687844834097 	-0.014721552577 	2.80309562378 	0.0353863368907 	-0.136259443892
4.74 	0 	2.14812030075 	3.60328228438 	-0.0622215785309 	-0.335264344862 	2.81377619115 	0.0556564776129 	-0.151258295671
4.74 	0 	2.13909774436 	3.60328228438 	-0.0622215785309 	-0.335264344862 	2.81377619115 	0.0556564776129 	-0.151258295671
4.74 	0 	2.13007518797 	3.60328228438 	-0.0622215785309 	-0.335264344862 	2.81377619115 	0.0556564776129 	-0.151258295671
4.74 	0 	2.12105263158 	3.40326425051 	0.0221718001356 	-0.355656277062 	2.78888614036 	0.066451014966 	-0.162202931162
4.74 	0 	2.11203007519 	3.40326425051 	0.0221718001356 	-0.355656277062 	2.78888614036 	0.066451014966 	-0.162202931162
4.74 	0 	2.1030075188 	3.40326425051 	0.0221718001356 	-0.355656277062 	2.78888614036 	0.066451014966 	-0.162202931162
4.74 	0 	2.09398496241 	3.40326425051 	0.0221718001356 	-0.355656277062 	2.78888614036 	0.066451014966 	-0.162202931162
4.74 	0 	2.08496240602 	3.43890600262 	0.172920761895 	-0.256932136725 	2.72763355257 	0.0648272443756 	-0.162009860187
4.74 	0 	2.07593984962 	3.43890600262 	0.172920761895 	-0.256932136725 	2.72763355257 	0.0648272443756 	-0.162009860187
4.74 	0 	2.06691729323 	3.43890600262 	0.172920761895 	-0.256932136725 	2.72763355257 	0.0648272443756 	-0.162009860187
4.74 	0 	2.05789473684 	3.20545857675 	0.0569553485871 	-0.280093335812 	2.68705102212 	0.039391938061 	-0.165638127095
4.74 	0 	2.04887218045 	3.20545857675 	0.0569553485871 	-0.280093335812 	2.68705102212 	0.039391938061 	-0.165638127095
4.74 	0 	2.03984962406 	3.20545857675 	0.0569553485871 	-0.280093335812 	2.68705102212 	0.039391938061 	-0.165638127095
4.74 	0 	2.03082706767 	3.20545857675 	0.0569553485871 	-0.280093335812 	2.68705102212 	0.039391938061 	-0.165638127095
4.74 	0 	2.02180451128 	3.16771474857 	0.093306398129 	-0.512396965377 	2.60028956495 	0.0299439312538 	-0.150644157013
4.74 	0 	2.01278195489 	3.16771474857 	0.093306398129 	-0.512396965377 	2.60028956495 	0.0299439312538 	-0.150644157013
4.74 	0 	2.0037593985 	3.16771474857 	0.093306398129 	-0.512396965377 	2.60028956495 	0.0299439312538 	-0.150644157013
4.74 	0 	1.99473684211 	2.42247862524 	-0.130124599825 	-0.126197242066 	2.51373344065 	0.000573486282623 	-0.132297346662
4.74 	0 	1.98571428571 	2.42247862524 	-0.130124599825 	-0.126197242066 	2.51373344065 	0.000573486282623 	-0.132297346662
4.74 	0 	1.97669172932 	2.42247862524 	-0.130124599825 	-0.126197242066 	2.51373344065 	0.000573486282623 	-0.132297346662
4.74 	0 	1.96766917293 	2.42247862524 	-0.130124599825 	-0.126197242066 	2.51373344065 	0.000573486282623 	-0.132297346662
4.74 	0 	1.95864661654 	2.46865847735 	-0.0558463981265 	0.0838680302129 	2.44470581875 	-0.0641651218511 	-0.130665006465
4.74 	0 	1.94962406015 	2.46865847735 	-0.0558463981265 	0.0838680302129 	2.44470581875 	-0.0641651218511 	-0.130665006465
4.74 	0 	1.94060150376 	2.46865847735 	-0.0558463981265 	0.0838680302129 	2.44470581875 	-0.0641651218511 	-0.130665006465
4.74 	0 	1.93157894737 	2.44740504479 	-0.175154928051 	-0.137500465939 	2.40249959959 	-0.126285338647 	-0.162156093261
4.74 	0 	1.92255639098 	2.44740504479 	-0.175154928051 	-0.137500465939 	2.40249959959 	-0.126285338647 	-0.162156093261
4.74 	0 	1.91353383459 	2.44740504479 	-0.175154928051 	-0.137500465939 	2.40249959959 	-0.126285338647 	-0.162156093261
4.74 	0 	1.9045112782 	2.44740504479 	-0.175154928051 	-0.137500465939 	2.40249959959 	-0.126285338647 	-0.162156093261
4.74 	0 	1.8954887218 	2.13029095085 	-0.262904233043 	0.124852979925 	2.33015594186 	-0.218741069197 	-0.158405158268
4.74 	0 	1.88646616541 	2.13029095085 	-0.262904233043 	0.124852979925 	2.33015594186 	-0.218741069197 	-0.158405158268
4.74 	0 	1.87744360902 	2.13029095085 	-0.262904233043 	0.124852979925 	2.33015594186 	-0.218741069197 	-0.158405158268
4.74 	0 	1.86842105263 	2.13029095085 	-0.262904233043 	0.124852979925 	2.33015594186 	-0.218741069197 	-0.158405158268
4.74 	0 	1.85939849624 	2.11928094128 	-0.64353151142 	-0.127991151379 	2.25146330973 	-0.326674873992 	-0.158139056971
4.74 	0 	1.85037593985 	2.11928094128 	-0.64353151142 	-0.127991151379 	2.25146330973 	-0.326674873992 	-0.158139056971
4.74 	0 	1.84135338346 	2.11928094128 	-0.64353151142 	-0.127991151379 	2.25146330973 	-0.326674873992 	-0.158139056971
4.74 	0 	1.83233082707 	1.64995054094 	-0.650350037501 	-0.0426425995167 	2.10440468879 	-0.446834064992 	-0.146666291483
4.74 	0 	1.82330827068 	1.64995054094 	-0.650350037501 	-0.0426425995167 	2.10440468879 	-0.446834064992 	-0.146666291483
4.74 	0 	1.81428571429 	1.64995054094 	-0.650350037501 	-0.0426425995167 	2.10440468879 	-0.446834064992 	-0.146666291483
4.74 	0 	1.80526315789 	1.64995054094 	-0.650350037501 	-0.0426425995167 	2.10440468879 	-0.446834064992 	-0.146666291483
4.74 	0 	1.7962406015 	1.14776022224 	-0.634266617269 	-0.0190297125927 	1.92499342869 	-0.55765645502 	-0.125671954154
4.74 	0 	1.78721804511 	1.14776022224 	-0.634266617269 	-0.0190297125927 	1.92499342869 	-0.55765645502 	-0.125671954154
4.74 	0 	1.77819548872 	1.14776022224 	-0.634266617269 	-0.0190297125927 	1.92499342869 	-0.55765645502 	-0.125671954154
4.74 	0 	1.76917293233 	1.09207156594 	-0.612824408369 	0.0555340686096 	1.71301402823 	-0.639320976715 	-0.09549430998
4.74 	0 	1.76015037594 	1.09207156594 	-0.612824408369 	0.0555340686096 	1.71301402823 	-0.639320976715 	-0.09549430998
4.74 	0 	1.75112781955 	1.09207156594 	-0.612824408369 	0.0555340686096 	1.71301402823 	-0.639320976715 	-0.09549430998
4.74 	0 	1.74210526316 	1.09207156594 	-0.612824408369 	0.0555340686096 	1.71301402823 	-0.639320976715 	-0.09549430998
4.74 	0 	1.73308270677 	1.2153239616 	-0.562409813965 	0.0848576423011 	1.53080774153 	-0.668944010749 	-0.0645305756958
4.74 	0 	1.72406015038 	1.2153239616 	-0.562409813965 	0.0848576423011 	1.53080774153 	-0.668944010749 	-0.0645305756958
4.74 	0 	1.71503759398 	1.2153239616 	-0.562409813965 	0.0848576423011 	1.53080774153 	-0.668944010749 	-0.0645305756958
4.74 	0 	1.70601503759 	1.19125864829 	-0.438529048229 	0.00530096893644 	1.42965474714 	-0.642069166423 	-0.0363744285168
4.74 	0 	1.6969924812 	1.19125864829 	-0.438529048229 	0.00530096893644 	1.42965474714 	-0.642069166423 	-0.0363744285168
4.74 	0 	1.68796992481 	1.19125864829 	-0.438529048229 	0.00530096893644 	1.42965474714 	-0.642069166423 	-0.0363744285168
4.74 	0 	1.67894736842 	1.19125864829 	-0.438529048229 	0.00530096893644 	1.42965474714 	-0.642069166423 	-0.0363744285168
4.74 	0 	1.66992481203 	1.39760421187 	-0.374876981379 	0.109119001491 	1.44284566683 	-0.597218566855 	-0.0160066962273
4.74 	0 	1.66090225564 	1.39760421187 	-0.374876981379 	0.109119001491 	1.44284566683 	-0.597218566855 	-0.0160066962273
4.74 	0 	1.65187969925 	1.39760421187 	-0.374876981379 	0.109119001491 	1.44284566683 	-0.597218566855 	-0.0160066962273
4.74 	0 	1.64285714286 	1.59209277463 	-0.482382064653 	0.133304630506 	1.50646280101 	-0.549240691125 	0.00189444835416
4.74 	0 	1.63383458647 	1.59209277463 	-0.482382064653 	0.133304630506 	1.50646280101 	-0.549240691125 	0.00189444835416
4.74 	0 	1.62481203008 	1.59209277463 	-0.482382064653 	0.133304630506 	1.50646280101 	-0.549240691125 	0.00189444835416
4.74 	0 	1.61578947368 	1.59209277463 	-0.482382064653 	0.133304630506 	1.50646280101 	-0.549240691125 	0.00189444835416
4.74 	0 	1.60676691729 	1.64020074145 	-0.355178390053 	0.0724257011669 	1.60134412378 	-0.506311019732 	0.0130463807109
4.74 	0 	1.5977443609 	1.64020074145 	-0.355178390053 	0.0724257011669 	1.60134412378 	-0.506311019732 	0.0130463807109
4.74 	0 	1.58872180451 	1.64020074145 	-0.355178390053 	0.0724257011669 	1.60134412378 	-0.506311019732 	0.0130463807109
4.74 	0 	1.57969924812 	1.55783965127 	-0.384133460818 	0.111999251883 	1.6764956159 	-0.469000146947 	0.023747395779
4.74 	0 	1.57067669173 	1.55783965127 	-0.384133460818 	0.111999251883 	1.6764956159 	-0.469000146947 	0.023747395779
4.74 	0 	1.56165413534 	1.55783965127 	-0.384133460818 	0.111999251883 	1.6764956159 	-0.469000146947 	0.023747395779
4.74 	0 	1.55263157895 	1.55783965127 	-0.384133460818 	0.111999251883 	1.6764956159 	-0.469000146947 	0.023747395779
4.74 	0 	1.54360902256 	1.58394665112 	-0.438295717461 	0.0325422748129 	1.74759425933 	-0.446999982983 	0.0343853727337
4.74 	0 	1.53458646617 	1.58394665112 	-0.438295717461 	0.0325422748129 	1.74759425933 	-0.446999982983 	0.0343853727337
4.74 	0 	1.52556390977 	1.58394665112 	-0.438295717461 	0.0325422748129 	1.74759425933 	-0.446999982983 	0.0343853727337
4.74 	0 	1.51654135338 	1.61625572218 	-0.519498761202 	-0.0341032151973 	1.76940952002 	-0.421929821706 	0.0376316565893
4.74 	0 	1.50751879699 	1.61625572218 	-0.519498761202 	-0.0341032151973 	1.76940952002 	-0.421929821706 	0.0376316565893
4.74 	0 	1.4984962406 	1.61625572218 	-0.519498761202 	-0.0341032151973 	1.76940952002 	-0.421929821706 	0.0376316565893
4.74 	0 	1.48947368421 	1.61625572218 	-0.519498761202 	-0.0341032151973 	1.76940952002 	-0.421929821706 	0.0376316565893
4.74 	0 	1.48045112782 	1.60456105776 	-0.531571696583 	0.00422620270019 	1.76951725058 	-0.393699605628 	0.0406406012245
4.74 	0 	1.47142857143 	1.60456105776 	-0.531571696583 	0.00422620270019 	1.76951725058 	-0.393699605628 	0.0406406012245
4.74 	0 	1.46240601504 	1.60456105776 	-0.531571696583 	0.00422620270019 	1.76951725058 	-0.393699605628 	0.0406406012245
4.74 	0 	1.45338345865 	1.28221669509 	-0.450405907285 	-0.0745399761197 	1.75905938072 	-0.374026966428 	0.04108484888
4.74 	0 	1.44436090226 	1.28221669509 	-0.450405907285 	-0.0745399761197 	1.75905938072 	-0.374026966428 	0.04108484888
4.74 	0 	1.43533834586 	1.28221669509 	-0.450405907285 	-0.0745399761197 	1.75905938072 	-0.374026966428 	0.04108484888
4.74 	0 	1.42631578947 	1.28221669509 	-0.450405907285 	-0.0745399761197 	1.75905938072 	-0.374026966428 	0.04108484888
4.74 	0 	1.41729323308 	1.20461797784 	-0.328130034591 	-0.190811767217 	1.75424490405 	-0.35626769683 	0.0459111900665
4.74 	0 	1.40827067669 	1.20461797784 	-0.328130034591 	-0.190811767217 	1.75424490405 	-0.35626769683 	0.0459111900665
4.74 	0 	1.3992481203 	1.20461797784 	-0.328130034591 	-0.190811767217 	1.75424490405 	-0.35626769683 	0.0459111900665
4.74 	0 	1.39022556391 	1.26593946264 	-0.420761155108 	-0.327045690823 	1.73620286341 	-0.343367090234 	0.0478115410751
4.74 	0 	1.38120300752 	1.26593946264 	-0.420761155108 	-0.327045690823 	1.73620286341 	-0.343367090234 	0.0478115410751
4.74 	0 	1.37218045113 	1.26593946264 	-0.420761155108 	-0.327045690823 	1.73620286341 	-0.343367090234 	0.0478115410751
4.74 	0 	1.36315789474 	1.26593946264 	-0.420761155108 	-0.327045690823 	1.73620286341 	-0.343367090234 	0.0478115410751
4.74 	0 	1.35413533835 	1.29307225168 	-0.505818182471 	-0.364976041028 	1.71826333282 	-0.32818637585 	0.0513372549475
4.74 	0 	1.34511278195 	1.29307225168 	-0.505818182471 	-0.364976041028 	1.71826333282 	-0.32818637585 	0.0513372549475
4.74 	0 	1.33609022556 	1.29307225168 	-0.505818182471 	-0.364976041028 	1.71826333282 	-0.32818637585 	0.0513372549475
4.74 	0 	1.32706766917 	1.25620830345 	-0.441560391315 	-0.222922631517 	1.7166933698 	-0.304353376581 	0.0588985675587
4.74 	0 	1.31804511278 	1.25620830345 	-0.441560391315 	-0.222922631517 	1.7166933698 	-0.304353376581 	0.0588985675587
4.74 	0 	1.30902255639 	1.25620830345 	-0.441560391315 	-0.222922631517 	1.7166933698 	-0.304353376581 	0.0588985675587
4.74 	0 	1.3 	1.25620830345 	-0.441560391315 	-0.222922631517 	1.7166933698 	-0.304353376581 	0.0588985675587
4.74 	0 	1.29097744361 	1.55860574603 	-0.450697624407 	-0.128649621279 	1.72192469327 	-0.283910030725 	0.0662949691563
4.74 	0 	1.28195488722 	1.55860574603 	-0.450697624407 	-0.128649621279 	1.72192469327 	-0.283910030725 	0.0662949691563
4.74 	0 	1.27293233083 	1.55860574603 	-0.450697624407 	-0.128649621279 	1.72192469327 	-0.283910030725 	0.0662949691563
4.74 	0 	1.26390977444 	1.79013253874 	-0.500180125654 	0.097358014058 	1.72997507499 	-0.264163446242 	0.0767793808928
4.74 	0 	1.25488721805 	1.79013253874 	-0.500180125654 	0.097358014058 	1.72997507499 	-0.264163446242 	0.0767793808928
4.74 	0 	1.24586466165 	1.79013253874 	-0.500180125654 	0.097358014058 	1.72997507499 	-0.264163446242 	0.0767793808928
4.74 	0 	1.23684210526 	1.79013253874 	-0.500180125654 	0.097358014058 	1.72997507499 	-0.264163446242 	0.0767793808928
4.74 	0 	1.22781954887 	1.87680282313 	-0.608976277495 	0.0938653116674 	1.76050269908 	-0.237006217511 	0.0822550876155
4.74 	0 	1.21879699248 	1.87680282313 	-0.608976277495 	0.0938653116674 	1.76050269908 	-0.237006217511 	0.0822550876155
4.74 	0 	1.20977443609 	1.87680282313 	-0.608976277495 	0.0938653116674 	1.76050269908 	-0.237006217511 	0.0822550876155
4.74 	0 	1.2007518797 	2.03042980844 	-0.750438348631 	-0.301991306888 	1.79942097849 	-0.214440657797 	0.0943180144816
4.74 	0 	1.19172932331 	2.03042980844 	-0.750438348631 	-0.301991306888 	1.79942097849 	-0.214440657797 	0.0943180144816
4.74 	0 	1.18270676692 	2.03042980844 	-0.750438348631 	-0.301991306888 	1.79942097849 	-0.214440657797 	0.0943180144816
4.74 	0 	1.17368421053 	2.03042980844 	-0.750438348631 	-0.301991306888 	1.79942097849 	-0.214440657797 	0.0943180144816
4.74 	0 	1.16466165414 	1.9601088951 	-0.729567732762 	-0.396701220021 	1.85517618283 	-0.197049845872 	0.107138394615
4.74 	0 	1.15563909774 	1.9601088951 	-0.729567732762 	-0.396701220021 	1.85517618283 	-0.197049845872 	0.107138394615
4.74 	0 	1.14661654135 	1.9601088951 	-0.729567732762 	-0.396701220021 	1.85517618283 	-0.197049845872 	0.107138394615
4.74 	0 	1.13759398496 	2.15144513808 	-0.914514337695 	-0.429741375691 	1.91972939942 	-0.189931818226 	0.116125352139
4.74 	0 	1.12857142857 	2.15144513808 	-0.914514337695 	-0.429741375691 	1.91972939942 	-0.189931818226 	0.116125352139
4.74 	0 	1.11954887218 	2.15144513808 	-0.914514337695 	-0.429741375691 	1.91972939942 	-0.189931818226 	0.116125352139
4.74 	0 	1.11052631579 	2.15144513808 	-0.914514337695 	-0.429741375691 	1.91972939942 	-0.189931818226 	0.116125352139
4.74 	0 	1.1015037594 	2.32322965505 	-1.29145661145 	-0.134151134098 	1.98115034842 	-0.177508377522 	0.135258981851
4.74 	0 	1.09248120301 	2.32322965505 	-1.29145661145 	-0.134151134098 	1.98115034842 	-0.177508377522 	0.135258981851
4.74 	0 	1.08345864662 	2.32322965505 	-1.29145661145 	-0.134151134098 	1.98115034842 	-0.177508377522 	0.135258981851
4.74 	0 	1.07443609023 	2.81004868425 	-1.61195179189 	-0.045767872884 	2.0514671727 	-0.17608314025 	0.147260244635
4.74 	0 	1.06541353383 	2.81004868425 	-1.61195179189 	-0.045767872884 	2.0514671727 	-0.17608314025 	0.147260244635
4.74 	0 	1.05639097744 	2.81004868425 	-1.61195179189 	-0.045767872884 	2.0514671727 	-0.17608314025 	0.147260244635
4.74 	0 	1.04736842105 	2.81004868425 	-1.61195179189 	-0.045767872884 	2.0514671727 	-0.17608314025 	0.147260244635
4.74 	0 	1.03834586466 	3.06545399693 	-1.30828199172 	0.464686996413 	2.16586308373 	-0.158021234781 	0.164795904763
4.74 	0 	1.02932330827 	3.06545399693 	-1.30828199172 	0.464686996413 	2.16586308373 	-0.158021234781 	0.164795904763
4.74 	0 	1.02030075188 	3.06545399693 	-1.30828199172 	0.464686996413 	2.16586308373 	-0.158021234781 	0.164795904763
4.74 	0 	1.01127819549 	3.13125441266 	-1.0970516324 	0.467992206532 	2.26266272868 	-0.151321496234 	0.169540838064
4.74 	0 	1.0022556391 	3.13125441266 	-1.0970516324 	0.467992206532 	2.26266272868 	-0.151321496234 	0.169540838064
4.74 	0 	0.993233082707 	3.13125441266 	-1.0970516324 	0.467992206532 	2.26266272868 	-0.151321496234 	0.169540838064
4.74 	0 	0.984210526316 	3.13125441266 	-1.0970516324 	0.467992206532 	2.26266272868 	-0.151321496234 	0.169540838064
4.74 	0 	0.975187969925 	3.2376651515 	-1.06262309406 	0.581734522312 	2.34927491219 	-0.14260131586 	0.183882031129
4.74 	0 	0.966165413534 	3.2376651515 	-1.06262309406 	0.581734522312 	2.34927491219 	-0.14260131586 	0.183882031129
4.74 	0 	0.957142857143 	3.2376651515 	-1.06262309406 	0.581734522312 	2.34927491219 	-0.14260131586 	0.183882031129
4.74 	0 	0.948120300752 	3.07107473316 	-1.01991099721 	0.582152877568 	2.44950906009 	-0.117523315694 	0.193406721279
4.74 	0 	0.939097744361 	3.07107473316 	-1.01991099721 	0.582152877568 	2.44950906009 	-0.117523315694 	0.193406721279
4.74 	0 	0.93007518797 	3.07107473316 	-1.01991099721 	0.582152877568 	2.44950906009 	-0.117523315694 	0.193406721279
4.74 	0 	0.921052631579 	3.07107473316 	-1.01991099721 	0.582152877568 	2.44950906009 	-0.117523315694 	0.193406721279
4.74 	0 	0.912030075188 	2.8991027415 	-0.759150794013 	0.776195170542 	2.54683254969 	-0.124432801915 	0.202591399282
4.74 	0 	0.903007518797 	2.8991027415 	-0.759150794013 	0.776195170542 	2.54683254969 	-0.124432801915 	0.202591399282
4.74 	0 	0.893984962406 	2.8991027415 	-0.759150794013 	0.776195170542 	2.54683254969 	-0.124432801915 	0.202591399282
4.74 	0 	0.884962406015 	3.13303643888 	-0.750216780925 	0.827621129247 	2.62045164563 	-0.134763190189 	0.204332739898
4.74 	0 	0.875939849624 	3.13303643888 	-0.750216780925 	0.827621129247 	2.62045164563 	-0.134763190189 	0.204332739898
4.74 	0 	0.866917293233 	3.13303643888 	-0.750216780925 	0.827621129247 	2.62045164563 	-0.134763190189 	0.204332739898
4.74 	0 	0.857894736842 	3.13303643888 	-0.750216780925 	0.827621129247 	2.62045164563 	-0.134763190189 	0.204332739898
4.74 	0 	0.848872180451 	3.29631984306 	-0.466348353603 	0.69431404891 	2.71530471073 	-0.14122584016 	0.199563791627
4.74 	0 	0.83984962406 	3.02200334851 	-0.307445251467 	0.814841057722 	2.71482744106 	-0.132904590939 	0.198122454517
4.74 	0 	0.830827067669 	3.02200334851 	-0.307445251467 	0.814841057722 	2.71482744106 	-0.132904590939 	0.198122454517
4.74 	0 	0.821804511278 	3.10615231279 	0.374091404435 	0.534934796861 	2.79715254444 	-0.121215062141 	0.198213928827
4.74 	0 	0.812781954887 	3.10615231279 	0.374091404435 	0.534934796861 	2.79715254444 	-0.121215062141 	0.198213928827
4.74 	0 	0.803759398496 	3.10615231279 	0.374091404435 	0.534934796861 	2.79715254444 	-0.121215062141 	0.198213928827
4.74 	0 	0.794736842105 	3.10615231279 	0.374091404435 	0.534934796861 	2.79715254444 	-0.121215062141 	0.198213928827
4.74 	0 	0.785714285714 	3.18363291096 	0.315039616713 	0.531444963315 	2.88306947148 	-0.116623828341 	0.186546712658
4.74 	0 	0.776691729323 	3.18363291096 	0.315039616713 	0.531444963315 	2.88306947148 	-0.116623828341 	0.186546712658
4.74 	0 	0.767669172932 	3.18363291096 	0.315039616713 	0.531444963315 	2.88306947148 	-0.116623828341 	0.186546712658
4.74 	0 	0.758646616541 	3.15609213649 	-0.288053115378 	0.453070548177 	2.96215748033 	-0.118310639207 	0.180225584877
4.74 	0 	0.74962406015 	3.15609213649 	-0.288053115378 	0.453070548177 	2.96215748033 	-0.118310639207 	0.180225584877
4.74 	0 	0.740601503759 	3.15609213649 	-0.288053115378 	0.453070548177 	2.96215748033 	-0.118310639207 	0.180225584877
4.74 	0 	0.731578947368 	3.15609213649 	-0.288053115378 	0.453070548177 	2.96215748033 	-0.118310639207 	0.180225584877
4.74 	0 	0.722556390977 	3.08310221406 	-0.667717343858 	0.309121858839 	3.0173906229 	-0.0988800251076 	0.158538229736
4.74 	0 	0.713533834586 	3.08310221406 	-0.667717343858 	0.309121858839 	3.0173906229 	-0.0988800251076 	0.158538229736
4.74 	0 	0.704511278195 	3.08310221406 	-0.667717343858 	0.309121858839 	3.0173906229 	-0.0988800251076 	0.158538229736
4.74 	0 	0.695488721804 	3.35818277307 	0.0647120646998 	0.478832326118 	3.07311564081 	-0.0912869125842 	0.157086383824
4.74 	0 	0.686466165414 	3.35818277307 	0.0647120646998 	0.478832326118 	3.07311564081 	-0.0912869125842 	0.157086383824
4.74 	0 	0.677443609023 	3.35818277307 	0.0647120646998 	0.478832326118 	3.07311564081 	-0.0912869125842 	0.157086383824
4.74 	0 	0.668421052632 	3.35818277307 	0.0647120646998 	0.478832326118 	3.07311564081 	-0.0912869125842 	0.157086383824
4.74 	0 	0.659398496241 	3.4605136372 	-0.00389182103909 	0.506747102558 	3.11430129519 	-0.084208718942 	0.132219098877
4.74 	0 	0.65037593985 	3.4605136372 	-0.00389182103909 	0.506747102558 	3.11430129519 	-0.084208718942 	0.132219098877
4.74 	0 	0.641353383459 	3.4605136372 	-0.00389182103909 	0.506747102558 	3.11430129519 	-0.084208718942 	0.132219098877
4.74 	0 	0.632330827068 	3.51720984898 	-0.153530376409 	0.300057201645 	3.15028982819 	-0.086310905419 	0.111377654773
4.74 	0 	0.623308270677 	3.51720984898 	-0.153530376409 	0.300057201645 	3.15028982819 	-0.086310905419 	0.111377654773
4.74 	0 	0.614285714286 	3.51720984898 	-0.153530376409 	0.300057201645 	3.15028982819 	-0.086310905419 	0.111377654773
4.74 	0 	0.605263157895 	3.51720984898 	-0.153530376409 	0.300057201645 	3.15028982819 	-0.086310905419 	0.111377654773
4.74 	0 	0.596240601504 	3.42366109886 	-0.0676277282352 	0.517409783025 	3.18761479343 	-0.0757277512451 	0.0989820910324
4.74 	0 	0.587218045113 	3.42366109886 	-0.0676277282352 	0.517409783025 	3.18761479343 	-0.0757277512451 	0.0989820910324
4.74 	0 	0.578195488722 	3.42366109886 	-0.0676277282352 	0.517409783025 	3.18761479343 	-0.0757277512451 	0.0989820910324
4.74 	0 	0.569172932331 	3.37366281704 	-0.100103243531 	0.287942264891 	3.19577283103 	-0.0681850330107 	0.0925823703938
4.74 	0 	0.56015037594 	3.37366281704 	-0.100103243531 	0.287942264891 	3.19577283103 	-0.0681850330107 	0.0925823703938
4.74 	0 	0.551127819549 	3.37366281704 	-0.100103243531 	0.287942264891 	3.19577283103 	-0.0681850330107 	0.0925823703938
4.74 	0 	0.542105263158 	3.37366281704 	-0.100103243531 	0.287942264891 	3.19577283103 	-0.0681850330107 	0.0925823703938
4.74 	0 	0.533082706767 	3.57872114508 	-0.0393208295519 	0.233164591191 	3.18609967063 	-0.0560547440203 	0.0733684226923
4.74 	0 	0.524060150376 	3.57872114508 	-0.0393208295519 	0.233164591191 	3.18609967063 	-0.0560547440203 	0.0733684226923
4.74 	0 	0.515037593985 	3.57872114508 	-0.0393208295519 	0.233164591191 	3.18609967063 	-0.0560547440203 	0.0733684226923
4.74 	0 	0.506015037594 	3.5091037609 	-0.112476057832 	0.243706526092 	3.17945109066 	-0.0371787699486 	0.0657813947595
4.74 	0 	0.496992481203 	3.5091037609 	-0.112476057832 	0.243706526092 	3.17945109066 	-0.0371787699486 	0.0657813947595
4.74 	0 	0.487969924812 	3.5091037609 	-0.112476057832 	0.243706526092 	3.17945109066 	-0.0371787699486 	0.0657813947595
4.74 	0 	0.478947368421 	3.5091037609 	-0.112476057832 	0.243706526092 	3.17945109066 	-0.0371787699486 	0.0657813947595
4.74 	0 	0.46992481203 	3.46696618789 	-0.0289062435676 	0.203524534299 	3.1620463858 	-0.0271784524832 	0.0609539534923
4.74 	0 	0.460902255639 	3.46696618789 	-0.0289062435676 	0.203524534299 	3.1620463858 	-0.0271784524832 	0.0609539534923
4.74 	0 	0.451879699248 	3.46696618789 	-0.0289062435676 	0.203524534299 	3.1620463858 	-0.0271784524832 	0.0609539534923
4.74 	0 	0.442857142857 	3.63525643876 	0.10425319045 	-0.039708184313 	3.13512548681 	-0.0157274043345 	0.0530872262367
4.74 	0 	0.433834586466 	3.63525643876 	0.10425319045 	-0.039708184313 	3.13512548681 	-0.0157274043345 	0.0530872262367
4.74 	0 	0.424812030075 	3.63525643876 	0.10425319045 	-0.039708184313 	3.13512548681 	-0.0157274043345 	0.0530872262367
4.74 	0 	0.415789473684 	3.63525643876 	0.10425319045 	-0.039708184313 	3.13512548681 	-0.0157274043345 	0.0530872262367
4.74 	0 	0.406766917293 	3.28707614368 	0.0352932538487 	-0.0760660822846 	3.09308131296 	0.000314175489609 	0.0435885626548
4.74 	0 	0.397744360902 	3.28707614368 	0.0352932538487 	-0.0760660822846 	3.09308131296 	0.000314175489609 	0.0435885626548
4.74 	0 	0.388721804511 	3.28707614368 	0.0352932538487 	-0.0760660822846 	3.09308131296 	0.000314175489609 	0.0435885626548
4.74 	0 	0.37969924812 	3.34034609685 	0.0868013871441 	-0.0743374129751 	3.03210706205 	0.00585814560453 	0.0373732505006
4.74 	0 	0.370676691729 	3.34034609685 	0.0868013871441 	-0.0743374129751 	3.03210706205 	0.00585814560453 	0.0373732505006
4.74 	0 	0.361654135338 	3.39709369013 	0.0578888120892 	-0.077499446051 	3.04102297623 	0.0136975860582 	0.0375149170867
4.74 	0 	0.352631578947 	3.39709369013 	0.0578888120892 	-0.077499446051 	3.04102297623 	0.0136975860582 	0.0375149170867
4.74 	0 	0.343609022556 	3.29607183529 	-0.0295768228285 	-0.0547667316055 	2.97378893295 	0.0124191011177 	0.025969480234
4.74 	0 	0.334586466165 	3.29607183529 	-0.0295768228285 	-0.0547667316055 	2.97378893295 	0.0124191011177 	0.025969480234
4.74 	0 	0.325563909774 	3.29607183529 	-0.0295768228285 	-0.0547667316055 	2.97378893295 	0.0124191011177 	0.025969480234
4.74 	0 	0.316541353383 	3.15815591994 	-0.0223338346802 	-0.0832247156002 	2.87005583912 	0.00477993926589 	0.0234169829743
4.74 	0 	0.307518796992 	3.15815591994 	-0.0223338346802 	-0.0832247156002 	2.87005583912 	0.00477993926589 	0.0234169829743
4.74 	0 	0.298496240601 	3.15815591994 	-0.0223338346802 	-0.0832247156002 	2.87005583912 	0.00477993926589 	0.0234169829743
4.74 	0 	0.289473684211 	3.15815591994 	-0.0223338346802 	-0.0832247156002 	2.87005583912 	0.00477993926589 	0.0234169829743
4.74 	0 	0.28045112782 	3.0159285913 	-0.0757757775541 	-0.0680585213314 	2.75584766546 	-0.00199792315902 	0.013426733814
4.74 	0 	0.271428571429 	3.0159285913 	-0.0757757775541 	-0.0680585213314 	2.75584766546 	-0.00199792315902 	0.013426733814
4.74 	0 	0.262406015038 	3.0159285913 	-0.0757757775541 	-0.0680585213314 	2.75584766546 	-0.00199792315902 	0.013426733814
4.74 	0 	0.253383458647 	3.0159285913 	-0.0757757775541 	-0.0680585213314 	2.75584766546 	-0.00199792315902 	0.013426733814
4.74 	0 	0.244360902256 	2.65615374432 	0.117040411751 	-0.227112144865 	2.54641307934 	-0.00133538880765 	0.00563810897222
4.74 	0 	0.235338345865 	2.65615374432 	0.117040411751 	-0.227112144865 	2.54641307934 	-0.00133538880765 	0.00563810897222
4.74 	0 	0.226315789474 	2.65615374432 	0.117040411751 	-0.227112144865 	2.54641307934 	-0.00133538880765 	0.00563810897222
4.74 	0 	0.217293233083 	2.65615374432 	0.117040411751 	-0.227112144865 	2.54641307934 	-0.00133538880765 	0.00563810897222
4.74 	0 	0.208270676692 	2.65615374432 	0.117040411751 	-0.227112144865 	2.54641307934 	-0.00133538880765 	0.00563810897222
4.74 	0 	0.199248120301 	2.65615374432 	0.117040411751 	-0.227112144865 	2.54641307934 	-0.00133538880765 	0.00563810897222
4.74 	0 	0.19022556391 	2.65615374432 	0.117040411751 	-0.227112144865 	2.54641307934 	-0.00133538880765 	0.00563810897222
4.74 	0 	0.181203007519 	2.4204182768 	-0.0104880226393 	0.16107071467 	2.15983309338 	0.00297776179428 	0.00893031516569
4.74 	0 	0.172180451128 	2.4204182768 	-0.0104880226393 	0.16107071467 	2.15983309338 	0.00297776179428 	0.00893031516569
4.74 	0 	0.163157894737 	2.4204182768 	-0.0104880226393 	0.16107071467 	2.15983309338 	0.00297776179428 	0.00893031516569
4.74 	0 	0.154135338346 	2.4204182768 	-0.0104880226393 	0.16107071467 	2.15983309338 	0.00297776179428 	0.00893031516569
4.74 	0 	0.145112781955 	2.4204182768 	-0.0104880226393 	0.16107071467 	2.15983309338 	0.00297776179428 	0.00893031516569
4.74 	0 	0.136090225564 	2.5608802011 	-0.27038417911 	0.171672349449 	2.16007782378 	0.00393623572287 	0.0269235697368
4.74 	0 	0.127067669173 	2.5608802011 	-0.27038417911 	0.171672349449 	2.16007782378 	0.00393623572287 	0.0269235697368
4.74 	0 	0.118045112782 	1.43957397236 	0.0516295891616 	-0.051234608229 	1.58605648176 	-0.020761880861 	0.0145401563355
4.74 	0 	0.109022556391 	1.43957397236 	0.0516295891616 	-0.051234608229 	1.58605648176 	-0.020761880861 	0.0145401563355
4.74 	0 	0.1 	1.43957397236 	0.0516295891616 	-0.051234608229 	1.58605648176 	-0.020761880861 	0.0145401563355
