11.85 	-3 	2.09 	0.0129513995396 	-0.00190933307972 	-6.6829290334e-05 	0.00181254426649 	-0.000123790048858 	0.00089721918915
11.85 	-2.98496240602 	2.09 	0.0129513995396 	-0.00190933307972 	-6.6829290334e-05 	0.00181254426649 	-0.000123790048858 	0.00089721918915
11.85 	-2.96992481203 	2.09 	0.0129513995396 	-0.00190933307972 	-6.6829290334e-05 	0.00181254426649 	-0.000123790048858 	0.00089721918915
11.85 	-2.95488721805 	2.09 	0.0129513995396 	-0.00190933307972 	-6.6829290334e-05 	0.00181254426649 	-0.000123790048858 	0.00089721918915
11.85 	-2.93984962406 	2.09 	0.0129513995396 	-0.00190933307972 	-6.6829290334e-05 	0.00181254426649 	-0.000123790048858 	0.00089721918915
11.85 	-2.92481203008 	2.09 	0.0129513995396 	-0.00190933307972 	-6.6829290334e-05 	0.00181254426649 	-0.000123790048858 	0.00089721918915
11.85 	-2.90977443609 	2.09 	0.0129513995396 	-0.00190933307972 	-6.6829290334e-05 	0.00181254426649 	-0.000123790048858 	0.00089721918915
11.85 	-2.89473684211 	2.09 	0.0129513995396 	-0.00190933307972 	-6.6829290334e-05 	0.00181254426649 	-0.000123790048858 	0.00089721918915
11.85 	-2.87969924812 	2.09 	0.0129513995396 	-0.00190933307972 	-6.6829290334e-05 	0.00181254426649 	-0.000123790048858 	0.00089721918915
11.85 	-2.86466165414 	2.09 	0.0153248209501 	-0.00283309896122 	-0.000330824936732 	0.00242942016158 	2.07249373274e-05 	0.000986617612242
11.85 	-2.84962406015 	2.09 	0.0153248209501 	-0.00283309896122 	-0.000330824936732 	0.00242942016158 	2.07249373274e-05 	0.000986617612242
11.85 	-2.83458646617 	2.09 	0.0153248209501 	-0.00283309896122 	-0.000330824936732 	0.00242942016158 	2.07249373274e-05 	0.000986617612242
11.85 	-2.81954887218 	2.09 	0.0153248209501 	-0.00283309896122 	-0.000330824936732 	0.00242942016158 	2.07249373274e-05 	0.000986617612242
11.85 	-2.8045112782 	2.09 	0.0153248209501 	-0.00283309896122 	-0.000330824936732 	0.00242942016158 	2.07249373274e-05 	0.000986617612242
11.85 	-2.78947368421 	2.09 	0.0153248209501 	-0.00283309896122 	-0.000330824936732 	0.00242942016158 	2.07249373274e-05 	0.000986617612242
11.85 	-2.77443609023 	2.09 	0.0153248209501 	-0.00283309896122 	-0.000330824936732 	0.00242942016158 	2.07249373274e-05 	0.000986617612242
11.85 	-2.75939849624 	2.09 	0.0153248209501 	-0.00283309896122 	-0.000330824936732 	0.00242942016158 	2.07249373274e-05 	0.000986617612242
11.85 	-2.74436090226 	2.09 	0.0163707085541 	-0.00194357463676 	1.18281073818e-05 	0.00296274747811 	0.000105530233565 	0.00120835423202
11.85 	-2.72932330827 	2.09 	0.0163707085541 	-0.00194357463676 	1.18281073818e-05 	0.00296274747811 	0.000105530233565 	0.00120835423202
11.85 	-2.71428571429 	2.09 	0.0163707085541 	-0.00194357463676 	1.18281073818e-05 	0.00296274747811 	0.000105530233565 	0.00120835423202
11.85 	-2.6992481203 	2.09 	0.0163707085541 	-0.00194357463676 	1.18281073818e-05 	0.00296274747811 	0.000105530233565 	0.00120835423202
11.85 	-2.68421052632 	2.09 	0.0163707085541 	-0.00194357463676 	1.18281073818e-05 	0.00296274747811 	0.000105530233565 	0.00120835423202
11.85 	-2.66917293233 	2.09 	0.0163707085541 	-0.00194357463676 	1.18281073818e-05 	0.00296274747811 	0.000105530233565 	0.00120835423202
11.85 	-2.65413533835 	2.09 	0.0163707085541 	-0.00194357463676 	1.18281073818e-05 	0.00296274747811 	0.000105530233565 	0.00120835423202
11.85 	-2.63909774436 	2.09 	0.0163707085541 	-0.00194357463676 	1.18281073818e-05 	0.00296274747811 	0.000105530233565 	0.00120835423202
11.85 	-2.62406015038 	2.09 	0.0158067366571 	-0.00211544785701 	-0.00044345027146 	0.00465481344962 	0.000941447388785 	0.0015730168462
11.85 	-2.60902255639 	2.09 	0.0158067366571 	-0.00211544785701 	-0.00044345027146 	0.00465481344962 	0.000941447388785 	0.0015730168462
11.85 	-2.59398496241 	2.09 	0.0158067366571 	-0.00211544785701 	-0.00044345027146 	0.00465481344962 	0.000941447388785 	0.0015730168462
11.85 	-2.57894736842 	2.09 	0.0158067366571 	-0.00211544785701 	-0.00044345027146 	0.00465481344962 	0.000941447388785 	0.0015730168462
11.85 	-2.56390977444 	2.09 	0.0158067366571 	-0.00211544785701 	-0.00044345027146 	0.00465481344962 	0.000941447388785 	0.0015730168462
11.85 	-2.54887218045 	2.09 	0.0158067366571 	-0.00211544785701 	-0.00044345027146 	0.00465481344962 	0.000941447388785 	0.0015730168462
11.85 	-2.53383458647 	2.09 	0.0158067366571 	-0.00211544785701 	-0.00044345027146 	0.00465481344962 	0.000941447388785 	0.0015730168462
11.85 	-2.51879699248 	2.09 	0.0158067366571 	-0.00211544785701 	-0.00044345027146 	0.00465481344962 	0.000941447388785 	0.0015730168462
11.85 	-2.5037593985 	2.09 	0.0158067366571 	-0.00211544785701 	-0.00044345027146 	0.00465481344962 	0.000941447388785 	0.0015730168462
11.85 	-2.48872180451 	2.09 	0.0168799776231 	-0.00101888775216 	-0.000475796090784 	0.0071474031566 	0.00153841139515 	0.00181701088585
11.85 	-2.47368421053 	2.09 	0.0168799776231 	-0.00101888775216 	-0.000475796090784 	0.0071474031566 	0.00153841139515 	0.00181701088585
11.85 	-2.45864661654 	2.09 	0.0168799776231 	-0.00101888775216 	-0.000475796090784 	0.0071474031566 	0.00153841139515 	0.00181701088585
11.85 	-2.44360902256 	2.09 	0.0168799776231 	-0.00101888775216 	-0.000475796090784 	0.0071474031566 	0.00153841139515 	0.00181701088585
11.85 	-2.42857142857 	2.09 	0.0168799776231 	-0.00101888775216 	-0.000475796090784 	0.0071474031566 	0.00153841139515 	0.00181701088585
11.85 	-2.41353383459 	2.09 	0.0168799776231 	-0.00101888775216 	-0.000475796090784 	0.0071474031566 	0.00153841139515 	0.00181701088585
11.85 	-2.3984962406 	2.09 	0.0168799776231 	-0.00101888775216 	-0.000475796090784 	0.0071474031566 	0.00153841139515 	0.00181701088585
11.85 	-2.38345864662 	2.09 	0.0168799776231 	-0.00101888775216 	-0.000475796090784 	0.0071474031566 	0.00153841139515 	0.00181701088585
11.85 	-2.36842105263 	2.09 	0.0208378055613 	3.47009611866e-05 	-0.000837809612602 	0.0133191123811 	0.00246701146717 	0.00288154250507
11.85 	-2.35338345865 	2.09 	0.0208378055613 	3.47009611866e-05 	-0.000837809612602 	0.0133191123811 	0.00246701146717 	0.00288154250507
11.85 	-2.33834586466 	2.09 	0.0208378055613 	3.47009611866e-05 	-0.000837809612602 	0.0133191123811 	0.00246701146717 	0.00288154250507
11.85 	-2.32330827068 	2.09 	0.0208378055613 	3.47009611866e-05 	-0.000837809612602 	0.0133191123811 	0.00246701146717 	0.00288154250507
11.85 	-2.30827067669 	2.09 	0.0208378055613 	3.47009611866e-05 	-0.000837809612602 	0.0133191123811 	0.00246701146717 	0.00288154250507
11.85 	-2.29323308271 	2.09 	0.0208378055613 	3.47009611866e-05 	-0.000837809612602 	0.0133191123811 	0.00246701146717 	0.00288154250507
11.85 	-2.27819548872 	2.09 	0.0208378055613 	3.47009611866e-05 	-0.000837809612602 	0.0133191123811 	0.00246701146717 	0.00288154250507
11.85 	-2.26315789474 	2.09 	0.0208378055613 	3.47009611866e-05 	-0.000837809612602 	0.0133191123811 	0.00246701146717 	0.00288154250507
11.85 	-2.24812030075 	2.09 	0.0262890132671 	0.00385806641247 	-0.00139976825694 	0.0279795270819 	0.00353138035132 	0.00433890191074
11.85 	-2.23308270677 	2.09 	0.0262890132671 	0.00385806641247 	-0.00139976825694 	0.0279795270819 	0.00353138035132 	0.00433890191074
11.85 	-2.21804511278 	2.09 	0.0262890132671 	0.00385806641247 	-0.00139976825694 	0.0279795270819 	0.00353138035132 	0.00433890191074
11.85 	-2.2030075188 	2.09 	0.0262890132671 	0.00385806641247 	-0.00139976825694 	0.0279795270819 	0.00353138035132 	0.00433890191074
11.85 	-2.18796992481 	2.09 	0.0262890132671 	0.00385806641247 	-0.00139976825694 	0.0279795270819 	0.00353138035132 	0.00433890191074
11.85 	-2.17293233083 	2.09 	0.0291751119285 	0.00352914469984 	-0.000696282335609 	0.0333103509849 	0.00331912966772 	0.00693133275967
11.85 	-2.15789473684 	2.09 	0.0291751119285 	0.00352914469984 	-0.000696282335609 	0.0333103509849 	0.00331912966772 	0.00693133275967
11.85 	-2.14285714286 	2.09 	0.0291751119285 	0.00352914469984 	-0.000696282335609 	0.0333103509849 	0.00331912966772 	0.00693133275967
11.85 	-2.12781954887 	2.09 	0.0291751119285 	0.00352914469984 	-0.000696282335609 	0.0333103509849 	0.00331912966772 	0.00693133275967
11.85 	-2.11278195489 	2.09 	0.030943572221 	0.00670314821107 	0.00116393301309 	0.0441007914786 	0.00347383107017 	0.0109266006705
11.85 	-2.0977443609 	2.09 	0.030943572221 	0.00670314821107 	0.00116393301309 	0.0441007914786 	0.00347383107017 	0.0109266006705
11.85 	-2.08270676692 	2.09 	0.030943572221 	0.00670314821107 	0.00116393301309 	0.0441007914786 	0.00347383107017 	0.0109266006705
11.85 	-2.06766917293 	2.09 	0.030943572221 	0.00670314821107 	0.00116393301309 	0.0441007914786 	0.00347383107017 	0.0109266006705
11.85 	-2.05263157895 	2.09 	0.038727459166 	0.0126356595575 	0.0013723103079 	0.0523559401676 	0.00344945361053 	0.0164898140552
11.85 	-2.03759398496 	2.09 	0.038727459166 	0.0126356595575 	0.0013723103079 	0.0523559401676 	0.00344945361053 	0.0164898140552
11.85 	-2.02255639098 	2.09 	0.038727459166 	0.0126356595575 	0.0013723103079 	0.0523559401676 	0.00344945361053 	0.0164898140552
11.85 	-2.00751879699 	2.09 	0.038727459166 	0.0126356595575 	0.0013723103079 	0.0523559401676 	0.00344945361053 	0.0164898140552
11.85 	-1.99248120301 	2.09 	0.0490134688717 	0.0183597090836 	0.00044537001742 	0.0642650410266 	0.00257209956578 	0.0266534911156
11.85 	-1.97744360902 	2.09 	0.0490134688717 	0.0183597090836 	0.00044537001742 	0.0642650410266 	0.00257209956578 	0.0266534911156
11.85 	-1.96240601504 	2.09 	0.0490134688717 	0.0183597090836 	0.00044537001742 	0.0642650410266 	0.00257209956578 	0.0266534911156
11.85 	-1.94736842105 	2.09 	0.0490134688717 	0.0183597090836 	0.00044537001742 	0.0642650410266 	0.00257209956578 	0.0266534911156
11.85 	-1.93233082707 	2.09 	0.0624637109609 	0.0257848150831 	-0.00250883469617 	0.0728047793051 	0.00253455553164 	0.037878832708
11.85 	-1.91729323308 	2.09 	0.0624637109609 	0.0257848150831 	-0.00250883469617 	0.0728047793051 	0.00253455553164 	0.037878832708
11.85 	-1.9022556391 	2.09 	0.0624637109609 	0.0257848150831 	-0.00250883469617 	0.0728047793051 	0.00253455553164 	0.037878832708
11.85 	-1.88721804511 	2.09 	0.0624637109609 	0.0257848150831 	-0.00250883469617 	0.0728047793051 	0.00253455553164 	0.037878832708
11.85 	-1.87218045113 	2.09 	0.0773864689498 	0.0369769631692 	-0.00444291663364 	0.0870607787564 	-0.000466840083139 	0.0521301300187
11.85 	-1.85714285714 	2.09 	0.0773864689498 	0.0369769631692 	-0.00444291663364 	0.0870607787564 	-0.000466840083139 	0.0521301300187
11.85 	-1.84210526316 	2.09 	0.0773864689498 	0.0369769631692 	-0.00444291663364 	0.0870607787564 	-0.000466840083139 	0.0521301300187
11.85 	-1.82706766917 	2.09 	0.0773864689498 	0.0369769631692 	-0.00444291663364 	0.0870607787564 	-0.000466840083139 	0.0521301300187
11.85 	-1.81203007519 	2.09 	0.108745161816 	0.0558235901781 	-0.0096462712013 	0.102927376842 	-0.00388671428368 	0.0691138312135
11.85 	-1.7969924812 	2.09 	0.108745161816 	0.0558235901781 	-0.0096462712013 	0.102927376842 	-0.00388671428368 	0.0691138312135
11.85 	-1.78195488722 	2.09 	0.108745161816 	0.0558235901781 	-0.0096462712013 	0.102927376842 	-0.00388671428368 	0.0691138312135
11.85 	-1.76691729323 	2.09 	0.108745161816 	0.0558235901781 	-0.0096462712013 	0.102927376842 	-0.00388671428368 	0.0691138312135
11.85 	-1.75187969925 	2.09 	0.108745161816 	0.0558235901781 	-0.0096462712013 	0.102927376842 	-0.00388671428368 	0.0691138312135
11.85 	-1.73684210526 	2.09 	0.132052909933 	0.0574635397429 	-0.0144808368538 	0.105632102234 	-0.00277693727682 	0.0774918646234
11.85 	-1.72180451128 	2.09 	0.132052909933 	0.0574635397429 	-0.0144808368538 	0.105632102234 	-0.00277693727682 	0.0774918646234
11.85 	-1.70676691729 	2.09 	0.145098776344 	0.0610421923166 	-0.0204690966404 	0.110475368745 	-0.00422904169732 	0.0822998128551
11.85 	-1.69172932331 	2.09 	0.145098776344 	0.0610421923166 	-0.0204690966404 	0.110475368745 	-0.00422904169732 	0.0822998128551
11.85 	-1.67669172932 	2.09 	0.16752234036 	0.0686070398 	-0.0206180669392 	0.122869178842 	-0.00257848638542 	0.0896023192391
11.85 	-1.66165413534 	2.09 	0.16752234036 	0.0686070398 	-0.0206180669392 	0.122869178842 	-0.00257848638542 	0.0896023192391
11.85 	-1.64661654135 	2.09 	0.178237792975 	0.0656854693841 	-0.0197100139352 	0.127319123133 	-0.0121937442687 	0.106262443988
11.85 	-1.63157894737 	2.09 	0.178237792975 	0.0656854693841 	-0.0197100139352 	0.127319123133 	-0.0121937442687 	0.106262443988
11.85 	-1.61654135338 	2.09 	0.199736031717 	0.069845244608 	-0.0198450245855 	0.135449331901 	-0.0122461959418 	0.111852124017
11.85 	-1.6015037594 	2.09 	0.199736031717 	0.069845244608 	-0.0198450245855 	0.135449331901 	-0.0122461959418 	0.111852124017
11.85 	-1.58646616541 	2.09 	0.215140670172 	0.0730607328579 	-0.0248100445439 	0.142359415299 	-0.0115517114987 	0.121300786156
11.85 	-1.57142857143 	2.09 	0.215140670172 	0.0730607328579 	-0.0248100445439 	0.142359415299 	-0.0115517114987 	0.121300786156
11.85 	-1.55639097744 	2.09 	0.223090073014 	0.0784804426964 	-0.027739792589 	0.146843483488 	-0.0104074684374 	0.126287456216
11.85 	-1.54135338346 	2.09 	0.223090073014 	0.0784804426964 	-0.027739792589 	0.146843483488 	-0.0104074684374 	0.126287456216
11.85 	-1.52631578947 	2.09 	0.231376454117 	0.0858499486872 	-0.0244818070053 	0.145691832487 	-0.0069909835891 	0.127713830282
11.85 	-1.51127819549 	2.09 	0.231376454117 	0.0858499486872 	-0.0244818070053 	0.145691832487 	-0.0069909835891 	0.127713830282
11.85 	-1.4962406015 	2.09 	0.240048171594 	0.0837541136816 	-0.0126481693566 	0.150752367019 	-0.0104073998055 	0.149464724868
11.85 	-1.48120300752 	2.09 	0.240048171594 	0.0837541136816 	-0.0126481693566 	0.150752367019 	-0.0104073998055 	0.149464724868
11.85 	-1.46616541353 	2.09 	0.242459619565 	0.085788546031 	-0.0190137662602 	0.149740919439 	-0.0128714555749 	0.163255717345
11.85 	-1.45112781955 	2.09 	0.242459619565 	0.085788546031 	-0.0190137662602 	0.149740919439 	-0.0128714555749 	0.163255717345
11.85 	-1.43609022556 	2.09 	0.241136704101 	0.0845842251406 	-0.0243093407272 	0.161056374277 	-0.0206857333714 	0.166646941334
11.85 	-1.42105263158 	2.09 	0.241136704101 	0.0845842251406 	-0.0243093407272 	0.161056374277 	-0.0206857333714 	0.166646941334
11.85 	-1.40601503759 	2.09 	0.228490582366 	0.0802920132076 	-0.0277876924281 	0.167981622762 	-0.0214354154724 	0.173346358725
11.85 	-1.39097744361 	2.09 	0.228490582366 	0.0802920132076 	-0.0277876924281 	0.167981622762 	-0.0214354154724 	0.173346358725
11.85 	-1.37593984962 	2.09 	0.228490582366 	0.0802920132076 	-0.0277876924281 	0.167981622762 	-0.0214354154724 	0.173346358725
11.85 	-1.36090225564 	2.09 	0.230450821732 	0.0882548431746 	-0.0200368112834 	0.17077432668 	-0.0237912135867 	0.171125333846
11.85 	-1.34586466165 	2.09 	0.230450821732 	0.0882548431746 	-0.0200368112834 	0.17077432668 	-0.0237912135867 	0.171125333846
11.85 	-1.33082706767 	2.09 	0.221219723697 	0.080543125686 	-0.0176590599437 	0.168998827563 	-0.025606540653 	0.163696503628
11.85 	-1.31578947368 	2.09 	0.221219723697 	0.080543125686 	-0.0176590599437 	0.168998827563 	-0.025606540653 	0.163696503628
11.85 	-1.3007518797 	2.09 	0.212216384291 	0.0746933447153 	-0.0195327982002 	0.172625703188 	-0.0267083890723 	0.162173931947
11.85 	-1.28571428571 	2.09 	0.212216384291 	0.0746933447153 	-0.0195327982002 	0.172625703188 	-0.0267083890723 	0.162173931947
11.85 	-1.27067669173 	2.09 	0.203103034431 	0.082041188684 	-0.0184053949135 	0.181469244359 	-0.0311603172279 	0.168074742807
11.85 	-1.25563909774 	2.09 	0.203103034431 	0.082041188684 	-0.0184053949135 	0.181469244359 	-0.0311603172279 	0.168074742807
11.85 	-1.24060150376 	2.09 	0.21714752504 	0.0851615155424 	-0.0178984950514 	0.189748646453 	-0.0367558196237 	0.170005609938
11.85 	-1.22556390977 	2.09 	0.21714752504 	0.0851615155424 	-0.0178984950514 	0.189748646453 	-0.0367558196237 	0.170005609938
11.85 	-1.21052631579 	2.09 	0.216347234454 	0.0909467970533 	-0.0174318076707 	0.191309493548 	-0.0400594690888 	0.166193674402
11.85 	-1.1954887218 	2.09 	0.216347234454 	0.0909467970533 	-0.0174318076707 	0.191309493548 	-0.0400594690888 	0.166193674402
11.85 	-1.18045112782 	2.09 	0.226265271599 	0.088639520158 	-0.0115296728148 	0.188575699736 	-0.0458657731665 	0.165298571711
11.85 	-1.16541353383 	2.09 	0.226265271599 	0.088639520158 	-0.0115296728148 	0.188575699736 	-0.0458657731665 	0.165298571711
11.85 	-1.15037593985 	2.09 	0.233234899999 	0.0915297595676 	-0.0041610962164 	0.183231225839 	-0.0382983292823 	0.174548136368
11.85 	-1.13533834586 	2.09 	0.233234899999 	0.0915297595676 	-0.0041610962164 	0.183231225839 	-0.0382983292823 	0.174548136368
11.85 	-1.12030075188 	2.09 	0.237574841203 	0.099495807712 	-0.00563411938764 	0.194976659261 	-0.0374731545895 	0.183395863328
11.85 	-1.10526315789 	2.09 	0.237574841203 	0.099495807712 	-0.00563411938764 	0.194976659261 	-0.0374731545895 	0.183395863328
11.85 	-1.09022556391 	2.09 	0.243112106505 	0.103624609637 	-0.00588871523297 	0.203289696198 	-0.0419598598495 	0.189835558896
11.85 	-1.07518796992 	2.09 	0.243112106505 	0.103624609637 	-0.00588871523297 	0.203289696198 	-0.0419598598495 	0.189835558896
11.85 	-1.06015037594 	2.09 	0.229404235016 	0.107984776387 	-0.0172994049954 	0.206564432096 	-0.04729426174 	0.190309874337
11.85 	-1.04511278195 	2.09 	0.229404235016 	0.107984776387 	-0.0172994049954 	0.206564432096 	-0.04729426174 	0.190309874337
11.85 	-1.03007518797 	2.09 	0.225765642136 	0.101191175246 	-0.0206483139088 	0.206456164933 	-0.0505282312971 	0.174980733035
11.85 	-1.01503759398 	2.09 	0.225765642136 	0.101191175246 	-0.0206483139088 	0.206456164933 	-0.0505282312971 	0.174980733035
11.85 	-1 	2.09 	0.224692679952 	0.10234930445 	-0.00515027831143 	0.213091904047 	-0.0499872188878 	0.176045302155
11.85 	-0.984962406015 	2.09 	0.224692679952 	0.10234930445 	-0.00515027831143 	0.213091904047 	-0.0499872188878 	0.176045302155
11.85 	-0.96992481203 	2.09 	0.224692679952 	0.10234930445 	-0.00515027831143 	0.213091904047 	-0.0499872188878 	0.176045302155
11.85 	-0.954887218045 	2.09 	0.234211025494 	0.10997189684 	0.00154826924967 	0.211487491184 	-0.0445598253153 	0.181744327466
11.85 	-0.93984962406 	2.09 	0.234211025494 	0.10997189684 	0.00154826924967 	0.211487491184 	-0.0445598253153 	0.181744327466
11.85 	-0.924812030075 	2.09 	0.22265587949 	0.100220667122 	0.000763617080434 	0.210708609513 	-0.0412729799993 	0.169374022368
11.85 	-0.90977443609 	2.09 	0.22265587949 	0.100220667122 	0.000763617080434 	0.210708609513 	-0.0412729799993 	0.169374022368
11.85 	-0.894736842105 	2.09 	0.211691463895 	0.0969168932566 	0.00155161519245 	0.218591499609 	-0.0365723728541 	0.1753782138
11.85 	-0.87969924812 	2.09 	0.211691463895 	0.0969168932566 	0.00155161519245 	0.218591499609 	-0.0365723728541 	0.1753782138
11.85 	-0.864661654135 	2.09 	0.207831551045 	0.0961827981641 	0.0136457669878 	0.225356199022 	-0.0326724124858 	0.194919955543
11.85 	-0.84962406015 	2.09 	0.207831551045 	0.0961827981641 	0.0136457669878 	0.225356199022 	-0.0326724124858 	0.194919955543
11.85 	-0.834586466165 	2.09 	0.203228662952 	0.0908591496876 	0.018515387114 	0.221675698322 	-0.0312469026 	0.185895211666
11.85 	-0.81954887218 	2.09 	0.203228662952 	0.0908591496876 	0.018515387114 	0.221675698322 	-0.0312469026 	0.185895211666
11.85 	-0.804511278195 	2.09 	0.191888822602 	0.0879560786494 	0.0181724794682 	0.221951216997 	-0.0290470671214 	0.16628133848
11.85 	-0.789473684211 	2.09 	0.191888822602 	0.0879560786494 	0.0181724794682 	0.221951216997 	-0.0290470671214 	0.16628133848
11.85 	-0.774436090226 	2.09 	0.185026550893 	0.0818210209076 	0.023561408841 	0.221729539473 	-0.0252608066268 	0.161963117525
11.85 	-0.759398496241 	2.09 	0.185026550893 	0.0818210209076 	0.023561408841 	0.221729539473 	-0.0252608066268 	0.161963117525
11.85 	-0.744360902256 	2.09 	0.186966326012 	0.0824238794 	0.0269170569995 	0.229082291324 	-0.0249789487407 	0.153522937787
11.85 	-0.729323308271 	2.09 	0.186966326012 	0.0824238794 	0.0269170569995 	0.229082291324 	-0.0249789487407 	0.153522937787
11.85 	-0.714285714286 	2.09 	0.186046773312 	0.0835164449223 	0.0266622468214 	0.231163085881 	-0.028924286212 	0.152026020705
11.85 	-0.699248120301 	2.09 	0.186046773312 	0.0835164449223 	0.0266622468214 	0.231163085881 	-0.028924286212 	0.152026020705
11.85 	-0.684210526316 	2.09 	0.178269673429 	0.0809169287041 	0.0289407332542 	0.231922437185 	-0.029698932189 	0.155691991378
11.85 	-0.669172932331 	2.09 	0.178269673429 	0.0809169287041 	0.0289407332542 	0.231922437185 	-0.029698932189 	0.155691991378
11.85 	-0.654135338346 	2.09 	0.18318843725 	0.0786393541666 	0.0272697584983 	0.232754114246 	-0.0300166442227 	0.152863558187
11.85 	-0.639097744361 	2.09 	0.18318843725 	0.0786393541666 	0.0272697584983 	0.232754114246 	-0.0300166442227 	0.152863558187
11.85 	-0.624060150376 	2.09 	0.188144923288 	0.0779695066319 	0.0249861814658 	0.230303759313 	-0.0284656582211 	0.146543376961
11.85 	-0.609022556391 	2.09 	0.188144923288 	0.0779695066319 	0.0249861814658 	0.230303759313 	-0.0284656582211 	0.146543376961
11.85 	-0.593984962406 	2.09 	0.188144923288 	0.0779695066319 	0.0249861814658 	0.230303759313 	-0.0284656582211 	0.146543376961
11.85 	-0.578947368421 	2.09 	0.183846058088 	0.0768024313941 	0.0216304234079 	0.224106177404 	-0.028283472498 	0.14080845756
11.85 	-0.563909774436 	2.09 	0.183846058088 	0.0768024313941 	0.0216304234079 	0.224106177404 	-0.028283472498 	0.14080845756
11.85 	-0.548872180451 	2.09 	0.187383157408 	0.0731179000989 	0.0148306355664 	0.219230916816 	-0.0240795863383 	0.131504173298
11.85 	-0.533834586466 	2.09 	0.187383157408 	0.0731179000989 	0.0148306355664 	0.219230916816 	-0.0240795863383 	0.131504173298
11.85 	-0.518796992481 	2.09 	0.189209408137 	0.0714169182217 	0.0172541668596 	0.225437626821 	-0.0234281766174 	0.133952721107
11.85 	-0.503759398496 	2.09 	0.189209408137 	0.0714169182217 	0.0172541668596 	0.225437626821 	-0.0234281766174 	0.133952721107
11.85 	-0.488721804511 	2.09 	0.179964801223 	0.0720082957684 	0.0167765868622 	0.228181201479 	-0.0252768605206 	0.129692787297
11.85 	-0.473684210526 	2.09 	0.179964801223 	0.0720082957684 	0.0167765868622 	0.228181201479 	-0.0252768605206 	0.129692787297
11.85 	-0.458646616541 	2.09 	0.1591281837 	0.0669070420321 	0.0143088372829 	0.229025708515 	-0.0244625186622 	0.128588656639
11.85 	-0.443609022556 	2.09 	0.1591281837 	0.0669070420321 	0.0143088372829 	0.229025708515 	-0.0244625186622 	0.128588656639
11.85 	-0.428571428571 	2.09 	0.154154149552 	0.0608055158669 	0.0107270444079 	0.22917155591 	-0.0213097195316 	0.125412634028
11.85 	-0.413533834586 	2.09 	0.154154149552 	0.0608055158669 	0.0107270444079 	0.22917155591 	-0.0213097195316 	0.125412634028
11.85 	-0.398496240601 	2.09 	0.14198841614 	0.053367929706 	0.007256923347 	0.2226797074 	-0.0111930904818 	0.117414604028
11.85 	-0.383458646617 	2.09 	0.14198841614 	0.053367929706 	0.007256923347 	0.2226797074 	-0.0111930904818 	0.117414604028
11.85 	-0.368421052632 	2.09 	0.13725441721 	0.054045543884 	0.00438139611921 	0.220650780307 	-0.0118491893498 	0.11582630896
11.85 	-0.353383458647 	2.09 	0.13725441721 	0.054045543884 	0.00438139611921 	0.220650780307 	-0.0118491893498 	0.11582630896
11.85 	-0.338345864662 	2.09 	0.135564087575 	0.0573269666535 	0.00555822207036 	0.210277051495 	-0.00904713053592 	0.106881519554
11.85 	-0.323308270677 	2.09 	0.135564087575 	0.0573269666535 	0.00555822207036 	0.210277051495 	-0.00904713053592 	0.106881519554
11.85 	-0.308270676692 	2.09 	0.127446934001 	0.0521042327008 	0.00189958727246 	0.193319970119 	-0.0060231790248 	0.100123064176
11.85 	-0.293233082707 	2.09 	0.127446934001 	0.0521042327008 	0.00189958727246 	0.193319970119 	-0.0060231790248 	0.100123064176
11.85 	-0.278195488722 	2.09 	0.120325867139 	0.0358781027381 	0.00563472790958 	0.181484567046 	-0.00998152593852 	0.098248741437
11.85 	-0.263157894737 	2.09 	0.120325867139 	0.0358781027381 	0.00563472790958 	0.181484567046 	-0.00998152593852 	0.098248741437
11.85 	-0.248120300752 	2.09 	0.124198635668 	0.0451868676081 	0.00385869982347 	0.174009083959 	-0.00683893038123 	0.0926469470405
11.85 	-0.233082706767 	2.09 	0.124198635668 	0.0451868676081 	0.00385869982347 	0.174009083959 	-0.00683893038123 	0.0926469470405
11.85 	-0.218045112782 	2.09 	0.129900175377 	0.0384649241299 	0.00243769208525 	0.168764025938 	-0.00533022524443 	0.0891971116191
11.85 	-0.203007518797 	2.09 	0.129900175377 	0.0384649241299 	0.00243769208525 	0.168764025938 	-0.00533022524443 	0.0891971116191
11.85 	-0.187969924812 	2.09 	0.129900175377 	0.0384649241299 	0.00243769208525 	0.168764025938 	-0.00533022524443 	0.0891971116191
11.85 	-0.172932330827 	2.09 	0.131211908162 	0.0305687022035 	0.00380584066705 	0.167381640226 	-0.0101394630959 	0.08029769158
11.85 	-0.157894736842 	2.09 	0.131211908162 	0.0305687022035 	0.00380584066705 	0.167381640226 	-0.0101394630959 	0.08029769158
11.85 	-0.142857142857 	2.09 	0.13484029786 	0.030034852294 	0.00294306543897 	0.152626674863 	-0.00350101165258 	0.0776621751854
11.85 	-0.127819548872 	2.09 	0.13484029786 	0.030034852294 	0.00294306543897 	0.152626674863 	-0.00350101165258 	0.0776621751854
11.85 	-0.112781954887 	2.09 	0.129601348674 	0.0250190550644 	0.00580635974017 	0.148537361088 	0.000164995991861 	0.0741565559114
11.85 	-0.0977443609022 	2.09 	0.129601348674 	0.0250190550644 	0.00580635974017 	0.148537361088 	0.000164995991861 	0.0741565559114
11.85 	-0.0827067669173 	2.09 	0.131797788146 	0.0205072511746 	0.00539695560719 	0.149901934104 	0.0035990316266 	0.0761803486345
11.85 	-0.0676691729323 	2.09 	0.131797788146 	0.0205072511746 	0.00539695560719 	0.149901934104 	0.0035990316266 	0.0761803486345
11.85 	-0.0526315789474 	2.09 	0.125712767587 	0.0173374984382 	0.00922072128196 	0.137337361713 	0.00169086975339 	0.0801426521392
11.85 	-0.0375939849624 	2.09 	0.125712767587 	0.0173374984382 	0.00922072128196 	0.137337361713 	0.00169086975339 	0.0801426521392
11.85 	-0.0225563909774 	2.09 	0.121239883744 	0.0114338093017 	0.0136368401557 	0.127532374614 	0.00152719743083 	0.071835399657
11.85 	-0.00751879699247 	2.09 	0.121239883744 	0.0114338093017 	0.0136368401557 	0.127532374614 	0.00152719743083 	0.071835399657
11.85 	0.0075187969925 	2.09 	0.115430916411 	0.0107505312922 	0.0173971730451 	0.122425869104 	0.00439658764351 	0.0647284812151
11.85 	0.0225563909775 	2.09 	0.115430916411 	0.0107505312922 	0.0173971730451 	0.122425869104 	0.00439658764351 	0.0647284812151
11.85 	0.0375939849624 	2.09 	0.11750578849 	0.00832674544393 	0.0200618908017 	0.11857452405 	0.00717284115562 	0.0650369492337
11.85 	0.0526315789474 	2.09 	0.11750578849 	0.00832674544393 	0.0200618908017 	0.11857452405 	0.00717284115562 	0.0650369492337
11.85 	0.0676691729323 	2.09 	0.115741082327 	0.00480627884211 	0.0186888816059 	0.110776932141 	0.00616971905557 	0.0695783403491
11.85 	0.0827067669173 	2.09 	0.115741082327 	0.00480627884211 	0.0186888816059 	0.110776932141 	0.00616971905557 	0.0695783403491
11.85 	0.0977443609023 	2.09 	0.115031042429 	0.00412039755727 	0.0178262513655 	0.110895717396 	0.00605668255236 	0.0705321980579
11.85 	0.112781954887 	2.09 	0.115031042429 	0.00412039755727 	0.0178262513655 	0.110895717396 	0.00605668255236 	0.0705321980579
11.85 	0.127819548872 	2.09 	0.116324138553 	0.00206195151035 	0.016214164509 	0.107763769875 	0.00710910101811 	0.074287133415
11.85 	0.142857142857 	2.09 	0.116324138553 	0.00206195151035 	0.016214164509 	0.107763769875 	0.00710910101811 	0.074287133415
11.85 	0.157894736842 	2.09 	0.119092845017 	-0.00302327268711 	0.0192401751623 	0.0979376953801 	0.00762813993626 	0.0749466738767
11.85 	0.172932330827 	2.09 	0.119092845017 	-0.00302327268711 	0.0192401751623 	0.0979376953801 	0.00762813993626 	0.0749466738767
11.85 	0.187969924812 	2.09 	0.126219308886 	-0.00727639707537 	0.0227515941079 	0.0954712301872 	0.00750796144217 	0.0775158366938
11.85 	0.203007518797 	2.09 	0.126219308886 	-0.00727639707537 	0.0227515941079 	0.0954712301872 	0.00750796144217 	0.0775158366938
11.85 	0.218045112782 	2.09 	0.126219308886 	-0.00727639707537 	0.0227515941079 	0.0954712301872 	0.00750796144217 	0.0775158366938
11.85 	0.233082706767 	2.09 	0.128076423982 	-0.0132129402673 	0.0248250640319 	0.0949948991263 	0.0104084942819 	0.0771717683689
11.85 	0.248120300752 	2.09 	0.128076423982 	-0.0132129402673 	0.0248250640319 	0.0949948991263 	0.0104084942819 	0.0771717683689
11.85 	0.263157894737 	2.09 	0.141193270381 	-0.0204447644144 	0.0217807375627 	0.101590419264 	0.0112410170611 	0.0740206603227
11.85 	0.278195488722 	2.09 	0.141193270381 	-0.0204447644144 	0.0217807375627 	0.101590419264 	0.0112410170611 	0.0740206603227
11.85 	0.293233082707 	2.09 	0.136075428371 	-0.0202568789674 	0.0215433090972 	0.100941424981 	0.0120399224773 	0.0778424525316
11.85 	0.308270676692 	2.09 	0.136075428371 	-0.0202568789674 	0.0215433090972 	0.100941424981 	0.0120399224773 	0.0778424525316
11.85 	0.323308270677 	2.09 	0.137199575448 	-0.0239784089283 	0.0205814604237 	0.107021116594 	0.0107918763279 	0.0801028334855
11.85 	0.338345864662 	2.09 	0.137199575448 	-0.0239784089283 	0.0205814604237 	0.107021116594 	0.0107918763279 	0.0801028334855
11.85 	0.353383458647 	2.09 	0.140109731809 	-0.02736630179 	0.0230974538768 	0.109939506009 	0.0134097041321 	0.0867486705321
11.85 	0.368421052632 	2.09 	0.140109731809 	-0.02736630179 	0.0230974538768 	0.109939506009 	0.0134097041321 	0.0867486705321
11.85 	0.383458646617 	2.09 	0.143029993848 	-0.0252364247111 	0.0257748375981 	0.104629476657 	0.0114849045232 	0.0916840023133
11.85 	0.398496240602 	2.09 	0.143029993848 	-0.0252364247111 	0.0257748375981 	0.104629476657 	0.0114849045232 	0.0916840023133
11.85 	0.413533834586 	2.09 	0.145280908978 	-0.0321376293908 	0.0271638630799 	0.107474023666 	0.0102057004946 	0.0973948890205
11.85 	0.428571428571 	2.09 	0.145280908978 	-0.0321376293908 	0.0271638630799 	0.107474023666 	0.0102057004946 	0.0973948890205
11.85 	0.443609022556 	2.09 	0.145691631018 	-0.0337631996346 	0.0326940167857 	0.107438437773 	0.00708914492491 	0.0987899549203
11.85 	0.458646616541 	2.09 	0.145691631018 	-0.0337631996346 	0.0326940167857 	0.107438437773 	0.00708914492491 	0.0987899549203
11.85 	0.473684210526 	2.09 	0.146924159957 	-0.037196657755 	0.0378830344663 	0.11287199072 	0.00516158506528 	0.100326131109
11.85 	0.488721804511 	2.09 	0.146924159957 	-0.037196657755 	0.0378830344663 	0.11287199072 	0.00516158506528 	0.100326131109
11.85 	0.503759398496 	2.09 	0.142074674054 	-0.0412594904344 	0.0277481346076 	0.107723819528 	0.00436261156792 	0.0999012146672
11.85 	0.518796992481 	2.09 	0.142074674054 	-0.0412594904344 	0.0277481346076 	0.107723819528 	0.00436261156792 	0.0999012146672
11.85 	0.533834586466 	2.09 	0.142359883312 	-0.0395517823243 	0.0231006794348 	0.101415975108 	0.00393033223848 	0.100328607176
11.85 	0.548872180451 	2.09 	0.142359883312 	-0.0395517823243 	0.0231006794348 	0.101415975108 	0.00393033223848 	0.100328607176
11.85 	0.563909774436 	2.09 	0.134840973069 	-0.0375806215189 	0.0180209461517 	0.103695583578 	0.00497960652374 	0.105840683075
11.85 	0.578947368421 	2.09 	0.134840973069 	-0.0375806215189 	0.0180209461517 	0.103695583578 	0.00497960652374 	0.105840683075
11.85 	0.593984962406 	2.09 	0.136027162692 	-0.0455222276301 	0.0221562958287 	0.107137561895 	-0.000152554310512 	0.107254041128
11.85 	0.609022556391 	2.09 	0.136027162692 	-0.0455222276301 	0.0221562958287 	0.107137561895 	-0.000152554310512 	0.107254041128
11.85 	0.624060150376 	2.09 	0.136027162692 	-0.0455222276301 	0.0221562958287 	0.107137561895 	-0.000152554310512 	0.107254041128
11.85 	0.639097744361 	2.09 	0.14116217178 	-0.045594292732 	0.0222482880899 	0.12238828351 	0.00664898662084 	0.112846224387
11.85 	0.654135338346 	2.09 	0.14116217178 	-0.045594292732 	0.0222482880899 	0.12238828351 	0.00664898662084 	0.112846224387
11.85 	0.669172932331 	2.09 	0.160479576887 	-0.0538071578782 	0.0255009222978 	0.123029221642 	0.00529307456181 	0.124237311922
11.85 	0.684210526316 	2.09 	0.160479576887 	-0.0538071578782 	0.0255009222978 	0.123029221642 	0.00529307456181 	0.124237311922
11.85 	0.699248120301 	2.09 	0.168019898643 	-0.0621674298753 	0.025427295723 	0.132683307434 	-0.00290318643671 	0.134243144858
11.85 	0.714285714286 	2.09 	0.168019898643 	-0.0621674298753 	0.025427295723 	0.132683307434 	-0.00290318643671 	0.134243144858
11.85 	0.729323308271 	2.09 	0.178344786791 	-0.0691541019773 	0.0211921387761 	0.139996254014 	-0.00554592081321 	0.142527231478
11.85 	0.744360902256 	2.09 	0.178344786791 	-0.0691541019773 	0.0211921387761 	0.139996254014 	-0.00554592081321 	0.142527231478
11.85 	0.759398496241 	2.09 	0.200071245675 	-0.0728399840604 	0.0293360393872 	0.15284248875 	2.91813041178e-05 	0.153838206345
11.85 	0.774436090226 	2.09 	0.200071245675 	-0.0728399840604 	0.0293360393872 	0.15284248875 	2.91813041178e-05 	0.153838206345
11.85 	0.789473684211 	2.09 	0.211623105705 	-0.0770288061494 	0.0265942445086 	0.151512051018 	-0.0059120991786 	0.164212397625
11.85 	0.804511278196 	2.09 	0.211623105705 	-0.0770288061494 	0.0265942445086 	0.151512051018 	-0.0059120991786 	0.164212397625
11.85 	0.81954887218 	2.09 	0.214027363652 	-0.0739566466422 	0.0241333651673 	0.153684689561 	-0.00175247001837 	0.166654411624
11.85 	0.834586466165 	2.09 	0.214027363652 	-0.0739566466422 	0.0241333651673 	0.153684689561 	-0.00175247001837 	0.166654411624
11.85 	0.84962406015 	2.09 	0.216610328956 	-0.0816239131768 	0.0281974843775 	0.168506252424 	-0.00372619229136 	0.178147565153
11.85 	0.864661654135 	2.09 	0.216610328956 	-0.0816239131768 	0.0281974843775 	0.168506252424 	-0.00372619229136 	0.178147565153
11.85 	0.87969924812 	2.09 	0.232632363983 	-0.0901955621423 	0.0163135937642 	0.169688888877 	-0.00266802680234 	0.188899511933
11.85 	0.894736842105 	2.09 	0.232632363983 	-0.0901955621423 	0.0163135937642 	0.169688888877 	-0.00266802680234 	0.188899511933
11.85 	0.90977443609 	2.09 	0.235069561038 	-0.0849637034375 	0.0169179910206 	0.170848801175 	-0.0025890390917 	0.205282234168
11.85 	0.924812030075 	2.09 	0.235069561038 	-0.0849637034375 	0.0169179910206 	0.170848801175 	-0.0025890390917 	0.205282234168
11.85 	0.93984962406 	2.09 	0.245810202187 	-0.0844712909663 	0.0204257712608 	0.173903785376 	-0.00683522101036 	0.215963052271
11.85 	0.954887218045 	2.09 	0.245810202187 	-0.0844712909663 	0.0204257712608 	0.173903785376 	-0.00683522101036 	0.215963052271
11.85 	0.96992481203 	2.09 	0.253158166824 	-0.0865401631611 	0.0153457662675 	0.166502693977 	-0.0112418525833 	0.220915718497
11.85 	0.984962406015 	2.09 	0.253158166824 	-0.0865401631611 	0.0153457662675 	0.166502693977 	-0.0112418525833 	0.220915718497
11.85 	1 	2.09 	0.257026354687 	-0.090341832131 	0.0047199046527 	0.181957372573 	-0.0079878385579 	0.22065055597
11.85 	1.01503759398 	2.09 	0.257026354687 	-0.090341832131 	0.0047199046527 	0.181957372573 	-0.0079878385579 	0.22065055597
11.85 	1.03007518797 	2.09 	0.257026354687 	-0.090341832131 	0.0047199046527 	0.181957372573 	-0.0079878385579 	0.22065055597
11.85 	1.04511278195 	2.09 	0.27358700086 	-0.0975331103969 	0.0109517805183 	0.189400929257 	-0.0115338357423 	0.224287924298
11.85 	1.06015037594 	2.09 	0.27358700086 	-0.0975331103969 	0.0109517805183 	0.189400929257 	-0.0115338357423 	0.224287924298
11.85 	1.07518796992 	2.09 	0.274747360571 	-0.0969789706497 	0.0160341547116 	0.191606137053 	-0.00827313432594 	0.22586689153
11.85 	1.09022556391 	2.09 	0.274747360571 	-0.0969789706497 	0.0160341547116 	0.191606137053 	-0.00827313432594 	0.22586689153
11.85 	1.10526315789 	2.09 	0.282957005582 	-0.10665970527 	0.0197199853411 	0.181152280446 	-0.0135672402752 	0.222392814529
11.85 	1.12030075188 	2.09 	0.282957005582 	-0.10665970527 	0.0197199853411 	0.181152280446 	-0.0135672402752 	0.222392814529
11.85 	1.13533834586 	2.09 	0.275842922268 	-0.116546601759 	0.0230319821422 	0.184446156523 	-0.0155871888475 	0.220861996079
11.85 	1.15037593985 	2.09 	0.275842922268 	-0.116546601759 	0.0230319821422 	0.184446156523 	-0.0155871888475 	0.220861996079
11.85 	1.16541353383 	2.09 	0.273445479015 	-0.11831632457 	0.0179660001948 	0.187061911049 	-0.00885690489605 	0.219020875209
11.85 	1.18045112782 	2.09 	0.273445479015 	-0.11831632457 	0.0179660001948 	0.187061911049 	-0.00885690489605 	0.219020875209
11.85 	1.1954887218 	2.09 	0.279180810283 	-0.123851408422 	0.00395808410924 	0.190807954593 	-0.00422474599909 	0.21938877609
11.85 	1.21052631579 	2.09 	0.279180810283 	-0.123851408422 	0.00395808410924 	0.190807954593 	-0.00422474599909 	0.21938877609
11.85 	1.22556390977 	2.09 	0.295847867767 	-0.119702817397 	0.00466227976205 	0.194485864139 	-0.000100529776295 	0.206228049135
11.85 	1.24060150376 	2.09 	0.295847867767 	-0.119702817397 	0.00466227976205 	0.194485864139 	-0.000100529776295 	0.206228049135
11.85 	1.25563909774 	2.09 	0.301228218486 	-0.131967087844 	-0.00651719736142 	0.206192131239 	-0.00228013655157 	0.192751437408
11.85 	1.27067669173 	2.09 	0.301228218486 	-0.131967087844 	-0.00651719736142 	0.206192131239 	-0.00228013655157 	0.192751437408
11.85 	1.28571428571 	2.09 	0.317253995964 	-0.134150069881 	-0.015350521388 	0.206143184877 	0.00296737655843 	0.197816056844
11.85 	1.3007518797 	2.09 	0.317253995964 	-0.134150069881 	-0.015350521388 	0.206143184877 	0.00296737655843 	0.197816056844
11.85 	1.31578947368 	2.09 	0.310370364992 	-0.138623589109 	-0.0202520568863 	0.211352970339 	0.00554865209058 	0.186255178058
11.85 	1.33082706767 	2.09 	0.310370364992 	-0.138623589109 	-0.0202520568863 	0.211352970339 	0.00554865209058 	0.186255178058
11.85 	1.34586466165 	2.09 	0.299194029501 	-0.135821678239 	-0.0115269672597 	0.209892280001 	-0.00100662316931 	0.183334861518
11.85 	1.36090225564 	2.09 	0.299194029501 	-0.135821678239 	-0.0115269672597 	0.209892280001 	-0.00100662316931 	0.183334861518
11.85 	1.37593984962 	2.09 	0.300570168083 	-0.132360178345 	-0.0151215921928 	0.207719893865 	0.000618162141242 	0.184291550107
11.85 	1.39097744361 	2.09 	0.300570168083 	-0.132360178345 	-0.0151215921928 	0.207719893865 	0.000618162141242 	0.184291550107
11.85 	1.40601503759 	2.09 	0.300570168083 	-0.132360178345 	-0.0151215921928 	0.207719893865 	0.000618162141242 	0.184291550107
11.85 	1.42105263158 	2.09 	0.286768323668 	-0.129796283655 	-0.0155116077463 	0.206288317107 	-0.000845230716642 	0.186073472978
11.85 	1.43609022556 	2.09 	0.286768323668 	-0.129796283655 	-0.0155116077463 	0.206288317107 	-0.000845230716642 	0.186073472978
11.85 	1.45112781955 	2.09 	0.282447557252 	-0.123321463781 	-0.00798882664837 	0.193016138446 	-0.00419219378244 	0.180198699922
11.85 	1.46616541353 	2.09 	0.282447557252 	-0.123321463781 	-0.00798882664837 	0.193016138446 	-0.00419219378244 	0.180198699922
11.85 	1.48120300752 	2.09 	0.280202388638 	-0.126754874754 	-0.00345621139716 	0.194917863636 	-0.00195730286002 	0.159359198359
11.85 	1.4962406015 	2.09 	0.280202388638 	-0.126754874754 	-0.00345621139716 	0.194917863636 	-0.00195730286002 	0.159359198359
11.85 	1.51127819549 	2.09 	0.27646746524 	-0.117862108555 	0.00582142530336 	0.178082423797 	-0.00649555921797 	0.147690061874
11.85 	1.52631578947 	2.09 	0.27646746524 	-0.117862108555 	0.00582142530336 	0.178082423797 	-0.00649555921797 	0.147690061874
11.85 	1.54135338346 	2.09 	0.285163415245 	-0.122839937921 	0.00607195999703 	0.170617442022 	-0.00782150590903 	0.129824508799
11.85 	1.55639097744 	2.09 	0.285163415245 	-0.122839937921 	0.00607195999703 	0.170617442022 	-0.00782150590903 	0.129824508799
11.85 	1.57142857143 	2.09 	0.256459914182 	-0.114243318326 	0.0001517126434 	0.166044637583 	-0.00362866583318 	0.116948886272
11.85 	1.58646616541 	2.09 	0.256459914182 	-0.114243318326 	0.0001517126434 	0.166044637583 	-0.00362866583318 	0.116948886272
11.85 	1.6015037594 	2.09 	0.240042016546 	-0.106522071799 	-0.00241531993848 	0.160043998806 	-0.000437684401917 	0.103704063185
11.85 	1.61654135338 	2.09 	0.240042016546 	-0.106522071799 	-0.00241531993848 	0.160043998806 	-0.000437684401917 	0.103704063185
11.85 	1.63157894737 	2.09 	0.22463999877 	-0.0949395058301 	-0.00672697911145 	0.142284881131 	0.0009576759298 	0.0893795192575
11.85 	1.64661654135 	2.09 	0.22463999877 	-0.0949395058301 	-0.00672697911145 	0.142284881131 	0.0009576759298 	0.0893795192575
11.85 	1.66165413534 	2.09 	0.206868259496 	-0.0909909015551 	-0.00567045967169 	0.138017938742 	0.00298843938636 	0.0784698616343
11.85 	1.67669172932 	2.09 	0.206868259496 	-0.0909909015551 	-0.00567045967169 	0.138017938742 	0.00298843938636 	0.0784698616343
11.85 	1.69172932331 	2.09 	0.176478033876 	-0.0745645617298 	-0.00936497340431 	0.122872414113 	0.00444099502589 	0.0703152297983
11.85 	1.70676691729 	2.09 	0.176478033876 	-0.0745645617298 	-0.00936497340431 	0.122872414113 	0.00444099502589 	0.0703152297983
11.85 	1.72180451128 	2.09 	0.158191334386 	-0.06490772218 	-0.00364429412024 	0.113553078469 	-0.00208301228646 	0.0581020692491
11.85 	1.73684210526 	2.09 	0.158191334386 	-0.06490772218 	-0.00364429412024 	0.113553078469 	-0.00208301228646 	0.0581020692491
11.85 	1.75187969925 	2.09 	0.122410036517 	-0.048621971529 	-0.00727795954883 	0.0986452601045 	-0.00052929523307 	0.044967711022
11.85 	1.76691729323 	2.09 	0.122410036517 	-0.048621971529 	-0.00727795954883 	0.0986452601045 	-0.00052929523307 	0.044967711022
11.85 	1.78195488722 	2.09 	0.122410036517 	-0.048621971529 	-0.00727795954883 	0.0986452601045 	-0.00052929523307 	0.044967711022
11.85 	1.7969924812 	2.09 	0.122410036517 	-0.048621971529 	-0.00727795954883 	0.0986452601045 	-0.00052929523307 	0.044967711022
11.85 	1.81203007519 	2.09 	0.122410036517 	-0.048621971529 	-0.00727795954883 	0.0986452601045 	-0.00052929523307 	0.044967711022
11.85 	1.82706766917 	2.09 	0.0881474183878 	-0.0271844429941 	-0.00743622145793 	0.0764472104502 	-0.000681951872996 	0.0329324497741
11.85 	1.84210526316 	2.09 	0.0881474183878 	-0.0271844429941 	-0.00743622145793 	0.0764472104502 	-0.000681951872996 	0.0329324497741
11.85 	1.85714285714 	2.09 	0.0881474183878 	-0.0271844429941 	-0.00743622145793 	0.0764472104502 	-0.000681951872996 	0.0329324497741
11.85 	1.87218045113 	2.09 	0.0881474183878 	-0.0271844429941 	-0.00743622145793 	0.0764472104502 	-0.000681951872996 	0.0329324497741
11.85 	1.88721804511 	2.09 	0.0644529061146 	-0.0138243062723 	-0.00736138837999 	0.0592167499182 	0.00151513419606 	0.0237173922145
11.85 	1.9022556391 	2.09 	0.0644529061146 	-0.0138243062723 	-0.00736138837999 	0.0592167499182 	0.00151513419606 	0.0237173922145
11.85 	1.91729323308 	2.09 	0.0644529061146 	-0.0138243062723 	-0.00736138837999 	0.0592167499182 	0.00151513419606 	0.0237173922145
11.85 	1.93233082707 	2.09 	0.0644529061146 	-0.0138243062723 	-0.00736138837999 	0.0592167499182 	0.00151513419606 	0.0237173922145
11.85 	1.94736842105 	2.09 	0.0441387540237 	-0.00452885677523 	-0.00543935511892 	0.0464581279596 	0.00288845777352 	0.018781584123
11.85 	1.96240601504 	2.09 	0.0441387540237 	-0.00452885677523 	-0.00543935511892 	0.0464581279596 	0.00288845777352 	0.018781584123
11.85 	1.97744360902 	2.09 	0.0441387540237 	-0.00452885677523 	-0.00543935511892 	0.0464581279596 	0.00288845777352 	0.018781584123
11.85 	1.99248120301 	2.09 	0.0441387540237 	-0.00452885677523 	-0.00543935511892 	0.0464581279596 	0.00288845777352 	0.018781584123
11.85 	2.00751879699 	2.09 	0.0326124432105 	-0.00165590678424 	-0.00148161971519 	0.0341349956253 	0.00127961802893 	0.0143109361516
11.85 	2.02255639098 	2.09 	0.0326124432105 	-0.00165590678424 	-0.00148161971519 	0.0341349956253 	0.00127961802893 	0.0143109361516
11.85 	2.03759398496 	2.09 	0.0326124432105 	-0.00165590678424 	-0.00148161971519 	0.0341349956253 	0.00127961802893 	0.0143109361516
11.85 	2.05263157895 	2.09 	0.0326124432105 	-0.00165590678424 	-0.00148161971519 	0.0341349956253 	0.00127961802893 	0.0143109361516
11.85 	2.06766917293 	2.09 	0.0265694337769 	-0.000134051106197 	0.000521755789449 	0.025008243516 	0.000470820729044 	0.00872071982152
11.85 	2.08270676692 	2.09 	0.0265694337769 	-0.000134051106197 	0.000521755789449 	0.025008243516 	0.000470820729044 	0.00872071982152
11.85 	2.0977443609 	2.09 	0.0265694337769 	-0.000134051106197 	0.000521755789449 	0.025008243516 	0.000470820729044 	0.00872071982152
11.85 	2.11278195489 	2.09 	0.0265694337769 	-0.000134051106197 	0.000521755789449 	0.025008243516 	0.000470820729044 	0.00872071982152
11.85 	2.12781954887 	2.09 	0.0236914478479 	0.000902759132294 	0.000955204173709 	0.018531921434 	9.98226594089e-05 	0.00470917854309
11.85 	2.14285714286 	2.09 	0.0236914478479 	0.000902759132294 	0.000955204173709 	0.018531921434 	9.98226594089e-05 	0.00470917854309
11.85 	2.15789473684 	2.09 	0.0236914478479 	0.000902759132294 	0.000955204173709 	0.018531921434 	9.98226594089e-05 	0.00470917854309
11.85 	2.17293233083 	2.09 	0.0236914478479 	0.000902759132294 	0.000955204173709 	0.018531921434 	9.98226594089e-05 	0.00470917854309
11.85 	2.18796992481 	2.09 	0.0206547982496 	0.000969105228624 	0.00052379912538 	0.0126657663656 	-0.000247052380725 	0.00321581137989
11.85 	2.2030075188 	2.09 	0.0206547982496 	0.000969105228624 	0.00052379912538 	0.0126657663656 	-0.000247052380725 	0.00321581137989
11.85 	2.21804511278 	2.09 	0.0206547982496 	0.000969105228624 	0.00052379912538 	0.0126657663656 	-0.000247052380725 	0.00321581137989
11.85 	2.23308270677 	2.09 	0.0206547982496 	0.000969105228624 	0.00052379912538 	0.0126657663656 	-0.000247052380725 	0.00321581137989
11.85 	2.24812030075 	2.09 	0.0206547982496 	0.000969105228624 	0.00052379912538 	0.0126657663656 	-0.000247052380725 	0.00321581137989
11.85 	2.26315789474 	2.09 	0.0183567909769 	0.0020877385729 	0.000393135717369 	0.00739933203562 	-0.000543328878416 	0.00214732989062
11.85 	2.27819548872 	2.09 	0.0183567909769 	0.0020877385729 	0.000393135717369 	0.00739933203562 	-0.000543328878416 	0.00214732989062
11.85 	2.29323308271 	2.09 	0.0183567909769 	0.0020877385729 	0.000393135717369 	0.00739933203562 	-0.000543328878416 	0.00214732989062
11.85 	2.30827067669 	2.09 	0.0183567909769 	0.0020877385729 	0.000393135717369 	0.00739933203562 	-0.000543328878416 	0.00214732989062
11.85 	2.32330827068 	2.09 	0.0183567909769 	0.0020877385729 	0.000393135717369 	0.00739933203562 	-0.000543328878416 	0.00214732989062
11.85 	2.33834586466 	2.09 	0.0183567909769 	0.0020877385729 	0.000393135717369 	0.00739933203562 	-0.000543328878416 	0.00214732989062
11.85 	2.35338345865 	2.09 	0.0183567909769 	0.0020877385729 	0.000393135717369 	0.00739933203562 	-0.000543328878416 	0.00214732989062
11.85 	2.36842105263 	2.09 	0.0183567909769 	0.0020877385729 	0.000393135717369 	0.00739933203562 	-0.000543328878416 	0.00214732989062
11.85 	2.38345864662 	2.09 	0.0161794386517 	0.00141080466947 	0.000615687564867 	0.0046576377377 	-0.000616852267424 	0.00162744986172
11.85 	2.3984962406 	2.09 	0.0161794386517 	0.00141080466947 	0.000615687564867 	0.0046576377377 	-0.000616852267424 	0.00162744986172
11.85 	2.41353383459 	2.09 	0.0161794386517 	0.00141080466947 	0.000615687564867 	0.0046576377377 	-0.000616852267424 	0.00162744986172
11.85 	2.42857142857 	2.09 	0.0161794386517 	0.00141080466947 	0.000615687564867 	0.0046576377377 	-0.000616852267424 	0.00162744986172
11.85 	2.44360902256 	2.09 	0.0161794386517 	0.00141080466947 	0.000615687564867 	0.0046576377377 	-0.000616852267424 	0.00162744986172
11.85 	2.45864661654 	2.09 	0.0161794386517 	0.00141080466947 	0.000615687564867 	0.0046576377377 	-0.000616852267424 	0.00162744986172
11.85 	2.47368421053 	2.09 	0.0161794386517 	0.00141080466947 	0.000615687564867 	0.0046576377377 	-0.000616852267424 	0.00162744986172
11.85 	2.48872180451 	2.09 	0.0161794386517 	0.00141080466947 	0.000615687564867 	0.0046576377377 	-0.000616852267424 	0.00162744986172
11.85 	2.5037593985 	2.09 	0.015712137423 	0.00229510656844 	0.000301658681688 	0.00349332588893 	-0.000378942104488 	0.00127111930329
11.85 	2.51879699248 	2.09 	0.015712137423 	0.00229510656844 	0.000301658681688 	0.00349332588893 	-0.000378942104488 	0.00127111930329
11.85 	2.53383458647 	2.09 	0.015712137423 	0.00229510656844 	0.000301658681688 	0.00349332588893 	-0.000378942104488 	0.00127111930329
11.85 	2.54887218045 	2.09 	0.015712137423 	0.00229510656844 	0.000301658681688 	0.00349332588893 	-0.000378942104488 	0.00127111930329
11.85 	2.56390977444 	2.09 	0.015712137423 	0.00229510656844 	0.000301658681688 	0.00349332588893 	-0.000378942104488 	0.00127111930329
11.85 	2.57894736842 	2.09 	0.015712137423 	0.00229510656844 	0.000301658681688 	0.00349332588893 	-0.000378942104488 	0.00127111930329
11.85 	2.59398496241 	2.09 	0.015712137423 	0.00229510656844 	0.000301658681688 	0.00349332588893 	-0.000378942104488 	0.00127111930329
11.85 	2.60902255639 	2.09 	0.015712137423 	0.00229510656844 	0.000301658681688 	0.00349332588893 	-0.000378942104488 	0.00127111930329
11.85 	2.62406015038 	2.09 	0.015712137423 	0.00229510656844 	0.000301658681688 	0.00349332588893 	-0.000378942104488 	0.00127111930329
11.85 	2.63909774436 	2.09 	0.0171715783833 	0.00167578980814 	0.000325036893644 	0.0025195348547 	0.000188847574368 	0.00101277123466
11.85 	2.65413533835 	2.09 	0.0171715783833 	0.00167578980814 	0.000325036893644 	0.0025195348547 	0.000188847574368 	0.00101277123466
11.85 	2.66917293233 	2.09 	0.0171715783833 	0.00167578980814 	0.000325036893644 	0.0025195348547 	0.000188847574368 	0.00101277123466
11.85 	2.68421052632 	2.09 	0.0171715783833 	0.00167578980814 	0.000325036893644 	0.0025195348547 	0.000188847574368 	0.00101277123466
11.85 	2.6992481203 	2.09 	0.0171715783833 	0.00167578980814 	0.000325036893644 	0.0025195348547 	0.000188847574368 	0.00101277123466
11.85 	2.71428571429 	2.09 	0.0171715783833 	0.00167578980814 	0.000325036893644 	0.0025195348547 	0.000188847574368 	0.00101277123466
11.85 	2.72932330827 	2.09 	0.0171715783833 	0.00167578980814 	0.000325036893644 	0.0025195348547 	0.000188847574368 	0.00101277123466
11.85 	2.74436090226 	2.09 	0.0171715783833 	0.00167578980814 	0.000325036893644 	0.0025195348547 	0.000188847574368 	0.00101277123466
11.85 	2.75939849624 	2.09 	0.0156108383371 	0.00263904391578 	7.55832715497e-05 	0.00220270269628 	0.000184814811583 	0.00080961245628
11.85 	2.77443609023 	2.09 	0.0156108383371 	0.00263904391578 	7.55832715497e-05 	0.00220270269628 	0.000184814811583 	0.00080961245628
11.85 	2.78947368421 	2.09 	0.0156108383371 	0.00263904391578 	7.55832715497e-05 	0.00220270269628 	0.000184814811583 	0.00080961245628
11.85 	2.8045112782 	2.09 	0.0156108383371 	0.00263904391578 	7.55832715497e-05 	0.00220270269628 	0.000184814811583 	0.00080961245628
11.85 	2.81954887218 	2.09 	0.0156108383371 	0.00263904391578 	7.55832715497e-05 	0.00220270269628 	0.000184814811583 	0.00080961245628
11.85 	2.83458646617 	2.09 	0.0156108383371 	0.00263904391578 	7.55832715497e-05 	0.00220270269628 	0.000184814811583 	0.00080961245628
11.85 	2.84962406015 	2.09 	0.0156108383371 	0.00263904391578 	7.55832715497e-05 	0.00220270269628 	0.000184814811583 	0.00080961245628
11.85 	2.86466165414 	2.09 	0.0156108383371 	0.00263904391578 	7.55832715497e-05 	0.00220270269628 	0.000184814811583 	0.00080961245628
11.85 	2.87969924812 	2.09 	0.0131046933414 	0.00171313501445 	0.000235349222712 	0.00168087925277 	0.00020806515254 	0.000588674353534
11.85 	2.89473684211 	2.09 	0.0131046933414 	0.00171313501445 	0.000235349222712 	0.00168087925277 	0.00020806515254 	0.000588674353534
11.85 	2.90977443609 	2.09 	0.0131046933414 	0.00171313501445 	0.000235349222712 	0.00168087925277 	0.00020806515254 	0.000588674353534
11.85 	2.92481203008 	2.09 	0.0131046933414 	0.00171313501445 	0.000235349222712 	0.00168087925277 	0.00020806515254 	0.000588674353534
11.85 	2.93984962406 	2.09 	0.0131046933414 	0.00171313501445 	0.000235349222712 	0.00168087925277 	0.00020806515254 	0.000588674353534
11.85 	2.95488721805 	2.09 	0.0131046933414 	0.00171313501445 	0.000235349222712 	0.00168087925277 	0.00020806515254 	0.000588674353534
11.85 	2.96992481203 	2.09 	0.0131046933414 	0.00171313501445 	0.000235349222712 	0.00168087925277 	0.00020806515254 	0.000588674353534
11.85 	2.98496240602 	2.09 	0.0131046933414 	0.00171313501445 	0.000235349222712 	0.00168087925277 	0.00020806515254 	0.000588674353534
11.85 	3 	2.09 	0.0138160263899 	0.00187403013626 	-0.00063390471769 	0.00140976837809 	-1.38856551302e-05 	0.000740571440167
