16.55 	-3 	2.09 	4.18079473625 	0.0574964759221 	-0.0103462901034 	4.09213773025 	0.016955553757 	-0.0361415282956
16.55 	-2.98496240602 	2.09 	4.18079473625 	0.0574964759221 	-0.0103462901034 	4.09213773025 	0.016955553757 	-0.0361415282956
16.55 	-2.96992481203 	2.09 	4.18079473625 	0.0574964759221 	-0.0103462901034 	4.09213773025 	0.016955553757 	-0.0361415282956
16.55 	-2.95488721805 	2.09 	4.18079473625 	0.0574964759221 	-0.0103462901034 	4.09213773025 	0.016955553757 	-0.0361415282956
16.55 	-2.93984962406 	2.09 	4.18079473625 	0.0574964759221 	-0.0103462901034 	4.09213773025 	0.016955553757 	-0.0361415282956
16.55 	-2.92481203008 	2.09 	4.18079473625 	0.0574964759221 	-0.0103462901034 	4.09213773025 	0.016955553757 	-0.0361415282956
16.55 	-2.90977443609 	2.09 	4.18079473625 	0.0574964759221 	-0.0103462901034 	4.09213773025 	0.016955553757 	-0.0361415282956
16.55 	-2.89473684211 	2.09 	4.18079473625 	0.0574964759221 	-0.0103462901034 	4.09213773025 	0.016955553757 	-0.0361415282956
16.55 	-2.87969924812 	2.09 	4.18079473625 	0.0574964759221 	-0.0103462901034 	4.09213773025 	0.016955553757 	-0.0361415282956
16.55 	-2.86466165414 	2.09 	4.14065809894 	0.0588838565658 	0.00357670599387 	4.10580899513 	0.0262271173679 	-0.0288822459111
16.55 	-2.84962406015 	2.09 	4.14065809894 	0.0588838565658 	0.00357670599387 	4.10580899513 	0.0262271173679 	-0.0288822459111
16.55 	-2.83458646617 	2.09 	4.14065809894 	0.0588838565658 	0.00357670599387 	4.10580899513 	0.0262271173679 	-0.0288822459111
16.55 	-2.81954887218 	2.09 	4.14065809894 	0.0588838565658 	0.00357670599387 	4.10580899513 	0.0262271173679 	-0.0288822459111
16.55 	-2.8045112782 	2.09 	4.14065809894 	0.0588838565658 	0.00357670599387 	4.10580899513 	0.0262271173679 	-0.0288822459111
16.55 	-2.78947368421 	2.09 	4.14065809894 	0.0588838565658 	0.00357670599387 	4.10580899513 	0.0262271173679 	-0.0288822459111
16.55 	-2.77443609023 	2.09 	4.14065809894 	0.0588838565658 	0.00357670599387 	4.10580899513 	0.0262271173679 	-0.0288822459111
16.55 	-2.75939849624 	2.09 	4.14065809894 	0.0588838565658 	0.00357670599387 	4.10580899513 	0.0262271173679 	-0.0288822459111
16.55 	-2.74436090226 	2.09 	4.07306244214 	0.043495694822 	0.0228358665986 	4.12993565836 	0.0286623438649 	-0.0201026956514
16.55 	-2.72932330827 	2.09 	4.07306244214 	0.043495694822 	0.0228358665986 	4.12993565836 	0.0286623438649 	-0.0201026956514
16.55 	-2.71428571429 	2.09 	4.07306244214 	0.043495694822 	0.0228358665986 	4.12993565836 	0.0286623438649 	-0.0201026956514
16.55 	-2.6992481203 	2.09 	4.07306244214 	0.043495694822 	0.0228358665986 	4.12993565836 	0.0286623438649 	-0.0201026956514
16.55 	-2.68421052632 	2.09 	4.07306244214 	0.043495694822 	0.0228358665986 	4.12993565836 	0.0286623438649 	-0.0201026956514
16.55 	-2.66917293233 	2.09 	4.07306244214 	0.043495694822 	0.0228358665986 	4.12993565836 	0.0286623438649 	-0.0201026956514
16.55 	-2.65413533835 	2.09 	4.07306244214 	0.043495694822 	0.0228358665986 	4.12993565836 	0.0286623438649 	-0.0201026956514
16.55 	-2.63909774436 	2.09 	4.07306244214 	0.043495694822 	0.0228358665986 	4.12993565836 	0.0286623438649 	-0.0201026956514
16.55 	-2.62406015038 	2.09 	4.07952411571 	0.0113360876633 	0.0249172188048 	4.11643942282 	0.0318445985475 	-0.0310192850272
16.55 	-2.60902255639 	2.09 	4.07952411571 	0.0113360876633 	0.0249172188048 	4.11643942282 	0.0318445985475 	-0.0310192850272
16.55 	-2.59398496241 	2.09 	4.07952411571 	0.0113360876633 	0.0249172188048 	4.11643942282 	0.0318445985475 	-0.0310192850272
16.55 	-2.57894736842 	2.09 	4.07952411571 	0.0113360876633 	0.0249172188048 	4.11643942282 	0.0318445985475 	-0.0310192850272
16.55 	-2.56390977444 	2.09 	4.07952411571 	0.0113360876633 	0.0249172188048 	4.11643942282 	0.0318445985475 	-0.0310192850272
16.55 	-2.54887218045 	2.09 	4.07952411571 	0.0113360876633 	0.0249172188048 	4.11643942282 	0.0318445985475 	-0.0310192850272
16.55 	-2.53383458647 	2.09 	4.07952411571 	0.0113360876633 	0.0249172188048 	4.11643942282 	0.0318445985475 	-0.0310192850272
16.55 	-2.51879699248 	2.09 	4.07952411571 	0.0113360876633 	0.0249172188048 	4.11643942282 	0.0318445985475 	-0.0310192850272
16.55 	-2.5037593985 	2.09 	4.07952411571 	0.0113360876633 	0.0249172188048 	4.11643942282 	0.0318445985475 	-0.0310192850272
16.55 	-2.48872180451 	2.09 	4.10540488626 	0.0527696253268 	0.0497905025797 	4.08707235805 	0.032672819685 	-0.0507837719764
16.55 	-2.47368421053 	2.09 	4.10540488626 	0.0527696253268 	0.0497905025797 	4.08707235805 	0.032672819685 	-0.0507837719764
16.55 	-2.45864661654 	2.09 	4.10540488626 	0.0527696253268 	0.0497905025797 	4.08707235805 	0.032672819685 	-0.0507837719764
16.55 	-2.44360902256 	2.09 	4.10540488626 	0.0527696253268 	0.0497905025797 	4.08707235805 	0.032672819685 	-0.0507837719764
16.55 	-2.42857142857 	2.09 	4.10540488626 	0.0527696253268 	0.0497905025797 	4.08707235805 	0.032672819685 	-0.0507837719764
16.55 	-2.41353383459 	2.09 	4.10540488626 	0.0527696253268 	0.0497905025797 	4.08707235805 	0.032672819685 	-0.0507837719764
16.55 	-2.3984962406 	2.09 	4.10540488626 	0.0527696253268 	0.0497905025797 	4.08707235805 	0.032672819685 	-0.0507837719764
16.55 	-2.38345864662 	2.09 	4.10540488626 	0.0527696253268 	0.0497905025797 	4.08707235805 	0.032672819685 	-0.0507837719764
16.55 	-2.36842105263 	2.09 	4.10351828127 	0.050225715918 	0.0107539883274 	4.06490401407 	0.0382455925977 	-0.0543886600886
16.55 	-2.35338345865 	2.09 	4.10351828127 	0.050225715918 	0.0107539883274 	4.06490401407 	0.0382455925977 	-0.0543886600886
16.55 	-2.33834586466 	2.09 	4.10351828127 	0.050225715918 	0.0107539883274 	4.06490401407 	0.0382455925977 	-0.0543886600886
16.55 	-2.32330827068 	2.09 	4.10351828127 	0.050225715918 	0.0107539883274 	4.06490401407 	0.0382455925977 	-0.0543886600886
16.55 	-2.30827067669 	2.09 	4.10351828127 	0.050225715918 	0.0107539883274 	4.06490401407 	0.0382455925977 	-0.0543886600886
16.55 	-2.29323308271 	2.09 	4.10351828127 	0.050225715918 	0.0107539883274 	4.06490401407 	0.0382455925977 	-0.0543886600886
16.55 	-2.27819548872 	2.09 	4.10351828127 	0.050225715918 	0.0107539883274 	4.06490401407 	0.0382455925977 	-0.0543886600886
16.55 	-2.26315789474 	2.09 	4.10351828127 	0.050225715918 	0.0107539883274 	4.06490401407 	0.0382455925977 	-0.0543886600886
16.55 	-2.24812030075 	2.09 	4.22093269618 	0.212941854713 	0.0493025397521 	4.03677559868 	0.0296676783388 	-0.0537709039802
16.55 	-2.23308270677 	2.09 	4.22093269618 	0.212941854713 	0.0493025397521 	4.03677559868 	0.0296676783388 	-0.0537709039802
16.55 	-2.21804511278 	2.09 	4.22093269618 	0.212941854713 	0.0493025397521 	4.03677559868 	0.0296676783388 	-0.0537709039802
16.55 	-2.2030075188 	2.09 	4.23369260575 	0.250734296882 	0.0173594802023 	4.0433210525 	0.0368203679479 	-0.0578412469146
16.55 	-2.18796992481 	2.09 	4.23369260575 	0.250734296882 	0.0173594802023 	4.0433210525 	0.0368203679479 	-0.0578412469146
16.55 	-2.17293233083 	2.09 	4.14820804229 	0.0268754155914 	-0.0722489712523 	4.03625259296 	0.0426257963669 	-0.0594475569262
16.55 	-2.15789473684 	2.09 	4.14820804229 	0.0268754155914 	-0.0722489712523 	4.03625259296 	0.0426257963669 	-0.0594475569262
16.55 	-2.14285714286 	2.09 	4.14820804229 	0.0268754155914 	-0.0722489712523 	4.03625259296 	0.0426257963669 	-0.0594475569262
16.55 	-2.12781954887 	2.09 	4.14704900464 	0.0464133539316 	-0.0473092435063 	4.02716478929 	0.0369862572569 	-0.0546964622716
16.55 	-2.11278195489 	2.09 	4.10009437032 	0.0744496769021 	-0.066442944195 	4.00281716552 	0.0391433825634 	-0.0571038135773
16.55 	-2.0977443609 	2.09 	4.10009437032 	0.0744496769021 	-0.066442944195 	4.00281716552 	0.0391433825634 	-0.0571038135773
16.55 	-2.08270676692 	2.09 	4.10009437032 	0.0744496769021 	-0.066442944195 	4.00281716552 	0.0391433825634 	-0.0571038135773
16.55 	-2.06766917293 	2.09 	4.10009437032 	0.0744496769021 	-0.066442944195 	4.00281716552 	0.0391433825634 	-0.0571038135773
16.55 	-2.05263157895 	2.09 	4.03232847202 	0.0678659035395 	-0.197399587971 	3.96875528765 	0.0448578262385 	-0.0508949922089
16.55 	-2.03759398496 	2.09 	4.03232847202 	0.0678659035395 	-0.197399587971 	3.96875528765 	0.0448578262385 	-0.0508949922089
16.55 	-2.02255639098 	2.09 	4.03232847202 	0.0678659035395 	-0.197399587971 	3.96875528765 	0.0448578262385 	-0.0508949922089
16.55 	-2.00751879699 	2.09 	4.03232847202 	0.0678659035395 	-0.197399587971 	3.96875528765 	0.0448578262385 	-0.0508949922089
16.55 	-1.99248120301 	2.09 	4.05353305434 	0.00886439315515 	-0.212400503377 	3.93223127639 	0.039324298 	-0.0345643519717
16.55 	-1.97744360902 	2.09 	4.05353305434 	0.00886439315515 	-0.212400503377 	3.93223127639 	0.039324298 	-0.0345643519717
16.55 	-1.96240601504 	2.09 	4.05353305434 	0.00886439315515 	-0.212400503377 	3.93223127639 	0.039324298 	-0.0345643519717
16.55 	-1.94736842105 	2.09 	4.05353305434 	0.00886439315515 	-0.212400503377 	3.93223127639 	0.039324298 	-0.0345643519717
16.55 	-1.93233082707 	2.09 	4.10595857478 	0.193590572941 	-0.13191607784 	3.89421428683 	0.0449462099675 	-0.0264816646076
16.55 	-1.91729323308 	2.09 	4.10595857478 	0.193590572941 	-0.13191607784 	3.89421428683 	0.0449462099675 	-0.0264816646076
16.55 	-1.9022556391 	2.09 	4.10595857478 	0.193590572941 	-0.13191607784 	3.89421428683 	0.0449462099675 	-0.0264816646076
16.55 	-1.88721804511 	2.09 	4.29272893121 	0.165350443939 	-0.190527745859 	3.87898499724 	0.0456068288135 	-0.0222746609699
16.55 	-1.87218045113 	2.09 	4.22121034264 	0.074547663683 	-0.0126813344179 	3.828112855 	0.0285783481533 	-0.00830058448508
16.55 	-1.85714285714 	2.09 	4.22121034264 	0.074547663683 	-0.0126813344179 	3.828112855 	0.0285783481533 	-0.00830058448508
16.55 	-1.84210526316 	2.09 	4.22121034264 	0.074547663683 	-0.0126813344179 	3.828112855 	0.0285783481533 	-0.00830058448508
16.55 	-1.82706766917 	2.09 	4.22121034264 	0.074547663683 	-0.0126813344179 	3.828112855 	0.0285783481533 	-0.00830058448508
16.55 	-1.81203007519 	2.09 	3.80968191513 	0.0957347853637 	-0.236541894473 	3.77796087856 	0.0320220978271 	-0.000113649767512
16.55 	-1.7969924812 	2.09 	3.80968191513 	0.0957347853637 	-0.236541894473 	3.77796087856 	0.0320220978271 	-0.000113649767512
16.55 	-1.78195488722 	2.09 	3.80968191513 	0.0957347853637 	-0.236541894473 	3.77796087856 	0.0320220978271 	-0.000113649767512
16.55 	-1.76691729323 	2.09 	3.80968191513 	0.0957347853637 	-0.236541894473 	3.77796087856 	0.0320220978271 	-0.000113649767512
16.55 	-1.75187969925 	2.09 	3.80968191513 	0.0957347853637 	-0.236541894473 	3.77796087856 	0.0320220978271 	-0.000113649767512
16.55 	-1.73684210526 	2.09 	4.3062917575 	0.220077202642 	-0.330993645845 	3.74637260516 	0.0180896820543 	0.00483638525645
16.55 	-1.72180451128 	2.09 	4.3062917575 	0.220077202642 	-0.330993645845 	3.74637260516 	0.0180896820543 	0.00483638525645
16.55 	-1.70676691729 	2.09 	4.25966746887 	0.0899083646733 	-0.209607926343 	3.73177254992 	0.0205886825402 	0.0120137096269
16.55 	-1.69172932331 	2.09 	4.25966746887 	0.0899083646733 	-0.209607926343 	3.73177254992 	0.0205886825402 	0.0120137096269
16.55 	-1.67669172932 	2.09 	4.17088971041 	0.185543393537 	-0.240576793023 	3.70802043451 	0.0178497757861 	0.0199211887062
16.55 	-1.66165413534 	2.09 	4.17088971041 	0.185543393537 	-0.240576793023 	3.70802043451 	0.0178497757861 	0.0199211887062
16.55 	-1.64661654135 	2.09 	4.44790846819 	0.107942037023 	-0.233332654629 	3.68396374762 	0.0166243491364 	0.0235225578284
16.55 	-1.63157894737 	2.09 	4.44790846819 	0.107942037023 	-0.233332654629 	3.68396374762 	0.0166243491364 	0.0235225578284
16.55 	-1.61654135338 	2.09 	4.41952813787 	0.260539423267 	-0.351572470795 	3.65497093034 	0.0168966806507 	0.0233661658804
16.55 	-1.6015037594 	2.09 	4.41952813787 	0.260539423267 	-0.351572470795 	3.65497093034 	0.0168966806507 	0.0233661658804
16.55 	-1.58646616541 	2.09 	4.23717296599 	0.192642013768 	-0.447089802548 	3.63339512606 	0.015823423917 	0.0209479695296
16.55 	-1.57142857143 	2.09 	4.23717296599 	0.192642013768 	-0.447089802548 	3.63339512606 	0.015823423917 	0.0209479695296
16.55 	-1.55639097744 	2.09 	4.11316960133 	0.00204800699394 	-0.194845875379 	3.61887468239 	0.0187871124745 	0.0253874112948
16.55 	-1.54135338346 	2.09 	4.11316960133 	0.00204800699394 	-0.194845875379 	3.61887468239 	0.0187871124745 	0.0253874112948
16.55 	-1.52631578947 	2.09 	3.97143730381 	-0.013570851085 	-0.268101810358 	3.59782562288 	0.0191539296762 	0.024692425247
16.55 	-1.51127819549 	2.09 	3.97143730381 	-0.013570851085 	-0.268101810358 	3.59782562288 	0.0191539296762 	0.024692425247
16.55 	-1.4962406015 	2.09 	3.91628498026 	0.0654631374476 	-0.0875987954098 	3.56101522399 	0.022824484272 	0.0302571034266
16.55 	-1.48120300752 	2.09 	3.91628498026 	0.0654631374476 	-0.0875987954098 	3.56101522399 	0.022824484272 	0.0302571034266
16.55 	-1.46616541353 	2.09 	4.06896393486 	0.0144936396399 	-0.0545378998583 	3.54308695892 	0.0239434515238 	0.0421847242595
16.55 	-1.45112781955 	2.09 	4.06896393486 	0.0144936396399 	-0.0545378998583 	3.54308695892 	0.0239434515238 	0.0421847242595
16.55 	-1.43609022556 	2.09 	4.16891960446 	0.052399475876 	-0.03900510304 	3.49995421558 	0.0232207652502 	0.0355228581568
16.55 	-1.42105263158 	2.09 	4.16891960446 	0.052399475876 	-0.03900510304 	3.49995421558 	0.0232207652502 	0.0355228581568
16.55 	-1.40601503759 	2.09 	4.26378988876 	0.0306708694918 	-0.118250795031 	3.47044208161 	0.0245726511205 	0.0412883412224
16.55 	-1.39097744361 	2.09 	4.26378988876 	0.0306708694918 	-0.118250795031 	3.47044208161 	0.0245726511205 	0.0412883412224
16.55 	-1.37593984962 	2.09 	4.26378988876 	0.0306708694918 	-0.118250795031 	3.47044208161 	0.0245726511205 	0.0412883412224
16.55 	-1.36090225564 	2.09 	3.76753591553 	0.117826857337 	-0.477916869853 	3.45491619567 	0.0265544175944 	0.0408647346101
16.55 	-1.34586466165 	2.09 	3.76753591553 	0.117826857337 	-0.477916869853 	3.45491619567 	0.0265544175944 	0.0408647346101
16.55 	-1.33082706767 	2.09 	3.40878242271 	0.250820616723 	-0.502665286561 	3.43708802891 	0.0224642291087 	0.0437914657781
16.55 	-1.31578947368 	2.09 	3.40878242271 	0.250820616723 	-0.502665286561 	3.43708802891 	0.0224642291087 	0.0437914657781
16.55 	-1.3007518797 	2.09 	3.44903035865 	0.268544679367 	-0.28863135469 	3.41630623458 	0.0166594944275 	0.0561066623316
16.55 	-1.28571428571 	2.09 	3.44903035865 	0.268544679367 	-0.28863135469 	3.41630623458 	0.0166594944275 	0.0561066623316
16.55 	-1.27067669173 	2.09 	3.46457893004 	0.0958125099366 	-0.0207961074562 	3.3935807468 	0.0192444388405 	0.0703704405563
16.55 	-1.25563909774 	2.09 	3.46457893004 	0.0958125099366 	-0.0207961074562 	3.3935807468 	0.0192444388405 	0.0703704405563
16.55 	-1.24060150376 	2.09 	3.31549373277 	-0.0710147296985 	0.0326955040066 	3.36863685504 	0.00910416251912 	0.0769816805191
16.55 	-1.22556390977 	2.09 	3.31549373277 	-0.0710147296985 	0.0326955040066 	3.36863685504 	0.00910416251912 	0.0769816805191
16.55 	-1.21052631579 	2.09 	3.16857114757 	-0.236778173061 	-0.261740345685 	3.3356473528 	0.0221039632714 	0.0847514647928
16.55 	-1.1954887218 	2.09 	3.16857114757 	-0.236778173061 	-0.261740345685 	3.3356473528 	0.0221039632714 	0.0847514647928
16.55 	-1.18045112782 	2.09 	3.27303851419 	-0.549823236298 	-0.237025020692 	3.31611903351 	0.0196725892194 	0.0919023909488
16.55 	-1.16541353383 	2.09 	3.27303851419 	-0.549823236298 	-0.237025020692 	3.31611903351 	0.0196725892194 	0.0919023909488
16.55 	-1.15037593985 	2.09 	3.00689213812 	-0.421496573249 	-0.224228067965 	3.29427813936 	0.0189502405567 	0.104966508269
16.55 	-1.13533834586 	2.09 	3.00689213812 	-0.421496573249 	-0.224228067965 	3.29427813936 	0.0189502405567 	0.104966508269
16.55 	-1.12030075188 	2.09 	3.02122862384 	-0.663278161323 	-0.207446472614 	3.26448077064 	0.0164352102743 	0.101737608819
16.55 	-1.10526315789 	2.09 	3.02122862384 	-0.663278161323 	-0.207446472614 	3.26448077064 	0.0164352102743 	0.101737608819
16.55 	-1.09022556391 	2.09 	3.36448427899 	-0.732949812546 	0.20336468782 	3.23232331978 	0.0208513055726 	0.103893566766
16.55 	-1.07518796992 	2.09 	3.36448427899 	-0.732949812546 	0.20336468782 	3.23232331978 	0.0208513055726 	0.103893566766
16.55 	-1.06015037594 	2.09 	3.59423889213 	-0.805728173188 	0.280487398329 	3.20716695535 	0.0302355389489 	0.113803702532
16.55 	-1.04511278195 	2.09 	3.59423889213 	-0.805728173188 	0.280487398329 	3.20716695535 	0.0302355389489 	0.113803702532
16.55 	-1.03007518797 	2.09 	3.71189684872 	-0.027184858294 	0.753529716221 	3.20010792308 	0.0186093302001 	0.124906706421
16.55 	-1.01503759398 	2.09 	3.71189684872 	-0.027184858294 	0.753529716221 	3.20010792308 	0.0186093302001 	0.124906706421
16.55 	-1 	2.09 	3.80866159227 	-0.0881140141604 	0.717752797285 	3.17615845992 	0.015945053149 	0.137233599554
16.55 	-0.984962406015 	2.09 	3.80866159227 	-0.0881140141604 	0.717752797285 	3.17615845992 	0.015945053149 	0.137233599554
16.55 	-0.96992481203 	2.09 	3.80866159227 	-0.0881140141604 	0.717752797285 	3.17615845992 	0.015945053149 	0.137233599554
16.55 	-0.954887218045 	2.09 	3.80974432481 	0.291779317574 	0.546769040581 	3.14347989316 	0.0181327805406 	0.136320597255
16.55 	-0.93984962406 	2.09 	3.80974432481 	0.291779317574 	0.546769040581 	3.14347989316 	0.0181327805406 	0.136320597255
16.55 	-0.924812030075 	2.09 	3.6203239705 	0.255410369888 	0.746183303896 	3.10461331563 	0.0197429691413 	0.140717666284
16.55 	-0.90977443609 	2.09 	3.6203239705 	0.255410369888 	0.746183303896 	3.10461331563 	0.0197429691413 	0.140717666284
16.55 	-0.894736842105 	2.09 	3.47447149721 	-0.212350642874 	0.654503832055 	3.07299239242 	0.0210196874178 	0.150904164116
16.55 	-0.87969924812 	2.09 	3.47447149721 	-0.212350642874 	0.654503832055 	3.07299239242 	0.0210196874178 	0.150904164116
16.55 	-0.864661654135 	2.09 	3.43498471961 	0.0225063669514 	0.697626221778 	3.07535490364 	0.0222642869442 	0.176126524715
16.55 	-0.84962406015 	2.09 	3.43498471961 	0.0225063669514 	0.697626221778 	3.07535490364 	0.0222642869442 	0.176126524715
16.55 	-0.834586466165 	2.09 	3.49563121335 	-0.138487519561 	0.474976201374 	3.03307540371 	0.0335301654672 	0.177790342619
16.55 	-0.81954887218 	2.09 	3.49563121335 	-0.138487519561 	0.474976201374 	3.03307540371 	0.0335301654672 	0.177790342619
16.55 	-0.804511278195 	2.09 	3.53838507502 	0.0225162302105 	0.494716224523 	3.00911219978 	0.0324590925719 	0.177433045845
16.55 	-0.789473684211 	2.09 	3.53838507502 	0.0225162302105 	0.494716224523 	3.00911219978 	0.0324590925719 	0.177433045845
16.55 	-0.774436090226 	2.09 	3.40397153025 	0.0551274040238 	0.555151762761 	3.0003387798 	0.0166593497099 	0.163671216162
16.55 	-0.759398496241 	2.09 	3.40397153025 	0.0551274040238 	0.555151762761 	3.0003387798 	0.0166593497099 	0.163671216162
16.55 	-0.744360902256 	2.09 	3.29374510332 	0.0717386588431 	0.186211156461 	2.9798845503 	0.024500402932 	0.158529337475
16.55 	-0.729323308271 	2.09 	3.29374510332 	0.0717386588431 	0.186211156461 	2.9798845503 	0.024500402932 	0.158529337475
16.55 	-0.714285714286 	2.09 	3.31693744516 	0.248647664517 	0.323975467139 	2.95855213877 	0.0309603323637 	0.157575135385
16.55 	-0.699248120301 	2.09 	3.31693744516 	0.248647664517 	0.323975467139 	2.95855213877 	0.0309603323637 	0.157575135385
16.55 	-0.684210526316 	2.09 	3.50971497792 	0.388238057485 	0.514944344839 	2.93914122723 	0.0280322970255 	0.150162403134
16.55 	-0.669172932331 	2.09 	3.50971497792 	0.388238057485 	0.514944344839 	2.93914122723 	0.0280322970255 	0.150162403134
16.55 	-0.654135338346 	2.09 	3.44545073368 	0.12992144657 	0.440652849591 	2.90853888455 	0.0261164216566 	0.141192574456
16.55 	-0.639097744361 	2.09 	3.44545073368 	0.12992144657 	0.440652849591 	2.90853888455 	0.0261164216566 	0.141192574456
16.55 	-0.624060150376 	2.09 	3.59946362976 	0.0253776866402 	0.600771927613 	2.87987123785 	0.0293126580833 	0.143908610884
16.55 	-0.609022556391 	2.09 	3.59946362976 	0.0253776866402 	0.600771927613 	2.87987123785 	0.0293126580833 	0.143908610884
16.55 	-0.593984962406 	2.09 	3.59946362976 	0.0253776866402 	0.600771927613 	2.87987123785 	0.0293126580833 	0.143908610884
16.55 	-0.578947368421 	2.09 	3.76392244169 	0.0351923388983 	0.594919057231 	2.84115524752 	0.00809527618529 	0.131060056346
16.55 	-0.563909774436 	2.09 	3.76392244169 	0.0351923388983 	0.594919057231 	2.84115524752 	0.00809527618529 	0.131060056346
16.55 	-0.548872180451 	2.09 	3.60595109369 	0.207089966078 	0.591471744375 	2.82451283796 	0.00831471516152 	0.12796045072
16.55 	-0.533834586466 	2.09 	3.60595109369 	0.207089966078 	0.591471744375 	2.82451283796 	0.00831471516152 	0.12796045072
16.55 	-0.518796992481 	2.09 	3.43330880245 	0.182890913218 	0.508645000095 	2.8168294342 	0.0012508311546 	0.129730334717
16.55 	-0.503759398496 	2.09 	3.43330880245 	0.182890913218 	0.508645000095 	2.8168294342 	0.0012508311546 	0.129730334717
16.55 	-0.488721804511 	2.09 	3.55869954425 	0.437554770779 	0.2401138362 	2.78933875145 	0.0015296034363 	0.125129223238
16.55 	-0.473684210526 	2.09 	3.55869954425 	0.437554770779 	0.2401138362 	2.78933875145 	0.0015296034363 	0.125129223238
16.55 	-0.458646616541 	2.09 	3.49626265513 	0.434561255023 	0.131732451303 	2.75102735902 	0.00823747384565 	0.116304455182
16.55 	-0.443609022556 	2.09 	3.49626265513 	0.434561255023 	0.131732451303 	2.75102735902 	0.00823747384565 	0.116304455182
16.55 	-0.428571428571 	2.09 	3.44786998106 	0.371856630037 	0.00395579693327 	2.72189795326 	0.0103938602357 	0.11359684647
16.55 	-0.413533834586 	2.09 	3.44786998106 	0.371856630037 	0.00395579693327 	2.72189795326 	0.0103938602357 	0.11359684647
16.55 	-0.398496240601 	2.09 	3.00200095486 	0.3966931564 	0.131369705307 	2.7054682033 	-0.00407923330985 	0.110410030326
16.55 	-0.383458646617 	2.09 	3.00200095486 	0.3966931564 	0.131369705307 	2.7054682033 	-0.00407923330985 	0.110410030326
16.55 	-0.368421052632 	2.09 	3.20459848179 	0.487495843055 	0.297432209428 	2.69001671126 	-0.015939809923 	0.0956641345843
16.55 	-0.353383458647 	2.09 	3.18191342318 	0.625921920469 	0.039818991065 	2.6900173143 	0.00182043987383 	0.111274220261
16.55 	-0.338345864662 	2.09 	3.03085359592 	0.650721753074 	0.0611659925184 	2.66968197272 	-0.00876016881978 	0.106786018362
16.55 	-0.323308270677 	2.09 	3.03085359592 	0.650721753074 	0.0611659925184 	2.66968197272 	-0.00876016881978 	0.106786018362
16.55 	-0.308270676692 	2.09 	3.03454011395 	0.515993969269 	0.243087255499 	2.63334654367 	-0.0185605235287 	0.100758848506
16.55 	-0.293233082707 	2.09 	3.03454011395 	0.515993969269 	0.243087255499 	2.63334654367 	-0.0185605235287 	0.100758848506
16.55 	-0.278195488722 	2.09 	3.28951662711 	0.524192486875 	0.462849493751 	2.62039076331 	-0.0230267097539 	0.104305624731
16.55 	-0.263157894737 	2.09 	3.28951662711 	0.524192486875 	0.462849493751 	2.62039076331 	-0.0230267097539 	0.104305624731
16.55 	-0.248120300752 	2.09 	3.02845541547 	0.486451552908 	0.512006986577 	2.59569454764 	-0.0312526777133 	0.104152169261
16.55 	-0.233082706767 	2.09 	3.02845541547 	0.486451552908 	0.512006986577 	2.59569454764 	-0.0312526777133 	0.104152169261
16.55 	-0.218045112782 	2.09 	3.08192390606 	0.510586805649 	-0.0788264569202 	2.5739770191 	-0.0385474805824 	0.101665647542
16.55 	-0.203007518797 	2.09 	3.08192390606 	0.510586805649 	-0.0788264569202 	2.5739770191 	-0.0385474805824 	0.101665647542
16.55 	-0.187969924812 	2.09 	3.08192390606 	0.510586805649 	-0.0788264569202 	2.5739770191 	-0.0385474805824 	0.101665647542
16.55 	-0.172932330827 	2.09 	3.0836517604 	0.431726779309 	-0.658898336309 	2.56007559433 	-0.0450747118526 	0.090572507322
16.55 	-0.157894736842 	2.09 	3.0836517604 	0.431726779309 	-0.658898336309 	2.56007559433 	-0.0450747118526 	0.090572507322
16.55 	-0.142857142857 	2.09 	3.00870648539 	0.30226729569 	-0.954715686137 	2.55208582205 	-0.0479890241041 	0.0813807616089
16.55 	-0.127819548872 	2.09 	3.00870648539 	0.30226729569 	-0.954715686137 	2.55208582205 	-0.0479890241041 	0.0813807616089
16.55 	-0.112781954887 	2.09 	2.92998483792 	0.273578057178 	-0.802410802199 	2.53487078601 	-0.0499298960805 	0.0784543349483
16.55 	-0.0977443609022 	2.09 	2.92998483792 	0.273578057178 	-0.802410802199 	2.53487078601 	-0.0499298960805 	0.0784543349483
16.55 	-0.0827067669173 	2.09 	2.7195935349 	0.452820083631 	-0.397180202161 	2.52920888563 	-0.0561079827919 	0.0712622074614
16.55 	-0.0676691729323 	2.09 	2.7195935349 	0.452820083631 	-0.397180202161 	2.52920888563 	-0.0561079827919 	0.0712622074614
16.55 	-0.0526315789474 	2.09 	2.49947405217 	0.434275533512 	-0.344177421405 	2.52572257105 	-0.0582772003198 	0.0623611775325
16.55 	-0.0375939849624 	2.09 	2.49947405217 	0.434275533512 	-0.344177421405 	2.52572257105 	-0.0582772003198 	0.0623611775325
16.55 	-0.0225563909774 	2.09 	2.65169819732 	0.521287814911 	-0.282250426155 	2.53111391673 	-0.0621479256696 	0.0549521131729
16.55 	-0.00751879699247 	2.09 	2.65169819732 	0.521287814911 	-0.282250426155 	2.53111391673 	-0.0621479256696 	0.0549521131729
16.55 	0.0075187969925 	2.09 	2.89142814405 	0.348024258659 	-0.183093928206 	2.53523709724 	-0.063936562483 	0.0472331250547
16.55 	0.0225563909775 	2.09 	2.89142814405 	0.348024258659 	-0.183093928206 	2.53523709724 	-0.063936562483 	0.0472331250547
16.55 	0.0375939849624 	2.09 	2.565811047 	0.2552493984 	-0.161120743924 	2.53589714677 	-0.0783033195055 	0.0443328629172
16.55 	0.0526315789474 	2.09 	2.565811047 	0.2552493984 	-0.161120743924 	2.53589714677 	-0.0783033195055 	0.0443328629172
16.55 	0.0676691729323 	2.09 	2.34084255901 	0.370191958202 	-0.0135993029312 	2.51293616426 	-0.0633190527746 	0.0491012925239
16.55 	0.0827067669173 	2.09 	2.34084255901 	0.370191958202 	-0.0135993029312 	2.51293616426 	-0.0633190527746 	0.0491012925239
16.55 	0.0977443609023 	2.09 	2.34352379402 	0.38641221109 	0.18544258714 	2.51112414616 	-0.0688128257547 	0.0495637377792
16.55 	0.112781954887 	2.09 	2.34352379402 	0.38641221109 	0.18544258714 	2.51112414616 	-0.0688128257547 	0.0495637377792
16.55 	0.127819548872 	2.09 	2.51888788099 	0.31792387059 	0.237775895767 	2.51414874998 	-0.0721953270981 	0.0438697833625
16.55 	0.142857142857 	2.09 	2.51888788099 	0.31792387059 	0.237775895767 	2.51414874998 	-0.0721953270981 	0.0438697833625
16.55 	0.157894736842 	2.09 	2.42013200749 	0.45756170695 	-0.197890588562 	2.51455313362 	-0.0727892745839 	0.0423327710418
16.55 	0.172932330827 	2.09 	2.42013200749 	0.45756170695 	-0.197890588562 	2.51455313362 	-0.0727892745839 	0.0423327710418
16.55 	0.187969924812 	2.09 	3.00352295828 	0.576494016877 	0.0544201572942 	2.53068338027 	-0.0950497917132 	0.0314023849148
16.55 	0.203007518797 	2.09 	3.00352295828 	0.576494016877 	0.0544201572942 	2.53068338027 	-0.0950497917132 	0.0314023849148
16.55 	0.218045112782 	2.09 	3.00352295828 	0.576494016877 	0.0544201572942 	2.53068338027 	-0.0950497917132 	0.0314023849148
16.55 	0.233082706767 	2.09 	2.78612515854 	0.667546120465 	0.0320967603567 	2.53295004291 	-0.0901940379802 	0.029981961383
16.55 	0.248120300752 	2.09 	2.78612515854 	0.667546120465 	0.0320967603567 	2.53295004291 	-0.0901940379802 	0.029981961383
16.55 	0.263157894737 	2.09 	2.32958796998 	0.430612060605 	-0.0413561206017 	2.54101096374 	-0.0863960738752 	0.033045988379
16.55 	0.278195488722 	2.09 	2.40832654635 	0.522485892812 	0.100002663436 	2.51896932435 	-0.0746589744142 	0.0336573417403
16.55 	0.293233082707 	2.09 	2.12909615828 	0.453180332131 	-0.145640975069 	2.53513496327 	-0.0800698115981 	0.045891585716
16.55 	0.308270676692 	2.09 	2.12909615828 	0.453180332131 	-0.145640975069 	2.53513496327 	-0.0800698115981 	0.045891585716
16.55 	0.323308270677 	2.09 	2.36798269036 	0.304362058474 	-0.101954372767 	2.5570507298 	-0.0899956020198 	0.0518273352093
16.55 	0.338345864662 	2.09 	2.36798269036 	0.304362058474 	-0.101954372767 	2.5570507298 	-0.0899956020198 	0.0518273352093
16.55 	0.353383458647 	2.09 	2.44529453667 	0.161072123243 	-0.0113119456094 	2.58383161528 	-0.0981275699996 	0.0558380934898
16.55 	0.368421052632 	2.09 	2.44529453667 	0.161072123243 	-0.0113119456094 	2.58383161528 	-0.0981275699996 	0.0558380934898
16.55 	0.383458646617 	2.09 	2.51655754614 	0.342036524809 	0.150349168928 	2.59926683235 	-0.101026306139 	0.0596950286688
16.55 	0.398496240602 	2.09 	2.51655754614 	0.342036524809 	0.150349168928 	2.59926683235 	-0.101026306139 	0.0596950286688
16.55 	0.413533834586 	2.09 	2.42799745783 	0.325452889207 	0.234161558062 	2.60350581627 	-0.10401206077 	0.0520238222846
16.55 	0.428571428571 	2.09 	2.42799745783 	0.325452889207 	0.234161558062 	2.60350581627 	-0.10401206077 	0.0520238222846
16.55 	0.443609022556 	2.09 	2.28424901661 	0.390998662751 	0.0181894302908 	2.61634018618 	-0.0985631616253 	0.0458450156324
16.55 	0.458646616541 	2.09 	2.28424901661 	0.390998662751 	0.0181894302908 	2.61634018618 	-0.0985631616253 	0.0458450156324
16.55 	0.473684210526 	2.09 	2.24140170719 	0.316948443533 	0.183057049583 	2.61827022463 	-0.0986825526194 	0.0308836615633
16.55 	0.488721804511 	2.09 	2.24140170719 	0.316948443533 	0.183057049583 	2.61827022463 	-0.0986825526194 	0.0308836615633
16.55 	0.503759398496 	2.09 	2.46927771372 	0.220970887941 	0.53835753328 	2.64551562595 	-0.0949775382705 	0.0240590463848
16.55 	0.518796992481 	2.09 	2.46927771372 	0.220970887941 	0.53835753328 	2.64551562595 	-0.0949775382705 	0.0240590463848
16.55 	0.533834586466 	2.09 	2.63083018454 	0.0974328733313 	0.684605529521 	2.65251383886 	-0.0971704967929 	0.0164909378291
16.55 	0.548872180451 	2.09 	2.41039328558 	0.175607949196 	0.583131244831 	2.6774459069 	-0.108911164689 	0.0188871540645
16.55 	0.563909774436 	2.09 	2.51561929074 	-0.189300555597 	0.432777428789 	2.69307587179 	-0.111912747673 	0.0195119830121
16.55 	0.578947368421 	2.09 	2.51561929074 	-0.189300555597 	0.432777428789 	2.69307587179 	-0.111912747673 	0.0195119830121
16.55 	0.593984962406 	2.09 	2.62547918829 	-0.320447991872 	0.250834865772 	2.72193765052 	-0.114305409928 	0.0182939928614
16.55 	0.609022556391 	2.09 	2.62547918829 	-0.320447991872 	0.250834865772 	2.72193765052 	-0.114305409928 	0.0182939928614
16.55 	0.624060150376 	2.09 	2.62547918829 	-0.320447991872 	0.250834865772 	2.72193765052 	-0.114305409928 	0.0182939928614
16.55 	0.639097744361 	2.09 	2.77304819339 	-0.22826102237 	0.306858931433 	2.74215457908 	-0.111096455203 	-0.00092103829332
16.55 	0.654135338346 	2.09 	2.77304819339 	-0.22826102237 	0.306858931433 	2.74215457908 	-0.111096455203 	-0.00092103829332
16.55 	0.669172932331 	2.09 	2.96902048028 	-0.133142028165 	0.35518707113 	2.76077260359 	-0.107439576931 	-0.0166981663645
16.55 	0.684210526316 	2.09 	2.96902048028 	-0.133142028165 	0.35518707113 	2.76077260359 	-0.107439576931 	-0.0166981663645
16.55 	0.699248120301 	2.09 	3.25710985636 	0.0585831887639 	0.0966122983151 	2.77923108879 	-0.0982911436875 	-0.0157984074907
16.55 	0.714285714286 	2.09 	3.25710985636 	0.0585831887639 	0.0966122983151 	2.77923108879 	-0.0982911436875 	-0.0157984074907
16.55 	0.729323308271 	2.09 	3.07511147466 	-0.0305499969024 	-0.034844104543 	2.78406378427 	-0.0825297479151 	-0.0230517791359
16.55 	0.744360902256 	2.09 	3.07511147466 	-0.0305499969024 	-0.034844104543 	2.78406378427 	-0.0825297479151 	-0.0230517791359
16.55 	0.759398496241 	2.09 	2.9981674126 	-0.1567813996 	-0.0614218359672 	2.79872664859 	-0.0806225954638 	-0.0339531436876
16.55 	0.774436090226 	2.09 	2.9981674126 	-0.1567813996 	-0.0614218359672 	2.79872664859 	-0.0806225954638 	-0.0339531436876
16.55 	0.789473684211 	2.09 	2.71742378486 	-0.0417374850284 	-0.341891402779 	2.81827746578 	-0.0733596233701 	-0.0497653232917
16.55 	0.804511278196 	2.09 	2.71742378486 	-0.0417374850284 	-0.341891402779 	2.81827746578 	-0.0733596233701 	-0.0497653232917
16.55 	0.81954887218 	2.09 	2.86410512906 	-0.28975226362 	-0.512500128403 	2.83751240859 	-0.0813039769262 	-0.050716365328
16.55 	0.834586466165 	2.09 	2.86410512906 	-0.28975226362 	-0.512500128403 	2.83751240859 	-0.0813039769262 	-0.050716365328
16.55 	0.84962406015 	2.09 	2.73718366652 	0.275567897722 	-0.263759559686 	2.86850977664 	-0.0788759379596 	-0.0623639965131
16.55 	0.864661654135 	2.09 	2.73718366652 	0.275567897722 	-0.263759559686 	2.86850977664 	-0.0788759379596 	-0.0623639965131
16.55 	0.87969924812 	2.09 	2.48148144251 	0.267616152532 	-0.176026241272 	2.91807403599 	-0.0825036160377 	-0.0671954981662
16.55 	0.894736842105 	2.09 	2.48148144251 	0.267616152532 	-0.176026241272 	2.91807403599 	-0.0825036160377 	-0.0671954981662
16.55 	0.90977443609 	2.09 	2.0694143262 	0.510466357754 	-0.394265004828 	2.94813771925 	-0.0868569976498 	-0.0670110450809
16.55 	0.924812030075 	2.09 	2.0694143262 	0.510466357754 	-0.394265004828 	2.94813771925 	-0.0868569976498 	-0.0670110450809
16.55 	0.93984962406 	2.09 	2.07430078973 	0.417825252099 	-0.546377766277 	2.98444644071 	-0.0853094097479 	-0.0737901809901
16.55 	0.954887218045 	2.09 	2.07430078973 	0.417825252099 	-0.546377766277 	2.98444644071 	-0.0853094097479 	-0.0737901809901
16.55 	0.96992481203 	2.09 	2.30010698913 	0.137794856031 	-0.65637012899 	3.03001654273 	-0.0869327557476 	-0.080827842984
16.55 	0.984962406015 	2.09 	2.30010698913 	0.137794856031 	-0.65637012899 	3.03001654273 	-0.0869327557476 	-0.080827842984
16.55 	1 	2.09 	2.33438244128 	0.0858120559233 	-0.703636382213 	3.06934217759 	-0.0878615503913 	-0.0957763778285
16.55 	1.01503759398 	2.09 	2.33438244128 	0.0858120559233 	-0.703636382213 	3.06934217759 	-0.0878615503913 	-0.0957763778285
16.55 	1.03007518797 	2.09 	2.33438244128 	0.0858120559233 	-0.703636382213 	3.06934217759 	-0.0878615503913 	-0.0957763778285
16.55 	1.04511278195 	2.09 	2.67115527541 	0.272100539974 	-0.739593382282 	3.0986710085 	-0.0810671527723 	-0.0911643723415
16.55 	1.06015037594 	2.09 	2.67115527541 	0.272100539974 	-0.739593382282 	3.0986710085 	-0.0810671527723 	-0.0911643723415
16.55 	1.07518796992 	2.09 	3.21766973266 	0.520916480754 	-0.914686655948 	3.13542649076 	-0.0685008482384 	-0.0950102597878
16.55 	1.09022556391 	2.09 	3.21766973266 	0.520916480754 	-0.914686655948 	3.13542649076 	-0.0685008482384 	-0.0950102597878
16.55 	1.10526315789 	2.09 	3.4381659497 	0.657428894776 	-0.919873943195 	3.15957189712 	-0.0545388802088 	-0.108765894571
16.55 	1.12030075188 	2.09 	3.4381659497 	0.657428894776 	-0.919873943195 	3.15957189712 	-0.0545388802088 	-0.108765894571
16.55 	1.13533834586 	2.09 	3.34732799899 	0.0785402843114 	-0.524487483687 	3.18584006587 	-0.051504127943 	-0.108108405024
16.55 	1.15037593985 	2.09 	3.34732799899 	0.0785402843114 	-0.524487483687 	3.18584006587 	-0.051504127943 	-0.108108405024
16.55 	1.16541353383 	2.09 	3.62603158415 	0.564648297401 	-0.442441900399 	3.19311602739 	-0.0406042451879 	-0.110684897274
16.55 	1.18045112782 	2.09 	3.62603158415 	0.564648297401 	-0.442441900399 	3.19311602739 	-0.0406042451879 	-0.110684897274
16.55 	1.1954887218 	2.09 	3.79080885229 	0.543194752469 	-0.445016985854 	3.2195466604 	-0.0351103420633 	-0.103197725357
16.55 	1.21052631579 	2.09 	3.79080885229 	0.543194752469 	-0.445016985854 	3.2195466604 	-0.0351103420633 	-0.103197725357
16.55 	1.22556390977 	2.09 	3.89584000784 	0.153358492169 	-0.319135951642 	3.23343637775 	-0.0252414371953 	-0.0905912141168
16.55 	1.24060150376 	2.09 	3.89584000784 	0.153358492169 	-0.319135951642 	3.23343637775 	-0.0252414371953 	-0.0905912141168
16.55 	1.25563909774 	2.09 	3.83220328804 	0.259408659266 	-0.451025933541 	3.25969508125 	-0.0142795423232 	-0.0700300558505
16.55 	1.27067669173 	2.09 	3.83220328804 	0.259408659266 	-0.451025933541 	3.25969508125 	-0.0142795423232 	-0.0700300558505
16.55 	1.28571428571 	2.09 	4.04591776336 	0.455496255971 	-0.398259371828 	3.29159649202 	-0.0119768715515 	-0.0790360621935
16.55 	1.3007518797 	2.09 	4.04591776336 	0.455496255971 	-0.398259371828 	3.29159649202 	-0.0119768715515 	-0.0790360621935
16.55 	1.31578947368 	2.09 	4.08660604513 	0.200761017168 	-1.09672209689 	3.33030031946 	-0.0103400243083 	-0.0807564774009
16.55 	1.33082706767 	2.09 	4.08660604513 	0.200761017168 	-1.09672209689 	3.33030031946 	-0.0103400243083 	-0.0807564774009
16.55 	1.34586466165 	2.09 	3.9836988221 	0.145883126205 	-1.42056545673 	3.34612109948 	-0.0128946180804 	-0.0739870842048
16.55 	1.36090225564 	2.09 	3.9836988221 	0.145883126205 	-1.42056545673 	3.34612109948 	-0.0128946180804 	-0.0739870842048
16.55 	1.37593984962 	2.09 	4.06640170523 	0.0225826299671 	-1.3051585668 	3.3787187406 	-0.0133696413207 	-0.0589647738892
16.55 	1.39097744361 	2.09 	4.06640170523 	0.0225826299671 	-1.3051585668 	3.3787187406 	-0.0133696413207 	-0.0589647738892
16.55 	1.40601503759 	2.09 	4.06640170523 	0.0225826299671 	-1.3051585668 	3.3787187406 	-0.0133696413207 	-0.0589647738892
16.55 	1.42105263158 	2.09 	3.78189660374 	0.239957126565 	-1.14638583307 	3.42148223339 	-0.0174541096493 	-0.0672843607603
16.55 	1.43609022556 	2.09 	3.78189660374 	0.239957126565 	-1.14638583307 	3.42148223339 	-0.0174541096493 	-0.0672843607603
16.55 	1.45112781955 	2.09 	3.79308897856 	0.279056939584 	-0.941555944376 	3.46072303891 	-0.0210166709046 	-0.0777393687114
16.55 	1.46616541353 	2.09 	3.79308897856 	0.279056939584 	-0.941555944376 	3.46072303891 	-0.0210166709046 	-0.0777393687114
16.55 	1.48120300752 	2.09 	3.72789239559 	-0.0608555145703 	-0.855366583091 	3.49414076075 	-0.0248626626133 	-0.0797619383964
16.55 	1.4962406015 	2.09 	3.72789239559 	-0.0608555145703 	-0.855366583091 	3.49414076075 	-0.0248626626133 	-0.0797619383964
16.55 	1.51127819549 	2.09 	3.82697100659 	-0.0805663553171 	-0.724704959241 	3.53843312116 	-0.0246138579281 	-0.081166927162
16.55 	1.52631578947 	2.09 	3.82697100659 	-0.0805663553171 	-0.724704959241 	3.53843312116 	-0.0246138579281 	-0.081166927162
16.55 	1.54135338346 	2.09 	3.72022098576 	0.0522100125834 	-0.700026037534 	3.56826727911 	-0.0220762853106 	-0.0727356189811
16.55 	1.55639097744 	2.09 	3.72022098576 	0.0522100125834 	-0.700026037534 	3.56826727911 	-0.0220762853106 	-0.0727356189811
16.55 	1.57142857143 	2.09 	3.82302793384 	-0.148445713349 	-0.267521745363 	3.6097725871 	-0.0225310906862 	-0.059651669395
16.55 	1.58646616541 	2.09 	3.82302793384 	-0.148445713349 	-0.267521745363 	3.6097725871 	-0.0225310906862 	-0.059651669395
16.55 	1.6015037594 	2.09 	4.04072250692 	-0.226555525173 	-0.162026204885 	3.65303912777 	-0.0281359291938 	-0.0588923499143
16.55 	1.61654135338 	2.09 	4.04072250692 	-0.226555525173 	-0.162026204885 	3.65303912777 	-0.0281359291938 	-0.0588923499143
16.55 	1.63157894737 	2.09 	4.00055486066 	-0.351213648753 	-0.234773138915 	3.69131366368 	-0.0300383519507 	-0.0534657425979
16.55 	1.64661654135 	2.09 	4.00055486066 	-0.351213648753 	-0.234773138915 	3.69131366368 	-0.0300383519507 	-0.0534657425979
16.55 	1.66165413534 	2.09 	4.04498645773 	-0.24808043861 	-0.175680642403 	3.73781719607 	-0.0310910618562 	-0.0489007162105
16.55 	1.67669172932 	2.09 	4.04498645773 	-0.24808043861 	-0.175680642403 	3.73781719607 	-0.0310910618562 	-0.0489007162105
16.55 	1.69172932331 	2.09 	4.0444105947 	-0.106998487857 	-0.0234984849007 	3.78212572957 	-0.0394703522329 	-0.051079960611
16.55 	1.70676691729 	2.09 	4.0444105947 	-0.106998487857 	-0.0234984849007 	3.78212572957 	-0.0394703522329 	-0.051079960611
16.55 	1.72180451128 	2.09 	4.12577127012 	-0.0819180719044 	0.0135885642032 	3.81027791855 	-0.0383625077474 	-0.0485534710875
16.55 	1.73684210526 	2.09 	4.12577127012 	-0.0819180719044 	0.0135885642032 	3.81027791855 	-0.0383625077474 	-0.0485534710875
16.55 	1.75187969925 	2.09 	4.04235786238 	-0.218374471303 	-0.0117303710938 	3.86620123217 	-0.0391369619295 	-0.0531713549491
16.55 	1.76691729323 	2.09 	4.04235786238 	-0.218374471303 	-0.0117303710938 	3.86620123217 	-0.0391369619295 	-0.0531713549491
16.55 	1.78195488722 	2.09 	4.04235786238 	-0.218374471303 	-0.0117303710938 	3.86620123217 	-0.0391369619295 	-0.0531713549491
16.55 	1.7969924812 	2.09 	4.04235786238 	-0.218374471303 	-0.0117303710938 	3.86620123217 	-0.0391369619295 	-0.0531713549491
16.55 	1.81203007519 	2.09 	4.04235786238 	-0.218374471303 	-0.0117303710938 	3.86620123217 	-0.0391369619295 	-0.0531713549491
16.55 	1.82706766917 	2.09 	3.82477880336 	-0.113737713126 	0.100652657718 	3.90256679521 	-0.0369925052523 	-0.0536643322959
16.55 	1.84210526316 	2.09 	3.82477880336 	-0.113737713126 	0.100652657718 	3.90256679521 	-0.0369925052523 	-0.0536643322959
16.55 	1.85714285714 	2.09 	3.82477880336 	-0.113737713126 	0.100652657718 	3.90256679521 	-0.0369925052523 	-0.0536643322959
16.55 	1.87218045113 	2.09 	4.14033427976 	-0.0648114644484 	-0.134484574621 	3.89704504109 	-0.0268141619196 	-0.0469735323681
16.55 	1.88721804511 	2.09 	4.03040558175 	-0.0577190914762 	0.151281281824 	3.93504502655 	-0.0304452018479 	-0.0564729405174
16.55 	1.9022556391 	2.09 	4.03040558175 	-0.0577190914762 	0.151281281824 	3.93504502655 	-0.0304452018479 	-0.0564729405174
16.55 	1.91729323308 	2.09 	4.03040558175 	-0.0577190914762 	0.151281281824 	3.93504502655 	-0.0304452018479 	-0.0564729405174
16.55 	1.93233082707 	2.09 	4.03040558175 	-0.0577190914762 	0.151281281824 	3.93504502655 	-0.0304452018479 	-0.0564729405174
16.55 	1.94736842105 	2.09 	3.95906130992 	-0.0433149583973 	0.140634871444 	3.96007559929 	-0.0255926938728 	-0.0576318177782
16.55 	1.96240601504 	2.09 	3.95906130992 	-0.0433149583973 	0.140634871444 	3.96007559929 	-0.0255926938728 	-0.0576318177782
16.55 	1.97744360902 	2.09 	3.95906130992 	-0.0433149583973 	0.140634871444 	3.96007559929 	-0.0255926938728 	-0.0576318177782
16.55 	1.99248120301 	2.09 	3.95906130992 	-0.0433149583973 	0.140634871444 	3.96007559929 	-0.0255926938728 	-0.0576318177782
16.55 	2.00751879699 	2.09 	4.08805983004 	0.00321665217183 	0.0682929871235 	3.98777647811 	-0.0287142585198 	-0.048857571479
16.55 	2.02255639098 	2.09 	4.08805983004 	0.00321665217183 	0.0682929871235 	3.98777647811 	-0.0287142585198 	-0.048857571479
16.55 	2.03759398496 	2.09 	4.08805983004 	0.00321665217183 	0.0682929871235 	3.98777647811 	-0.0287142585198 	-0.048857571479
16.55 	2.05263157895 	2.09 	4.08805983004 	0.00321665217183 	0.0682929871235 	3.98777647811 	-0.0287142585198 	-0.048857571479
16.55 	2.06766917293 	2.09 	4.0794404054 	-0.0589042825481 	0.0187374894759 	4.01855459352 	-0.0342810207785 	-0.0474819120328
16.55 	2.08270676692 	2.09 	4.0794404054 	-0.0589042825481 	0.0187374894759 	4.01855459352 	-0.0342810207785 	-0.0474819120328
16.55 	2.0977443609 	2.09 	4.0794404054 	-0.0589042825481 	0.0187374894759 	4.01855459352 	-0.0342810207785 	-0.0474819120328
16.55 	2.11278195489 	2.09 	4.0794404054 	-0.0589042825481 	0.0187374894759 	4.01855459352 	-0.0342810207785 	-0.0474819120328
16.55 	2.12781954887 	2.09 	4.19265236809 	-0.0233444029551 	0.0252387211001 	4.03268773786 	-0.0374753057346 	-0.0512280237367
16.55 	2.14285714286 	2.09 	4.24794397478 	-0.0134014669446 	0.00174856284122 	4.02802068339 	-0.0281590966426 	-0.0430719346115
16.55 	2.15789473684 	2.09 	4.24794397478 	-0.0134014669446 	0.00174856284122 	4.02802068339 	-0.0281590966426 	-0.0430719346115
16.55 	2.17293233083 	2.09 	4.24794397478 	-0.0134014669446 	0.00174856284122 	4.02802068339 	-0.0281590966426 	-0.0430719346115
16.55 	2.18796992481 	2.09 	4.22405859272 	0.0152702795285 	-0.0334141413161 	4.0361914304 	-0.025421538664 	-0.0470146698501
16.55 	2.2030075188 	2.09 	4.22405859272 	0.0152702795285 	-0.0334141413161 	4.0361914304 	-0.025421538664 	-0.0470146698501
16.55 	2.21804511278 	2.09 	4.22405859272 	0.0152702795285 	-0.0334141413161 	4.0361914304 	-0.025421538664 	-0.0470146698501
16.55 	2.23308270677 	2.09 	4.22405859272 	0.0152702795285 	-0.0334141413161 	4.0361914304 	-0.025421538664 	-0.0470146698501
16.55 	2.24812030075 	2.09 	4.22405859272 	0.0152702795285 	-0.0334141413161 	4.0361914304 	-0.025421538664 	-0.0470146698501
16.55 	2.26315789474 	2.09 	4.23163713731 	0.00796350330709 	-0.0281057589053 	4.06830784283 	-0.0344483479148 	-0.0446279300376
16.55 	2.27819548872 	2.09 	4.23163713731 	0.00796350330709 	-0.0281057589053 	4.06830784283 	-0.0344483479148 	-0.0446279300376
16.55 	2.29323308271 	2.09 	4.23163713731 	0.00796350330709 	-0.0281057589053 	4.06830784283 	-0.0344483479148 	-0.0446279300376
16.55 	2.30827067669 	2.09 	4.23163713731 	0.00796350330709 	-0.0281057589053 	4.06830784283 	-0.0344483479148 	-0.0446279300376
16.55 	2.32330827068 	2.09 	4.23163713731 	0.00796350330709 	-0.0281057589053 	4.06830784283 	-0.0344483479148 	-0.0446279300376
16.55 	2.33834586466 	2.09 	4.23163713731 	0.00796350330709 	-0.0281057589053 	4.06830784283 	-0.0344483479148 	-0.0446279300376
16.55 	2.35338345865 	2.09 	4.23163713731 	0.00796350330709 	-0.0281057589053 	4.06830784283 	-0.0344483479148 	-0.0446279300376
16.55 	2.36842105263 	2.09 	4.23163713731 	0.00796350330709 	-0.0281057589053 	4.06830784283 	-0.0344483479148 	-0.0446279300376
16.55 	2.38345864662 	2.09 	4.20722597174 	0.00879390465121 	-0.0393433476372 	4.08888525319 	-0.0302996159259 	-0.0402781899246
16.55 	2.3984962406 	2.09 	4.20722597174 	0.00879390465121 	-0.0393433476372 	4.08888525319 	-0.0302996159259 	-0.0402781899246
16.55 	2.41353383459 	2.09 	4.20722597174 	0.00879390465121 	-0.0393433476372 	4.08888525319 	-0.0302996159259 	-0.0402781899246
16.55 	2.42857142857 	2.09 	4.20722597174 	0.00879390465121 	-0.0393433476372 	4.08888525319 	-0.0302996159259 	-0.0402781899246
16.55 	2.44360902256 	2.09 	4.20722597174 	0.00879390465121 	-0.0393433476372 	4.08888525319 	-0.0302996159259 	-0.0402781899246
16.55 	2.45864661654 	2.09 	4.20722597174 	0.00879390465121 	-0.0393433476372 	4.08888525319 	-0.0302996159259 	-0.0402781899246
16.55 	2.47368421053 	2.09 	4.20722597174 	0.00879390465121 	-0.0393433476372 	4.08888525319 	-0.0302996159259 	-0.0402781899246
16.55 	2.48872180451 	2.09 	4.20722597174 	0.00879390465121 	-0.0393433476372 	4.08888525319 	-0.0302996159259 	-0.0402781899246
16.55 	2.5037593985 	2.09 	4.20623625027 	0.0179615093463 	-0.0324901904467 	4.11710872457 	-0.0310434973608 	-0.0289023507626
16.55 	2.51879699248 	2.09 	4.20623625027 	0.0179615093463 	-0.0324901904467 	4.11710872457 	-0.0310434973608 	-0.0289023507626
16.55 	2.53383458647 	2.09 	4.20623625027 	0.0179615093463 	-0.0324901904467 	4.11710872457 	-0.0310434973608 	-0.0289023507626
16.55 	2.54887218045 	2.09 	4.20623625027 	0.0179615093463 	-0.0324901904467 	4.11710872457 	-0.0310434973608 	-0.0289023507626
16.55 	2.56390977444 	2.09 	4.20623625027 	0.0179615093463 	-0.0324901904467 	4.11710872457 	-0.0310434973608 	-0.0289023507626
16.55 	2.57894736842 	2.09 	4.20623625027 	0.0179615093463 	-0.0324901904467 	4.11710872457 	-0.0310434973608 	-0.0289023507626
16.55 	2.59398496241 	2.09 	4.20623625027 	0.0179615093463 	-0.0324901904467 	4.11710872457 	-0.0310434973608 	-0.0289023507626
16.55 	2.60902255639 	2.09 	4.20623625027 	0.0179615093463 	-0.0324901904467 	4.11710872457 	-0.0310434973608 	-0.0289023507626
16.55 	2.62406015038 	2.09 	4.20623625027 	0.0179615093463 	-0.0324901904467 	4.11710872457 	-0.0310434973608 	-0.0289023507626
16.55 	2.63909774436 	2.09 	4.29222574548 	0.0127028275188 	-0.0241509138593 	4.12436151045 	-0.0278764392201 	-0.0222802465293
16.55 	2.65413533835 	2.09 	4.29222574548 	0.0127028275188 	-0.0241509138593 	4.12436151045 	-0.0278764392201 	-0.0222802465293
16.55 	2.66917293233 	2.09 	4.29222574548 	0.0127028275188 	-0.0241509138593 	4.12436151045 	-0.0278764392201 	-0.0222802465293
16.55 	2.68421052632 	2.09 	4.29222574548 	0.0127028275188 	-0.0241509138593 	4.12436151045 	-0.0278764392201 	-0.0222802465293
16.55 	2.6992481203 	2.09 	4.29222574548 	0.0127028275188 	-0.0241509138593 	4.12436151045 	-0.0278764392201 	-0.0222802465293
16.55 	2.71428571429 	2.09 	4.29222574548 	0.0127028275188 	-0.0241509138593 	4.12436151045 	-0.0278764392201 	-0.0222802465293
16.55 	2.72932330827 	2.09 	4.29222574548 	0.0127028275188 	-0.0241509138593 	4.12436151045 	-0.0278764392201 	-0.0222802465293
16.55 	2.74436090226 	2.09 	4.29222574548 	0.0127028275188 	-0.0241509138593 	4.12436151045 	-0.0278764392201 	-0.0222802465293
16.55 	2.75939849624 	2.09 	4.26202145777 	0.0106232767645 	-0.0274244526719 	4.09840692452 	-0.0231711560701 	-0.0304398529785
16.55 	2.77443609023 	2.09 	4.26202145777 	0.0106232767645 	-0.0274244526719 	4.09840692452 	-0.0231711560701 	-0.0304398529785
16.55 	2.78947368421 	2.09 	4.26202145777 	0.0106232767645 	-0.0274244526719 	4.09840692452 	-0.0231711560701 	-0.0304398529785
16.55 	2.8045112782 	2.09 	4.26202145777 	0.0106232767645 	-0.0274244526719 	4.09840692452 	-0.0231711560701 	-0.0304398529785
16.55 	2.81954887218 	2.09 	4.26202145777 	0.0106232767645 	-0.0274244526719 	4.09840692452 	-0.0231711560701 	-0.0304398529785
16.55 	2.83458646617 	2.09 	4.26202145777 	0.0106232767645 	-0.0274244526719 	4.09840692452 	-0.0231711560701 	-0.0304398529785
16.55 	2.84962406015 	2.09 	4.26202145777 	0.0106232767645 	-0.0274244526719 	4.09840692452 	-0.0231711560701 	-0.0304398529785
16.55 	2.86466165414 	2.09 	4.26202145777 	0.0106232767645 	-0.0274244526719 	4.09840692452 	-0.0231711560701 	-0.0304398529785
16.55 	2.87969924812 	2.09 	4.2094893871 	0.0229417191208 	-0.0490164002374 	4.08912067471 	-0.0168084633335 	-0.0364470969292
16.55 	2.89473684211 	2.09 	4.2094893871 	0.0229417191208 	-0.0490164002374 	4.08912067471 	-0.0168084633335 	-0.0364470969292
16.55 	2.90977443609 	2.09 	4.2094893871 	0.0229417191208 	-0.0490164002374 	4.08912067471 	-0.0168084633335 	-0.0364470969292
16.55 	2.92481203008 	2.09 	4.2094893871 	0.0229417191208 	-0.0490164002374 	4.08912067471 	-0.0168084633335 	-0.0364470969292
16.55 	2.93984962406 	2.09 	4.2094893871 	0.0229417191208 	-0.0490164002374 	4.08912067471 	-0.0168084633335 	-0.0364470969292
16.55 	2.95488721805 	2.09 	4.2094893871 	0.0229417191208 	-0.0490164002374 	4.08912067471 	-0.0168084633335 	-0.0364470969292
16.55 	2.96992481203 	2.09 	4.2094893871 	0.0229417191208 	-0.0490164002374 	4.08912067471 	-0.0168084633335 	-0.0364470969292
16.55 	2.98496240602 	2.09 	4.2094893871 	0.0229417191208 	-0.0490164002374 	4.08912067471 	-0.0168084633335 	-0.0364470969292
16.55 	3 	2.09 	4.19260792878 	0.0108999707716 	-0.05702422068 	4.08566008728 	-0.020146210068 	-0.0302895573918
