14.22 	0 	3.7 	0.154428605924 	0.0101515538683 	0.0207532856138 	0.110922949882 	0.00100404407533 	0.0585655067198
14.22 	0 	3.69097744361 	0.154428605924 	0.0101515538683 	0.0207532856138 	0.110922949882 	0.00100404407533 	0.0585655067198
14.22 	0 	3.68195488722 	0.154428605924 	0.0101515538683 	0.0207532856138 	0.110922949882 	0.00100404407533 	0.0585655067198
14.22 	0 	3.67293233083 	0.146697963834 	0.0120263467403 	0.0102360223408 	0.106163388079 	0.000114753015073 	0.0611762573374
14.22 	0 	3.66390977444 	0.146697963834 	0.0120263467403 	0.0102360223408 	0.106163388079 	0.000114753015073 	0.0611762573374
14.22 	0 	3.65488721805 	0.146697963834 	0.0120263467403 	0.0102360223408 	0.106163388079 	0.000114753015073 	0.0611762573374
14.22 	0 	3.64586466165 	0.146697963834 	0.0120263467403 	0.0102360223408 	0.106163388079 	0.000114753015073 	0.0611762573374
14.22 	0 	3.63684210526 	0.164916930873 	0.01787258879 	-0.0019474294592 	0.111905856463 	0.0014171625604 	0.0710295847464
14.22 	0 	3.62781954887 	0.164916930873 	0.01787258879 	-0.0019474294592 	0.111905856463 	0.0014171625604 	0.0710295847464
14.22 	0 	3.61879699248 	0.164916930873 	0.01787258879 	-0.0019474294592 	0.111905856463 	0.0014171625604 	0.0710295847464
14.22 	0 	3.60977443609 	0.160241199514 	0.0164415639316 	-0.00891479214262 	0.107385428151 	0.00180517403778 	0.0827874035908
14.22 	0 	3.6007518797 	0.160241199514 	0.0164415639316 	-0.00891479214262 	0.107385428151 	0.00180517403778 	0.0827874035908
14.22 	0 	3.59172932331 	0.160241199514 	0.0164415639316 	-0.00891479214262 	0.107385428151 	0.00180517403778 	0.0827874035908
14.22 	0 	3.58270676692 	0.160241199514 	0.0164415639316 	-0.00891479214262 	0.107385428151 	0.00180517403778 	0.0827874035908
14.22 	0 	3.57368421053 	0.149464288213 	0.0159741336772 	-0.00897152394781 	0.0993077528501 	0.000587067807707 	0.0941810378299
14.22 	0 	3.56466165414 	0.149464288213 	0.0159741336772 	-0.00897152394781 	0.0993077528501 	0.000587067807707 	0.0941810378299
14.22 	0 	3.55563909774 	0.149464288213 	0.0159741336772 	-0.00897152394781 	0.0993077528501 	0.000587067807707 	0.0941810378299
14.22 	0 	3.54661654135 	0.144990021512 	0.0133988971009 	-0.011347366516 	0.101796297058 	0.00248569438703 	0.0931174675186
14.22 	0 	3.53759398496 	0.144990021512 	0.0133988971009 	-0.011347366516 	0.101796297058 	0.00248569438703 	0.0931174675186
14.22 	0 	3.52857142857 	0.144990021512 	0.0133988971009 	-0.011347366516 	0.101796297058 	0.00248569438703 	0.0931174675186
14.22 	0 	3.51954887218 	0.144990021512 	0.0133988971009 	-0.011347366516 	0.101796297058 	0.00248569438703 	0.0931174675186
14.22 	0 	3.51052631579 	0.144158682508 	0.0151777466648 	-0.0124641674067 	0.103411420661 	0.00587497222571 	0.103525419825
14.22 	0 	3.5015037594 	0.144158682508 	0.0151777466648 	-0.0124641674067 	0.103411420661 	0.00587497222571 	0.103525419825
14.22 	0 	3.49248120301 	0.144158682508 	0.0151777466648 	-0.0124641674067 	0.103411420661 	0.00587497222571 	0.103525419825
14.22 	0 	3.48345864662 	0.144158682508 	0.0151777466648 	-0.0124641674067 	0.103411420661 	0.00587497222571 	0.103525419825
14.22 	0 	3.47443609023 	0.140477441312 	0.011092090129 	-0.0249019722128 	0.0951008344778 	0.00422657832438 	0.108020373314
14.22 	0 	3.46541353383 	0.140477441312 	0.011092090129 	-0.0249019722128 	0.0951008344778 	0.00422657832438 	0.108020373314
14.22 	0 	3.45639097744 	0.140477441312 	0.011092090129 	-0.0249019722128 	0.0951008344778 	0.00422657832438 	0.108020373314
14.22 	0 	3.44736842105 	0.149300434261 	0.00704283349648 	-0.0259891455057 	0.092270137374 	0.00790166845765 	0.121726977548
14.22 	0 	3.43834586466 	0.149300434261 	0.00704283349648 	-0.0259891455057 	0.092270137374 	0.00790166845765 	0.121726977548
14.22 	0 	3.42932330827 	0.149300434261 	0.00704283349648 	-0.0259891455057 	0.092270137374 	0.00790166845765 	0.121726977548
14.22 	0 	3.42030075188 	0.149300434261 	0.00704283349648 	-0.0259891455057 	0.092270137374 	0.00790166845765 	0.121726977548
14.22 	0 	3.41127819549 	0.142309847954 	0.00818609006507 	-0.0212092994527 	0.0965177212672 	0.00847704957863 	0.126469428902
14.22 	0 	3.4022556391 	0.142309847954 	0.00818609006507 	-0.0212092994527 	0.0965177212672 	0.00847704957863 	0.126469428902
14.22 	0 	3.39323308271 	0.142309847954 	0.00818609006507 	-0.0212092994527 	0.0965177212672 	0.00847704957863 	0.126469428902
14.22 	0 	3.38421052632 	0.141972949937 	0.00417552099766 	-0.0221952237515 	0.0986139831115 	0.00841602404143 	0.131967200393
14.22 	0 	3.37518796992 	0.141972949937 	0.00417552099766 	-0.0221952237515 	0.0986139831115 	0.00841602404143 	0.131967200393
14.22 	0 	3.36616541353 	0.141972949937 	0.00417552099766 	-0.0221952237515 	0.0986139831115 	0.00841602404143 	0.131967200393
14.22 	0 	3.35714285714 	0.141972949937 	0.00417552099766 	-0.0221952237515 	0.0986139831115 	0.00841602404143 	0.131967200393
14.22 	0 	3.34812030075 	0.146576274738 	0.00201569624475 	-0.0231638372147 	0.0995362850877 	0.0131225056979 	0.139314334345
14.22 	0 	3.33909774436 	0.146576274738 	0.00201569624475 	-0.0231638372147 	0.0995362850877 	0.0131225056979 	0.139314334345
14.22 	0 	3.33007518797 	0.146576274738 	0.00201569624475 	-0.0231638372147 	0.0995362850877 	0.0131225056979 	0.139314334345
14.22 	0 	3.32105263158 	0.144774384994 	-0.00235494471113 	-0.023608451512 	0.0994051076845 	0.00954446671729 	0.148130323877
14.22 	0 	3.31203007519 	0.144774384994 	-0.00235494471113 	-0.023608451512 	0.0994051076845 	0.00954446671729 	0.148130323877
14.22 	0 	3.3030075188 	0.144774384994 	-0.00235494471113 	-0.023608451512 	0.0994051076845 	0.00954446671729 	0.148130323877
14.22 	0 	3.29398496241 	0.144774384994 	-0.00235494471113 	-0.023608451512 	0.0994051076845 	0.00954446671729 	0.148130323877
14.22 	0 	3.28496240602 	0.148360036879 	-0.00179338557862 	-0.0239353523846 	0.0998229874273 	0.00939305501077 	0.152709884854
14.22 	0 	3.27593984962 	0.148360036879 	-0.00179338557862 	-0.0239353523846 	0.0998229874273 	0.00939305501077 	0.152709884854
14.22 	0 	3.26691729323 	0.148360036879 	-0.00179338557862 	-0.0239353523846 	0.0998229874273 	0.00939305501077 	0.152709884854
14.22 	0 	3.25789473684 	0.154695418169 	-0.00484828765753 	-0.0265171807378 	0.112355102111 	0.00584113282215 	0.158268381798
14.22 	0 	3.24887218045 	0.154695418169 	-0.00484828765753 	-0.0265171807378 	0.112355102111 	0.00584113282215 	0.158268381798
14.22 	0 	3.23984962406 	0.154695418169 	-0.00484828765753 	-0.0265171807378 	0.112355102111 	0.00584113282215 	0.158268381798
14.22 	0 	3.23082706767 	0.154695418169 	-0.00484828765753 	-0.0265171807378 	0.112355102111 	0.00584113282215 	0.158268381798
14.22 	0 	3.22180451128 	0.157209691143 	0.00275338811833 	-0.0281187602368 	0.109643124558 	0.00562429788221 	0.164896036028
14.22 	0 	3.21278195489 	0.157209691143 	0.00275338811833 	-0.0281187602368 	0.109643124558 	0.00562429788221 	0.164896036028
14.22 	0 	3.2037593985 	0.157209691143 	0.00275338811833 	-0.0281187602368 	0.109643124558 	0.00562429788221 	0.164896036028
14.22 	0 	3.19473684211 	0.141146912241 	-9.66141675662e-05 	-0.0258813383408 	0.108857369687 	0.00974337086902 	0.168097781405
14.22 	0 	3.18571428571 	0.141146912241 	-9.66141675662e-05 	-0.0258813383408 	0.108857369687 	0.00974337086902 	0.168097781405
14.22 	0 	3.17669172932 	0.141146912241 	-9.66141675662e-05 	-0.0258813383408 	0.108857369687 	0.00974337086902 	0.168097781405
14.22 	0 	3.16766917293 	0.141146912241 	-9.66141675662e-05 	-0.0258813383408 	0.108857369687 	0.00974337086902 	0.168097781405
14.22 	0 	3.15864661654 	0.138901399486 	-0.00151260671402 	-0.0257451490174 	0.113653574597 	0.01373415443 	0.160671658326
14.22 	0 	3.14962406015 	0.138901399486 	-0.00151260671402 	-0.0257451490174 	0.113653574597 	0.01373415443 	0.160671658326
14.22 	0 	3.14060150376 	0.138901399486 	-0.00151260671402 	-0.0257451490174 	0.113653574597 	0.01373415443 	0.160671658326
14.22 	0 	3.13157894737 	0.132097404964 	-0.00475788011181 	-0.0263435195572 	0.114884784265 	0.0167425190886 	0.169365027397
14.22 	0 	3.12255639098 	0.132097404964 	-0.00475788011181 	-0.0263435195572 	0.114884784265 	0.0167425190886 	0.169365027397
14.22 	0 	3.11353383459 	0.132097404964 	-0.00475788011181 	-0.0263435195572 	0.114884784265 	0.0167425190886 	0.169365027397
14.22 	0 	3.1045112782 	0.132097404964 	-0.00475788011181 	-0.0263435195572 	0.114884784265 	0.0167425190886 	0.169365027397
14.22 	0 	3.0954887218 	0.13252629587 	0.00324059965819 	-0.0231661134029 	0.117095969233 	0.023844338943 	0.166115310084
14.22 	0 	3.08646616541 	0.13252629587 	0.00324059965819 	-0.0231661134029 	0.117095969233 	0.023844338943 	0.166115310084
14.22 	0 	3.07744360902 	0.13252629587 	0.00324059965819 	-0.0231661134029 	0.117095969233 	0.023844338943 	0.166115310084
14.22 	0 	3.06842105263 	0.143783790886 	0.0111690269857 	-0.0194417001263 	0.109357428808 	0.0221309826877 	0.160587316104
14.22 	0 	3.05939849624 	0.143783790886 	0.0111690269857 	-0.0194417001263 	0.109357428808 	0.0221309826877 	0.160587316104
14.22 	0 	3.05037593985 	0.143783790886 	0.0111690269857 	-0.0194417001263 	0.109357428808 	0.0221309826877 	0.160587316104
14.22 	0 	3.04135338346 	0.143783790886 	0.0111690269857 	-0.0194417001263 	0.109357428808 	0.0221309826877 	0.160587316104
14.22 	0 	3.03233082707 	0.139696420417 	0.00576167073107 	-0.0223103849671 	0.10252755452 	0.0166605083162 	0.159993624555
14.22 	0 	3.02330827068 	0.139696420417 	0.00576167073107 	-0.0223103849671 	0.10252755452 	0.0166605083162 	0.159993624555
14.22 	0 	3.01428571429 	0.139696420417 	0.00576167073107 	-0.0223103849671 	0.10252755452 	0.0166605083162 	0.159993624555
14.22 	0 	3.00526315789 	0.14604809242 	0.00357111098608 	-0.0161856275439 	0.103905212724 	0.00676500706752 	0.147284230689
14.22 	0 	2.9962406015 	0.14604809242 	0.00357111098608 	-0.0161856275439 	0.103905212724 	0.00676500706752 	0.147284230689
14.22 	0 	2.98721804511 	0.14604809242 	0.00357111098608 	-0.0161856275439 	0.103905212724 	0.00676500706752 	0.147284230689
14.22 	0 	2.97819548872 	0.14604809242 	0.00357111098608 	-0.0161856275439 	0.103905212724 	0.00676500706752 	0.147284230689
14.22 	0 	2.96917293233 	0.150879838683 	0.0033534388895 	-0.0190299221586 	0.102182414636 	-0.000269003118845 	0.160529641965
14.22 	0 	2.96015037594 	0.150879838683 	0.0033534388895 	-0.0190299221586 	0.102182414636 	-0.000269003118845 	0.160529641965
14.22 	0 	2.95112781955 	0.150879838683 	0.0033534388895 	-0.0190299221586 	0.102182414636 	-0.000269003118845 	0.160529641965
14.22 	0 	2.94210526316 	0.14376444144 	0.00279229674317 	-0.0227857534568 	0.10885707738 	0.00105316557333 	0.157227825959
14.22 	0 	2.93308270677 	0.14376444144 	0.00279229674317 	-0.0227857534568 	0.10885707738 	0.00105316557333 	0.157227825959
14.22 	0 	2.92406015038 	0.14376444144 	0.00279229674317 	-0.0227857534568 	0.10885707738 	0.00105316557333 	0.157227825959
14.22 	0 	2.91503759398 	0.14376444144 	0.00279229674317 	-0.0227857534568 	0.10885707738 	0.00105316557333 	0.157227825959
14.22 	0 	2.90601503759 	0.137838956209 	0.0124119604348 	-0.0228293527137 	0.10800057194 	0.0029836085511 	0.155388041493
14.22 	0 	2.8969924812 	0.137838956209 	0.0124119604348 	-0.0228293527137 	0.10800057194 	0.0029836085511 	0.155388041493
14.22 	0 	2.88796992481 	0.137838956209 	0.0124119604348 	-0.0228293527137 	0.10800057194 	0.0029836085511 	0.155388041493
14.22 	0 	2.87894736842 	0.144403718756 	0.0174294764672 	-0.0220429698695 	0.112075671606 	0.00393069453538 	0.144236114923
14.22 	0 	2.86992481203 	0.144403718756 	0.0174294764672 	-0.0220429698695 	0.112075671606 	0.00393069453538 	0.144236114923
14.22 	0 	2.86090225564 	0.144403718756 	0.0174294764672 	-0.0220429698695 	0.112075671606 	0.00393069453538 	0.144236114923
14.22 	0 	2.85187969925 	0.144403718756 	0.0174294764672 	-0.0220429698695 	0.112075671606 	0.00393069453538 	0.144236114923
14.22 	0 	2.84285714286 	0.140247239406 	0.016520682886 	-0.0147096329157 	0.118774406654 	0.00303419696533 	0.13654978495
14.22 	0 	2.83383458647 	0.140247239406 	0.016520682886 	-0.0147096329157 	0.118774406654 	0.00303419696533 	0.13654978495
14.22 	0 	2.82481203008 	0.140247239406 	0.016520682886 	-0.0147096329157 	0.118774406654 	0.00303419696533 	0.13654978495
14.22 	0 	2.81578947368 	0.147204602096 	0.0197052011027 	-0.0145792529048 	0.112928475776 	-0.00219507782059 	0.129282982794
14.22 	0 	2.80676691729 	0.147204602096 	0.0197052011027 	-0.0145792529048 	0.112928475776 	-0.00219507782059 	0.129282982794
14.22 	0 	2.7977443609 	0.147204602096 	0.0197052011027 	-0.0145792529048 	0.112928475776 	-0.00219507782059 	0.129282982794
14.22 	0 	2.78872180451 	0.147204602096 	0.0197052011027 	-0.0145792529048 	0.112928475776 	-0.00219507782059 	0.129282982794
14.22 	0 	2.77969924812 	0.144594332732 	0.0213520429175 	-0.0126739294236 	0.103124793196 	0.00338761907245 	0.131149606509
14.22 	0 	2.77067669173 	0.144594332732 	0.0213520429175 	-0.0126739294236 	0.103124793196 	0.00338761907245 	0.131149606509
14.22 	0 	2.76165413534 	0.144594332732 	0.0213520429175 	-0.0126739294236 	0.103124793196 	0.00338761907245 	0.131149606509
14.22 	0 	2.75263157895 	0.13900369867 	0.0200355829433 	-0.0115707520103 	0.104928657149 	0.00836974825001 	0.126606338344
14.22 	0 	2.74360902256 	0.13900369867 	0.0200355829433 	-0.0115707520103 	0.104928657149 	0.00836974825001 	0.126606338344
14.22 	0 	2.73458646617 	0.13900369867 	0.0200355829433 	-0.0115707520103 	0.104928657149 	0.00836974825001 	0.126606338344
14.22 	0 	2.72556390977 	0.13900369867 	0.0200355829433 	-0.0115707520103 	0.104928657149 	0.00836974825001 	0.126606338344
14.22 	0 	2.71654135338 	0.134399873497 	0.020377026875 	-0.0134152986795 	0.109963244049 	0.0114786618837 	0.120067134929
14.22 	0 	2.70751879699 	0.134399873497 	0.020377026875 	-0.0134152986795 	0.109963244049 	0.0114786618837 	0.120067134929
14.22 	0 	2.6984962406 	0.134399873497 	0.020377026875 	-0.0134152986795 	0.109963244049 	0.0114786618837 	0.120067134929
14.22 	0 	2.68947368421 	0.131250423532 	0.0218612714084 	-0.00898725239792 	0.11557822799 	0.00895190016754 	0.112099776696
14.22 	0 	2.68045112782 	0.131250423532 	0.0218612714084 	-0.00898725239792 	0.11557822799 	0.00895190016754 	0.112099776696
14.22 	0 	2.67142857143 	0.131250423532 	0.0218612714084 	-0.00898725239792 	0.11557822799 	0.00895190016754 	0.112099776696
14.22 	0 	2.66240601504 	0.131250423532 	0.0218612714084 	-0.00898725239792 	0.11557822799 	0.00895190016754 	0.112099776696
14.22 	0 	2.65338345865 	0.136143111658 	0.0286032618621 	-0.005565221994 	0.112892241133 	0.0107934437766 	0.102624336615
14.22 	0 	2.64436090226 	0.136143111658 	0.0286032618621 	-0.005565221994 	0.112892241133 	0.0107934437766 	0.102624336615
14.22 	0 	2.63533834586 	0.136143111658 	0.0286032618621 	-0.005565221994 	0.112892241133 	0.0107934437766 	0.102624336615
14.22 	0 	2.62631578947 	0.136579636985 	0.0286794689103 	-0.00257140387 	0.109970240117 	0.00778405661569 	0.101984270983
14.22 	0 	2.61729323308 	0.136579636985 	0.0286794689103 	-0.00257140387 	0.109970240117 	0.00778405661569 	0.101984270983
14.22 	0 	2.60827067669 	0.136579636985 	0.0286794689103 	-0.00257140387 	0.109970240117 	0.00778405661569 	0.101984270983
14.22 	0 	2.5992481203 	0.136579636985 	0.0286794689103 	-0.00257140387 	0.109970240117 	0.00778405661569 	0.101984270983
14.22 	0 	2.59022556391 	0.139316772384 	0.0300788499671 	-0.00627673552969 	0.10836055865 	0.00444439478611 	0.103560615338
14.22 	0 	2.58120300752 	0.139316772384 	0.0300788499671 	-0.00627673552969 	0.10836055865 	0.00444439478611 	0.103560615338
14.22 	0 	2.57218045113 	0.139316772384 	0.0300788499671 	-0.00627673552969 	0.10836055865 	0.00444439478611 	0.103560615338
14.22 	0 	2.56315789474 	0.147175686347 	0.0317510101605 	-0.000801857823677 	0.10645099387 	0.00272286342421 	0.101571874516
14.22 	0 	2.55413533835 	0.147175686347 	0.0317510101605 	-0.000801857823677 	0.10645099387 	0.00272286342421 	0.101571874516
14.22 	0 	2.54511278195 	0.147175686347 	0.0317510101605 	-0.000801857823677 	0.10645099387 	0.00272286342421 	0.101571874516
14.22 	0 	2.53609022556 	0.147175686347 	0.0317510101605 	-0.000801857823677 	0.10645099387 	0.00272286342421 	0.101571874516
14.22 	0 	2.52706766917 	0.153384802153 	0.0321899928783 	-0.00388828822223 	0.107148762047 	-0.0026249829624 	0.0972365568761
14.22 	0 	2.51804511278 	0.153384802153 	0.0321899928783 	-0.00388828822223 	0.107148762047 	-0.0026249829624 	0.0972365568761
14.22 	0 	2.50902255639 	0.153384802153 	0.0321899928783 	-0.00388828822223 	0.107148762047 	-0.0026249829624 	0.0972365568761
14.22 	0 	2.5 	0.156463512521 	0.0336831992128 	-0.000782821990175 	0.106861184468 	-0.00332933435854 	0.095907421082
14.22 	0 	2.49097744361 	0.156463512521 	0.0336831992128 	-0.000782821990175 	0.106861184468 	-0.00332933435854 	0.095907421082
14.22 	0 	2.48195488722 	0.156463512521 	0.0336831992128 	-0.000782821990175 	0.106861184468 	-0.00332933435854 	0.095907421082
14.22 	0 	2.47293233083 	0.156463512521 	0.0336831992128 	-0.000782821990175 	0.106861184468 	-0.00332933435854 	0.095907421082
14.22 	0 	2.46390977444 	0.160010401935 	0.0392752878944 	0.0042207691342 	0.112458783838 	-0.00517224413506 	0.0956437802111
14.22 	0 	2.45488721805 	0.160010401935 	0.0392752878944 	0.0042207691342 	0.112458783838 	-0.00517224413506 	0.0956437802111
14.22 	0 	2.44586466165 	0.160010401935 	0.0392752878944 	0.0042207691342 	0.112458783838 	-0.00517224413506 	0.0956437802111
14.22 	0 	2.43684210526 	0.154009034727 	0.0399418221304 	0.00669841209407 	0.109268414026 	-0.00673798306087 	0.0994663814068
14.22 	0 	2.42781954887 	0.154009034727 	0.0399418221304 	0.00669841209407 	0.109268414026 	-0.00673798306087 	0.0994663814068
14.22 	0 	2.41879699248 	0.154009034727 	0.0399418221304 	0.00669841209407 	0.109268414026 	-0.00673798306087 	0.0994663814068
14.22 	0 	2.40977443609 	0.154009034727 	0.0399418221304 	0.00669841209407 	0.109268414026 	-0.00673798306087 	0.0994663814068
14.22 	0 	2.4007518797 	0.155229723428 	0.0398170198588 	0.00865789035511 	0.10752659718 	-0.0076628184637 	0.0957097461687
14.22 	0 	2.39172932331 	0.155229723428 	0.0398170198588 	0.00865789035511 	0.10752659718 	-0.0076628184637 	0.0957097461687
14.22 	0 	2.38270676692 	0.155229723428 	0.0398170198588 	0.00865789035511 	0.10752659718 	-0.0076628184637 	0.0957097461687
14.22 	0 	2.37368421053 	0.1597389151 	0.0416708568593 	0.0116413160704 	0.110757553312 	-0.00526679780226 	0.0914724972517
14.22 	0 	2.36466165414 	0.1597389151 	0.0416708568593 	0.0116413160704 	0.110757553312 	-0.00526679780226 	0.0914724972517
14.22 	0 	2.35563909774 	0.1597389151 	0.0416708568593 	0.0116413160704 	0.110757553312 	-0.00526679780226 	0.0914724972517
14.22 	0 	2.34661654135 	0.1597389151 	0.0416708568593 	0.0116413160704 	0.110757553312 	-0.00526679780226 	0.0914724972517
14.22 	0 	2.33759398496 	0.15989987757 	0.0389461795874 	0.011750307712 	0.10704954832 	-7.41755972984e-05 	0.0861096949563
14.22 	0 	2.32857142857 	0.15989987757 	0.0389461795874 	0.011750307712 	0.10704954832 	-7.41755972984e-05 	0.0861096949563
14.22 	0 	2.31954887218 	0.15989987757 	0.0389461795874 	0.011750307712 	0.10704954832 	-7.41755972984e-05 	0.0861096949563
14.22 	0 	2.31052631579 	0.156198770606 	0.0295116893958 	0.00835698812686 	0.10745102577 	-0.000134613748563 	0.0828259046822
14.22 	0 	2.3015037594 	0.156198770606 	0.0295116893958 	0.00835698812686 	0.10745102577 	-0.000134613748563 	0.0828259046822
14.22 	0 	2.29248120301 	0.156198770606 	0.0295116893958 	0.00835698812686 	0.10745102577 	-0.000134613748563 	0.0828259046822
14.22 	0 	2.28345864662 	0.156198770606 	0.0295116893958 	0.00835698812686 	0.10745102577 	-0.000134613748563 	0.0828259046822
14.22 	0 	2.27443609023 	0.160883360971 	0.0295314943665 	0.00835745138102 	0.115583794166 	0.0029394251557 	0.0793572981334
14.22 	0 	2.26541353383 	0.160883360971 	0.0295314943665 	0.00835745138102 	0.115583794166 	0.0029394251557 	0.0793572981334
14.22 	0 	2.25639097744 	0.160883360971 	0.0295314943665 	0.00835745138102 	0.115583794166 	0.0029394251557 	0.0793572981334
14.22 	0 	2.24736842105 	0.159223668333 	0.0316637944461 	0.0107527712865 	0.121104873007 	0.00571021297407 	0.0818997412635
14.22 	0 	2.23834586466 	0.159223668333 	0.0316637944461 	0.0107527712865 	0.121104873007 	0.00571021297407 	0.0818997412635
14.22 	0 	2.22932330827 	0.159223668333 	0.0316637944461 	0.0107527712865 	0.121104873007 	0.00571021297407 	0.0818997412635
14.22 	0 	2.22030075188 	0.159223668333 	0.0316637944461 	0.0107527712865 	0.121104873007 	0.00571021297407 	0.0818997412635
14.22 	0 	2.21127819549 	0.151067660071 	0.0305856029536 	0.0124775717326 	0.115357416449 	0.00618694964124 	0.0877772328618
14.22 	0 	2.2022556391 	0.151067660071 	0.0305856029536 	0.0124775717326 	0.115357416449 	0.00618694964124 	0.0877772328618
14.22 	0 	2.19323308271 	0.151067660071 	0.0305856029536 	0.0124775717326 	0.115357416449 	0.00618694964124 	0.0877772328618
14.22 	0 	2.18421052632 	0.151659443077 	0.0295844196602 	0.0160563950406 	0.115667257548 	0.00513034993322 	0.0868499566987
14.22 	0 	2.17518796992 	0.151659443077 	0.0295844196602 	0.0160563950406 	0.115667257548 	0.00513034993322 	0.0868499566987
14.22 	0 	2.16616541353 	0.151659443077 	0.0295844196602 	0.0160563950406 	0.115667257548 	0.00513034993322 	0.0868499566987
14.22 	0 	2.15714285714 	0.151659443077 	0.0295844196602 	0.0160563950406 	0.115667257548 	0.00513034993322 	0.0868499566987
14.22 	0 	2.14812030075 	0.157730174376 	0.0239904250031 	0.0225872960321 	0.119760289437 	0.00530750649301 	0.0876205264523
14.22 	0 	2.13909774436 	0.157730174376 	0.0239904250031 	0.0225872960321 	0.119760289437 	0.00530750649301 	0.0876205264523
14.22 	0 	2.13007518797 	0.157730174376 	0.0239904250031 	0.0225872960321 	0.119760289437 	0.00530750649301 	0.0876205264523
14.22 	0 	2.12105263158 	0.148973524568 	0.0246890218526 	0.0275110864826 	0.123259305927 	0.00779718151893 	0.0911040818812
14.22 	0 	2.11203007519 	0.148973524568 	0.0246890218526 	0.0275110864826 	0.123259305927 	0.00779718151893 	0.0911040818812
14.22 	0 	2.1030075188 	0.148973524568 	0.0246890218526 	0.0275110864826 	0.123259305927 	0.00779718151893 	0.0911040818812
14.22 	0 	2.09398496241 	0.148973524568 	0.0246890218526 	0.0275110864826 	0.123259305927 	0.00779718151893 	0.0911040818812
14.22 	0 	2.08496240602 	0.155441625167 	0.0252077236572 	0.0232362941437 	0.129024869267 	0.00449873927627 	0.0920485724177
14.22 	0 	2.07593984962 	0.155441625167 	0.0252077236572 	0.0232362941437 	0.129024869267 	0.00449873927627 	0.0920485724177
14.22 	0 	2.06691729323 	0.155441625167 	0.0252077236572 	0.0232362941437 	0.129024869267 	0.00449873927627 	0.0920485724177
14.22 	0 	2.05789473684 	0.154124170938 	0.0135609801876 	0.0255145515796 	0.128715462701 	0.00569108192599 	0.0874701458883
14.22 	0 	2.04887218045 	0.154124170938 	0.0135609801876 	0.0255145515796 	0.128715462701 	0.00569108192599 	0.0874701458883
14.22 	0 	2.03984962406 	0.154124170938 	0.0135609801876 	0.0255145515796 	0.128715462701 	0.00569108192599 	0.0874701458883
14.22 	0 	2.03082706767 	0.154124170938 	0.0135609801876 	0.0255145515796 	0.128715462701 	0.00569108192599 	0.0874701458883
14.22 	0 	2.02180451128 	0.148247930115 	0.00530017915021 	0.0311216947815 	0.125633235218 	0.00897066934994 	0.0913390364155
14.22 	0 	2.01278195489 	0.148247930115 	0.00530017915021 	0.0311216947815 	0.125633235218 	0.00897066934994 	0.0913390364155
14.22 	0 	2.0037593985 	0.148247930115 	0.00530017915021 	0.0311216947815 	0.125633235218 	0.00897066934994 	0.0913390364155
14.22 	0 	1.99473684211 	0.146250261738 	0.00283967833551 	0.0292477738871 	0.129823650317 	0.0120643123157 	0.088563177972
14.22 	0 	1.98571428571 	0.146250261738 	0.00283967833551 	0.0292477738871 	0.129823650317 	0.0120643123157 	0.088563177972
14.22 	0 	1.97669172932 	0.146250261738 	0.00283967833551 	0.0292477738871 	0.129823650317 	0.0120643123157 	0.088563177972
14.22 	0 	1.96766917293 	0.146250261738 	0.00283967833551 	0.0292477738871 	0.129823650317 	0.0120643123157 	0.088563177972
14.22 	0 	1.95864661654 	0.148014498133 	0.00443920137495 	0.0257487756535 	0.127809007469 	0.0108125674788 	0.0890501594346
14.22 	0 	1.94962406015 	0.148014498133 	0.00443920137495 	0.0257487756535 	0.127809007469 	0.0108125674788 	0.0890501594346
14.22 	0 	1.94060150376 	0.148014498133 	0.00443920137495 	0.0257487756535 	0.127809007469 	0.0108125674788 	0.0890501594346
14.22 	0 	1.93157894737 	0.147921434794 	-0.00420178810346 	0.0282529730643 	0.124119180418 	0.00942204727779 	0.0922902283444
14.22 	0 	1.92255639098 	0.147921434794 	-0.00420178810346 	0.0282529730643 	0.124119180418 	0.00942204727779 	0.0922902283444
14.22 	0 	1.91353383459 	0.147921434794 	-0.00420178810346 	0.0282529730643 	0.124119180418 	0.00942204727779 	0.0922902283444
14.22 	0 	1.9045112782 	0.147921434794 	-0.00420178810346 	0.0282529730643 	0.124119180418 	0.00942204727779 	0.0922902283444
14.22 	0 	1.8954887218 	0.151866521398 	0.00255124566103 	0.0334506712844 	0.117615614843 	0.00818740089082 	0.0972810304888
14.22 	0 	1.88646616541 	0.151866521398 	0.00255124566103 	0.0334506712844 	0.117615614843 	0.00818740089082 	0.0972810304888
14.22 	0 	1.87744360902 	0.151866521398 	0.00255124566103 	0.0334506712844 	0.117615614843 	0.00818740089082 	0.0972810304888
14.22 	0 	1.86842105263 	0.151866521398 	0.00255124566103 	0.0334506712844 	0.117615614843 	0.00818740089082 	0.0972810304888
14.22 	0 	1.85939849624 	0.156283850977 	0.00542416316855 	0.034394615646 	0.114996131591 	0.00842742533807 	0.0981145030839
14.22 	0 	1.85037593985 	0.156283850977 	0.00542416316855 	0.034394615646 	0.114996131591 	0.00842742533807 	0.0981145030839
14.22 	0 	1.84135338346 	0.156283850977 	0.00542416316855 	0.034394615646 	0.114996131591 	0.00842742533807 	0.0981145030839
14.22 	0 	1.83233082707 	0.143682083448 	0.00269733215334 	0.0388568302444 	0.121413277562 	0.00671242199796 	0.100826256577
14.22 	0 	1.82330827068 	0.143682083448 	0.00269733215334 	0.0388568302444 	0.121413277562 	0.00671242199796 	0.100826256577
14.22 	0 	1.81428571429 	0.143682083448 	0.00269733215334 	0.0388568302444 	0.121413277562 	0.00671242199796 	0.100826256577
14.22 	0 	1.80526315789 	0.143682083448 	0.00269733215334 	0.0388568302444 	0.121413277562 	0.00671242199796 	0.100826256577
14.22 	0 	1.7962406015 	0.143228291125 	0.00719703526156 	0.0344782307501 	0.127285315826 	0.00954500993996 	0.101904565268
14.22 	0 	1.78721804511 	0.143228291125 	0.00719703526156 	0.0344782307501 	0.127285315826 	0.00954500993996 	0.101904565268
14.22 	0 	1.77819548872 	0.143228291125 	0.00719703526156 	0.0344782307501 	0.127285315826 	0.00954500993996 	0.101904565268
14.22 	0 	1.76917293233 	0.140217119784 	-0.000240658549567 	0.0364342358522 	0.115928657234 	0.0067615224189 	0.108884812022
14.22 	0 	1.76015037594 	0.140217119784 	-0.000240658549567 	0.0364342358522 	0.115928657234 	0.0067615224189 	0.108884812022
14.22 	0 	1.75112781955 	0.140217119784 	-0.000240658549567 	0.0364342358522 	0.115928657234 	0.0067615224189 	0.108884812022
14.22 	0 	1.74210526316 	0.140217119784 	-0.000240658549567 	0.0364342358522 	0.115928657234 	0.0067615224189 	0.108884812022
14.22 	0 	1.73308270677 	0.130256168397 	0.00306829499058 	0.0409916773601 	0.119975693659 	0.0084353087903 	0.11520774039
14.22 	0 	1.72406015038 	0.130256168397 	0.00306829499058 	0.0409916773601 	0.119975693659 	0.0084353087903 	0.11520774039
14.22 	0 	1.71503759398 	0.130256168397 	0.00306829499058 	0.0409916773601 	0.119975693659 	0.0084353087903 	0.11520774039
14.22 	0 	1.70601503759 	0.132355637294 	0.00213031403382 	0.0408397467252 	0.1316251752 	0.00908290920863 	0.120043046645
14.22 	0 	1.6969924812 	0.132355637294 	0.00213031403382 	0.0408397467252 	0.1316251752 	0.00908290920863 	0.120043046645
14.22 	0 	1.68796992481 	0.132355637294 	0.00213031403382 	0.0408397467252 	0.1316251752 	0.00908290920863 	0.120043046645
14.22 	0 	1.67894736842 	0.132355637294 	0.00213031403382 	0.0408397467252 	0.1316251752 	0.00908290920863 	0.120043046645
14.22 	0 	1.66992481203 	0.1334172762 	0.00532351246003 	0.0410182548812 	0.125348345832 	0.00959149522271 	0.119092153961
14.22 	0 	1.66090225564 	0.1334172762 	0.00532351246003 	0.0410182548812 	0.125348345832 	0.00959149522271 	0.119092153961
14.22 	0 	1.65187969925 	0.1334172762 	0.00532351246003 	0.0410182548812 	0.125348345832 	0.00959149522271 	0.119092153961
14.22 	0 	1.64285714286 	0.13705738987 	0.0126680393928 	0.0429540869256 	0.132246788826 	0.0125735870221 	0.121625985434
14.22 	0 	1.63383458647 	0.13705738987 	0.0126680393928 	0.0429540869256 	0.132246788826 	0.0125735870221 	0.121625985434
14.22 	0 	1.62481203008 	0.13705738987 	0.0126680393928 	0.0429540869256 	0.132246788826 	0.0125735870221 	0.121625985434
14.22 	0 	1.61578947368 	0.13705738987 	0.0126680393928 	0.0429540869256 	0.132246788826 	0.0125735870221 	0.121625985434
14.22 	0 	1.60676691729 	0.136213586925 	0.0116085911814 	0.0428301300115 	0.12723726637 	0.00921312782628 	0.125976381837
14.22 	0 	1.5977443609 	0.136213586925 	0.0116085911814 	0.0428301300115 	0.12723726637 	0.00921312782628 	0.125976381837
14.22 	0 	1.58872180451 	0.136213586925 	0.0116085911814 	0.0428301300115 	0.12723726637 	0.00921312782628 	0.125976381837
14.22 	0 	1.57969924812 	0.141485884506 	0.0105022462346 	0.0436719989925 	0.122756109582 	0.0119896704856 	0.119096062757
14.22 	0 	1.57067669173 	0.141485884506 	0.0105022462346 	0.0436719989925 	0.122756109582 	0.0119896704856 	0.119096062757
14.22 	0 	1.56165413534 	0.141485884506 	0.0105022462346 	0.0436719989925 	0.122756109582 	0.0119896704856 	0.119096062757
14.22 	0 	1.55263157895 	0.141485884506 	0.0105022462346 	0.0436719989925 	0.122756109582 	0.0119896704856 	0.119096062757
14.22 	0 	1.54360902256 	0.141033797492 	0.0125097954685 	0.0470875945611 	0.128041337688 	0.00924331751422 	0.119947385991
14.22 	0 	1.53458646617 	0.141033797492 	0.0125097954685 	0.0470875945611 	0.128041337688 	0.00924331751422 	0.119947385991
14.22 	0 	1.52556390977 	0.141033797492 	0.0125097954685 	0.0470875945611 	0.128041337688 	0.00924331751422 	0.119947385991
14.22 	0 	1.51654135338 	0.139041064845 	0.0103936891174 	0.0492932440609 	0.122683389771 	0.00823028690302 	0.121477447418
14.22 	0 	1.50751879699 	0.139041064845 	0.0103936891174 	0.0492932440609 	0.122683389771 	0.00823028690302 	0.121477447418
14.22 	0 	1.4984962406 	0.139041064845 	0.0103936891174 	0.0492932440609 	0.122683389771 	0.00823028690302 	0.121477447418
14.22 	0 	1.48947368421 	0.139041064845 	0.0103936891174 	0.0492932440609 	0.122683389771 	0.00823028690302 	0.121477447418
14.22 	0 	1.48045112782 	0.138888549437 	0.00504253699995 	0.0455519029024 	0.11390179495 	0.00884620169942 	0.124696310154
14.22 	0 	1.47142857143 	0.138888549437 	0.00504253699995 	0.0455519029024 	0.11390179495 	0.00884620169942 	0.124696310154
14.22 	0 	1.46240601504 	0.138888549437 	0.00504253699995 	0.0455519029024 	0.11390179495 	0.00884620169942 	0.124696310154
14.22 	0 	1.45338345865 	0.143926039956 	0.00329499599147 	0.0447869272471 	0.113270843006 	0.00588316022255 	0.125145649325
14.22 	0 	1.44436090226 	0.143926039956 	0.00329499599147 	0.0447869272471 	0.113270843006 	0.00588316022255 	0.125145649325
14.22 	0 	1.43533834586 	0.143926039956 	0.00329499599147 	0.0447869272471 	0.113270843006 	0.00588316022255 	0.125145649325
14.22 	0 	1.42631578947 	0.143926039956 	0.00329499599147 	0.0447869272471 	0.113270843006 	0.00588316022255 	0.125145649325
14.22 	0 	1.41729323308 	0.14474070173 	0.00813730227757 	0.0437717502301 	0.110376769008 	0.00525808626648 	0.128130800216
14.22 	0 	1.40827067669 	0.14474070173 	0.00813730227757 	0.0437717502301 	0.110376769008 	0.00525808626648 	0.128130800216
14.22 	0 	1.3992481203 	0.14474070173 	0.00813730227757 	0.0437717502301 	0.110376769008 	0.00525808626648 	0.128130800216
14.22 	0 	1.39022556391 	0.146787815012 	0.00743123448329 	0.0424094780708 	0.118157236038 	0.00702711324035 	0.119833407645
14.22 	0 	1.38120300752 	0.146787815012 	0.00743123448329 	0.0424094780708 	0.118157236038 	0.00702711324035 	0.119833407645
14.22 	0 	1.37218045113 	0.146787815012 	0.00743123448329 	0.0424094780708 	0.118157236038 	0.00702711324035 	0.119833407645
14.22 	0 	1.36315789474 	0.146787815012 	0.00743123448329 	0.0424094780708 	0.118157236038 	0.00702711324035 	0.119833407645
14.22 	0 	1.35413533835 	0.148554778716 	0.0074554968528 	0.0415605388523 	0.12109553648 	0.00662948711544 	0.11608985574
14.22 	0 	1.34511278195 	0.148554778716 	0.0074554968528 	0.0415605388523 	0.12109553648 	0.00662948711544 	0.11608985574
14.22 	0 	1.33609022556 	0.148554778716 	0.0074554968528 	0.0415605388523 	0.12109553648 	0.00662948711544 	0.11608985574
14.22 	0 	1.32706766917 	0.142459991456 	0.00211659789193 	0.0426738850832 	0.129935888823 	0.00972676474783 	0.11620710915
14.22 	0 	1.31804511278 	0.142459991456 	0.00211659789193 	0.0426738850832 	0.129935888823 	0.00972676474783 	0.11620710915
14.22 	0 	1.30902255639 	0.142459991456 	0.00211659789193 	0.0426738850832 	0.129935888823 	0.00972676474783 	0.11620710915
14.22 	0 	1.3 	0.142459991456 	0.00211659789193 	0.0426738850832 	0.129935888823 	0.00972676474783 	0.11620710915
14.22 	0 	1.29097744361 	0.148150897042 	0.00631323868862 	0.0477242793813 	0.121487653644 	0.0104608711627 	0.117682682949
14.22 	0 	1.28195488722 	0.148150897042 	0.00631323868862 	0.0477242793813 	0.121487653644 	0.0104608711627 	0.117682682949
14.22 	0 	1.27293233083 	0.148150897042 	0.00631323868862 	0.0477242793813 	0.121487653644 	0.0104608711627 	0.117682682949
14.22 	0 	1.26390977444 	0.15756602352 	0.00253741329361 	0.0496980968515 	0.120155667552 	0.00963208215079 	0.113891956046
14.22 	0 	1.25488721805 	0.15756602352 	0.00253741329361 	0.0496980968515 	0.120155667552 	0.00963208215079 	0.113891956046
14.22 	0 	1.24586466165 	0.15756602352 	0.00253741329361 	0.0496980968515 	0.120155667552 	0.00963208215079 	0.113891956046
14.22 	0 	1.23684210526 	0.15756602352 	0.00253741329361 	0.0496980968515 	0.120155667552 	0.00963208215079 	0.113891956046
14.22 	0 	1.22781954887 	0.158181659689 	0.0102058432863 	0.0430970585938 	0.111961586266 	0.0100737287354 	0.106655736893
14.22 	0 	1.21879699248 	0.158181659689 	0.0102058432863 	0.0430970585938 	0.111961586266 	0.0100737287354 	0.106655736893
14.22 	0 	1.20977443609 	0.158181659689 	0.0102058432863 	0.0430970585938 	0.111961586266 	0.0100737287354 	0.106655736893
14.22 	0 	1.2007518797 	0.155620181178 	0.00529957812218 	0.0427462348703 	0.104268136649 	0.0102484164685 	0.104302896968
14.22 	0 	1.19172932331 	0.155620181178 	0.00529957812218 	0.0427462348703 	0.104268136649 	0.0102484164685 	0.104302896968
14.22 	0 	1.18270676692 	0.155620181178 	0.00529957812218 	0.0427462348703 	0.104268136649 	0.0102484164685 	0.104302896968
14.22 	0 	1.17368421053 	0.155620181178 	0.00529957812218 	0.0427462348703 	0.104268136649 	0.0102484164685 	0.104302896968
14.22 	0 	1.16466165414 	0.144643721806 	0.00233666985492 	0.043298254578 	0.098294984013 	0.013149760511 	0.101541778344
14.22 	0 	1.15563909774 	0.144643721806 	0.00233666985492 	0.043298254578 	0.098294984013 	0.013149760511 	0.101541778344
14.22 	0 	1.14661654135 	0.144643721806 	0.00233666985492 	0.043298254578 	0.098294984013 	0.013149760511 	0.101541778344
14.22 	0 	1.13759398496 	0.136596715705 	0.00768398158945 	0.0423575088765 	0.0987659978737 	0.0147740191371 	0.104424845405
14.22 	0 	1.12857142857 	0.136596715705 	0.00768398158945 	0.0423575088765 	0.0987659978737 	0.0147740191371 	0.104424845405
14.22 	0 	1.11954887218 	0.136596715705 	0.00768398158945 	0.0423575088765 	0.0987659978737 	0.0147740191371 	0.104424845405
14.22 	0 	1.11052631579 	0.136596715705 	0.00768398158945 	0.0423575088765 	0.0987659978737 	0.0147740191371 	0.104424845405
14.22 	0 	1.1015037594 	0.128571392433 	0.0103858389874 	0.0372760746804 	0.0979613582509 	0.0143496396378 	0.109735182102
14.22 	0 	1.09248120301 	0.128571392433 	0.0103858389874 	0.0372760746804 	0.0979613582509 	0.0143496396378 	0.109735182102
14.22 	0 	1.08345864662 	0.128571392433 	0.0103858389874 	0.0372760746804 	0.0979613582509 	0.0143496396378 	0.109735182102
14.22 	0 	1.07443609023 	0.116679280897 	0.00961207497723 	0.0330467442252 	0.102744481172 	0.0134521428393 	0.111360160838
14.22 	0 	1.06541353383 	0.116679280897 	0.00961207497723 	0.0330467442252 	0.102744481172 	0.0134521428393 	0.111360160838
14.22 	0 	1.05639097744 	0.116679280897 	0.00961207497723 	0.0330467442252 	0.102744481172 	0.0134521428393 	0.111360160838
14.22 	0 	1.04736842105 	0.116679280897 	0.00961207497723 	0.0330467442252 	0.102744481172 	0.0134521428393 	0.111360160838
14.22 	0 	1.03834586466 	0.121615292209 	0.000835492786491 	0.0269243798677 	0.0964537475693 	0.0136046984392 	0.112174156913
14.22 	0 	1.02932330827 	0.121615292209 	0.000835492786491 	0.0269243798677 	0.0964537475693 	0.0136046984392 	0.112174156913
14.22 	0 	1.02030075188 	0.121615292209 	0.000835492786491 	0.0269243798677 	0.0964537475693 	0.0136046984392 	0.112174156913
14.22 	0 	1.01127819549 	0.127220026664 	0.00101978563632 	0.0286648030135 	0.0934888240382 	0.0103262092551 	0.111028156354
14.22 	0 	1.0022556391 	0.127220026664 	0.00101978563632 	0.0286648030135 	0.0934888240382 	0.0103262092551 	0.111028156354
14.22 	0 	0.993233082707 	0.127220026664 	0.00101978563632 	0.0286648030135 	0.0934888240382 	0.0103262092551 	0.111028156354
14.22 	0 	0.984210526316 	0.127220026664 	0.00101978563632 	0.0286648030135 	0.0934888240382 	0.0103262092551 	0.111028156354
14.22 	0 	0.975187969925 	0.120321921555 	0.00158070515166 	0.0212954054415 	0.0843292947937 	0.00972347251647 	0.110835367323
14.22 	0 	0.966165413534 	0.120321921555 	0.00158070515166 	0.0212954054415 	0.0843292947937 	0.00972347251647 	0.110835367323
14.22 	0 	0.957142857143 	0.120321921555 	0.00158070515166 	0.0212954054415 	0.0843292947937 	0.00972347251647 	0.110835367323
14.22 	0 	0.948120300752 	0.116285132155 	-0.000117165675362 	0.0148049742096 	0.0844456554669 	0.0141593673172 	0.107206348835
14.22 	0 	0.939097744361 	0.116285132155 	-0.000117165675362 	0.0148049742096 	0.0844456554669 	0.0141593673172 	0.107206348835
14.22 	0 	0.93007518797 	0.116285132155 	-0.000117165675362 	0.0148049742096 	0.0844456554669 	0.0141593673172 	0.107206348835
14.22 	0 	0.921052631579 	0.116285132155 	-0.000117165675362 	0.0148049742096 	0.0844456554669 	0.0141593673172 	0.107206348835
14.22 	0 	0.912030075188 	0.112851471119 	0.00225107587988 	0.0141752974981 	0.0890222063794 	0.0147309297737 	0.110144436673
14.22 	0 	0.903007518797 	0.112851471119 	0.00225107587988 	0.0141752974981 	0.0890222063794 	0.0147309297737 	0.110144436673
14.22 	0 	0.893984962406 	0.112851471119 	0.00225107587988 	0.0141752974981 	0.0890222063794 	0.0147309297737 	0.110144436673
14.22 	0 	0.884962406015 	0.112294800405 	-0.00181805531807 	0.0131616112096 	0.0937249432104 	0.0167413243946 	0.110072354355
14.22 	0 	0.875939849624 	0.112294800405 	-0.00181805531807 	0.0131616112096 	0.0937249432104 	0.0167413243946 	0.110072354355
14.22 	0 	0.866917293233 	0.112294800405 	-0.00181805531807 	0.0131616112096 	0.0937249432104 	0.0167413243946 	0.110072354355
14.22 	0 	0.857894736842 	0.112294800405 	-0.00181805531807 	0.0131616112096 	0.0937249432104 	0.0167413243946 	0.110072354355
14.22 	0 	0.848872180451 	0.114687269103 	-0.00630914786603 	0.0110399296374 	0.0947616636894 	0.0134802646317 	0.108684657932
14.22 	0 	0.83984962406 	0.114687269103 	-0.00630914786603 	0.0110399296374 	0.0947616636894 	0.0134802646317 	0.108684657932
14.22 	0 	0.830827067669 	0.114687269103 	-0.00630914786603 	0.0110399296374 	0.0947616636894 	0.0134802646317 	0.108684657932
14.22 	0 	0.821804511278 	0.106327348802 	-0.00599225428946 	0.010099585101 	0.0949674113299 	0.0126389235474 	0.103067244524
14.22 	0 	0.812781954887 	0.106327348802 	-0.00599225428946 	0.010099585101 	0.0949674113299 	0.0126389235474 	0.103067244524
14.22 	0 	0.803759398496 	0.106327348802 	-0.00599225428946 	0.010099585101 	0.0949674113299 	0.0126389235474 	0.103067244524
14.22 	0 	0.794736842105 	0.106327348802 	-0.00599225428946 	0.010099585101 	0.0949674113299 	0.0126389235474 	0.103067244524
14.22 	0 	0.785714285714 	0.105523007138 	-0.00896183556455 	0.00867647641981 	0.0977808577226 	0.0144832590563 	0.0959776963314
14.22 	0 	0.776691729323 	0.105523007138 	-0.00896183556455 	0.00867647641981 	0.0977808577226 	0.0144832590563 	0.0959776963314
14.22 	0 	0.767669172932 	0.105523007138 	-0.00896183556455 	0.00867647641981 	0.0977808577226 	0.0144832590563 	0.0959776963314
14.22 	0 	0.758646616541 	0.106485407958 	-0.00682277161938 	0.00648601501707 	0.0994033500223 	0.0146970825414 	0.0930879080325
14.22 	0 	0.74962406015 	0.106485407958 	-0.00682277161938 	0.00648601501707 	0.0994033500223 	0.0146970825414 	0.0930879080325
14.22 	0 	0.740601503759 	0.106485407958 	-0.00682277161938 	0.00648601501707 	0.0994033500223 	0.0146970825414 	0.0930879080325
14.22 	0 	0.731578947368 	0.106485407958 	-0.00682277161938 	0.00648601501707 	0.0994033500223 	0.0146970825414 	0.0930879080325
14.22 	0 	0.722556390977 	0.104726660575 	-0.00581928685229 	0.00799324220238 	0.0974640428055 	0.0121376885261 	0.0846181300696
14.22 	0 	0.713533834586 	0.104726660575 	-0.00581928685229 	0.00799324220238 	0.0974640428055 	0.0121376885261 	0.0846181300696
14.22 	0 	0.704511278195 	0.104726660575 	-0.00581928685229 	0.00799324220238 	0.0974640428055 	0.0121376885261 	0.0846181300696
14.22 	0 	0.695488721804 	0.0986015965717 	-0.0027843182252 	0.0038107257411 	0.0942515571203 	0.0103199517472 	0.0807575716
14.22 	0 	0.686466165414 	0.0986015965717 	-0.0027843182252 	0.0038107257411 	0.0942515571203 	0.0103199517472 	0.0807575716
14.22 	0 	0.677443609023 	0.0986015965717 	-0.0027843182252 	0.0038107257411 	0.0942515571203 	0.0103199517472 	0.0807575716
14.22 	0 	0.668421052632 	0.0986015965717 	-0.0027843182252 	0.0038107257411 	0.0942515571203 	0.0103199517472 	0.0807575716
14.22 	0 	0.659398496241 	0.100392491201 	-0.00282336021235 	-0.00120012270882 	0.0910040631416 	0.00802752914535 	0.0771464772318
14.22 	0 	0.65037593985 	0.100392491201 	-0.00282336021235 	-0.00120012270882 	0.0910040631416 	0.00802752914535 	0.0771464772318
14.22 	0 	0.641353383459 	0.100392491201 	-0.00282336021235 	-0.00120012270882 	0.0910040631416 	0.00802752914535 	0.0771464772318
14.22 	0 	0.632330827068 	0.103361304643 	-0.00220904323165 	-0.00652276358789 	0.0873072599529 	0.00513159577967 	0.0703851065303
14.22 	0 	0.623308270677 	0.103361304643 	-0.00220904323165 	-0.00652276358789 	0.0873072599529 	0.00513159577967 	0.0703851065303
14.22 	0 	0.614285714286 	0.103361304643 	-0.00220904323165 	-0.00652276358789 	0.0873072599529 	0.00513159577967 	0.0703851065303
14.22 	0 	0.605263157895 	0.103361304643 	-0.00220904323165 	-0.00652276358789 	0.0873072599529 	0.00513159577967 	0.0703851065303
14.22 	0 	0.596240601504 	0.0962621512253 	-0.00346681209693 	-0.00881464090018 	0.0804736453748 	0.0036379548716 	0.0672852440291
14.22 	0 	0.587218045113 	0.0962621512253 	-0.00346681209693 	-0.00881464090018 	0.0804736453748 	0.0036379548716 	0.0672852440291
14.22 	0 	0.578195488722 	0.0962621512253 	-0.00346681209693 	-0.00881464090018 	0.0804736453748 	0.0036379548716 	0.0672852440291
14.22 	0 	0.569172932331 	0.100597786495 	-0.00537400249036 	-0.0132141185814 	0.080098047768 	0.00166949006258 	0.0669686458721
14.22 	0 	0.56015037594 	0.100597786495 	-0.00537400249036 	-0.0132141185814 	0.080098047768 	0.00166949006258 	0.0669686458721
14.22 	0 	0.551127819549 	0.100597786495 	-0.00537400249036 	-0.0132141185814 	0.080098047768 	0.00166949006258 	0.0669686458721
14.22 	0 	0.542105263158 	0.100597786495 	-0.00537400249036 	-0.0132141185814 	0.080098047768 	0.00166949006258 	0.0669686458721
14.22 	0 	0.533082706767 	0.104833267451 	-0.00591127654406 	-0.0181390829292 	0.0743841358216 	-0.000218828151182 	0.0593209781109
14.22 	0 	0.524060150376 	0.104833267451 	-0.00591127654406 	-0.0181390829292 	0.0743841358216 	-0.000218828151182 	0.0593209781109
14.22 	0 	0.515037593985 	0.104833267451 	-0.00591127654406 	-0.0181390829292 	0.0743841358216 	-0.000218828151182 	0.0593209781109
14.22 	0 	0.506015037594 	0.102846358447 	-0.00545034129659 	-0.0191285290687 	0.0725571068798 	-0.00378959316804 	0.0599650484619
14.22 	0 	0.496992481203 	0.102846358447 	-0.00545034129659 	-0.0191285290687 	0.0725571068798 	-0.00378959316804 	0.0599650484619
14.22 	0 	0.487969924812 	0.102846358447 	-0.00545034129659 	-0.0191285290687 	0.0725571068798 	-0.00378959316804 	0.0599650484619
14.22 	0 	0.478947368421 	0.102846358447 	-0.00545034129659 	-0.0191285290687 	0.0725571068798 	-0.00378959316804 	0.0599650484619
14.22 	0 	0.46992481203 	0.109845919478 	0.00110450022399 	-0.0234632597748 	0.0738126305699 	-0.00494299615636 	0.0557838165262
14.22 	0 	0.460902255639 	0.109845919478 	0.00110450022399 	-0.0234632597748 	0.0738126305699 	-0.00494299615636 	0.0557838165262
14.22 	0 	0.451879699248 	0.109845919478 	0.00110450022399 	-0.0234632597748 	0.0738126305699 	-0.00494299615636 	0.0557838165262
14.22 	0 	0.442857142857 	0.115439221015 	0.000499843423276 	-0.0269314794064 	0.0727776819691 	-0.00371337007952 	0.0557007018444
14.22 	0 	0.433834586466 	0.115439221015 	0.000499843423276 	-0.0269314794064 	0.0727776819691 	-0.00371337007952 	0.0557007018444
14.22 	0 	0.424812030075 	0.115439221015 	0.000499843423276 	-0.0269314794064 	0.0727776819691 	-0.00371337007952 	0.0557007018444
14.22 	0 	0.415789473684 	0.115439221015 	0.000499843423276 	-0.0269314794064 	0.0727776819691 	-0.00371337007952 	0.0557007018444
14.22 	0 	0.406766917293 	0.116175250775 	0.00487060089855 	-0.0276494284627 	0.0691515802021 	-0.00211614229792 	0.0547148576971
14.22 	0 	0.397744360902 	0.116175250775 	0.00487060089855 	-0.0276494284627 	0.0691515802021 	-0.00211614229792 	0.0547148576971
14.22 	0 	0.388721804511 	0.116175250775 	0.00487060089855 	-0.0276494284627 	0.0691515802021 	-0.00211614229792 	0.0547148576971
14.22 	0 	0.37969924812 	0.118624300096 	0.0104033528608 	-0.0296858973551 	0.0701870736695 	-0.00331655127335 	0.0513008024072
14.22 	0 	0.370676691729 	0.118624300096 	0.0104033528608 	-0.0296858973551 	0.0701870736695 	-0.00331655127335 	0.0513008024072
14.22 	0 	0.361654135338 	0.118624300096 	0.0104033528608 	-0.0296858973551 	0.0701870736695 	-0.00331655127335 	0.0513008024072
14.22 	0 	0.352631578947 	0.118624300096 	0.0104033528608 	-0.0296858973551 	0.0701870736695 	-0.00331655127335 	0.0513008024072
14.22 	0 	0.343609022556 	0.124271085202 	0.0123392393761 	-0.0335626930731 	0.0730975913758 	-0.00242591194459 	0.0488632132656
14.22 	0 	0.334586466165 	0.124271085202 	0.0123392393761 	-0.0335626930731 	0.0730975913758 	-0.00242591194459 	0.0488632132656
14.22 	0 	0.325563909774 	0.124271085202 	0.0123392393761 	-0.0335626930731 	0.0730975913758 	-0.00242591194459 	0.0488632132656
14.22 	0 	0.316541353383 	0.122482107057 	0.0139224439588 	-0.0308888938591 	0.0749539816066 	-0.0069312406692 	0.047064107528
14.22 	0 	0.307518796992 	0.122482107057 	0.0139224439588 	-0.0308888938591 	0.0749539816066 	-0.0069312406692 	0.047064107528
14.22 	0 	0.298496240601 	0.122482107057 	0.0139224439588 	-0.0308888938591 	0.0749539816066 	-0.0069312406692 	0.047064107528
14.22 	0 	0.289473684211 	0.122482107057 	0.0139224439588 	-0.0308888938591 	0.0749539816066 	-0.0069312406692 	0.047064107528
14.22 	0 	0.28045112782 	0.136509473718 	0.0147283337761 	-0.0326226362655 	0.0756100372518 	-0.0072078385214 	0.0472528648637
14.22 	0 	0.271428571429 	0.136509473718 	0.0147283337761 	-0.0326226362655 	0.0756100372518 	-0.0072078385214 	0.0472528648637
14.22 	0 	0.262406015038 	0.136509473718 	0.0147283337761 	-0.0326226362655 	0.0756100372518 	-0.0072078385214 	0.0472528648637
14.22 	0 	0.253383458647 	0.136509473718 	0.0147283337761 	-0.0326226362655 	0.0756100372518 	-0.0072078385214 	0.0472528648637
14.22 	0 	0.244360902256 	0.167534204069 	0.0152621906363 	-0.0294362949008 	0.0787979634153 	-0.00564240435298 	0.0389834516932
14.22 	0 	0.235338345865 	0.167534204069 	0.0152621906363 	-0.0294362949008 	0.0787979634153 	-0.00564240435298 	0.0389834516932
14.22 	0 	0.226315789474 	0.167534204069 	0.0152621906363 	-0.0294362949008 	0.0787979634153 	-0.00564240435298 	0.0389834516932
14.22 	0 	0.217293233083 	0.167534204069 	0.0152621906363 	-0.0294362949008 	0.0787979634153 	-0.00564240435298 	0.0389834516932
14.22 	0 	0.208270676692 	0.167534204069 	0.0152621906363 	-0.0294362949008 	0.0787979634153 	-0.00564240435298 	0.0389834516932
14.22 	0 	0.199248120301 	0.167534204069 	0.0152621906363 	-0.0294362949008 	0.0787979634153 	-0.00564240435298 	0.0389834516932
14.22 	0 	0.19022556391 	0.167534204069 	0.0152621906363 	-0.0294362949008 	0.0787979634153 	-0.00564240435298 	0.0389834516932
14.22 	0 	0.181203007519 	0.195228005248 	0.006547304802 	-0.0354556939058 	0.0711803822513 	-0.00382950914053 	0.0312454668565
14.22 	0 	0.172180451128 	0.195228005248 	0.006547304802 	-0.0354556939058 	0.0711803822513 	-0.00382950914053 	0.0312454668565
14.22 	0 	0.163157894737 	0.195228005248 	0.006547304802 	-0.0354556939058 	0.0711803822513 	-0.00382950914053 	0.0312454668565
14.22 	0 	0.154135338346 	0.195228005248 	0.006547304802 	-0.0354556939058 	0.0711803822513 	-0.00382950914053 	0.0312454668565
14.22 	0 	0.145112781955 	0.195228005248 	0.006547304802 	-0.0354556939058 	0.0711803822513 	-0.00382950914053 	0.0312454668565
14.22 	0 	0.136090225564 	0.195228005248 	0.006547304802 	-0.0354556939058 	0.0711803822513 	-0.00382950914053 	0.0312454668565
14.22 	0 	0.127067669173 	0.195228005248 	0.006547304802 	-0.0354556939058 	0.0711803822513 	-0.00382950914053 	0.0312454668565
14.22 	0 	0.118045112782 	0.185201657845 	0.0209527301942 	-0.0220209062763 	0.0875060532956 	-0.00748203361381 	0.0168672791295
14.22 	0 	0.109022556391 	0.185201657845 	0.0209527301942 	-0.0220209062763 	0.0875060532956 	-0.00748203361381 	0.0168672791295
14.22 	0 	0.1 	0.185201657845 	0.0209527301942 	-0.0220209062763 	0.0875060532956 	-0.00748203361381 	0.0168672791295
