4.74 	0 	3.7 	0.00732089811956 	0.000216537063793 	0.000285873507741 	0.000573217387997 	-0.000144696301122 	0.000569022035935
4.74 	0 	3.69097744361 	0.00732089811956 	0.000216537063793 	0.000285873507741 	0.000573217387997 	-0.000144696301122 	0.000569022035935
4.74 	0 	3.68195488722 	0.00732089811956 	0.000216537063793 	0.000285873507741 	0.000573217387997 	-0.000144696301122 	0.000569022035935
4.74 	0 	3.67293233083 	0.00500356190923 	7.73692608948e-05 	-0.000260193749497 	0.000411167103869 	-0.000198157154538 	0.00112726832623
4.74 	0 	3.66390977444 	0.00500356190923 	7.73692608948e-05 	-0.000260193749497 	0.000411167103869 	-0.000198157154538 	0.00112726832623
4.74 	0 	3.65488721805 	0.00500356190923 	7.73692608948e-05 	-0.000260193749497 	0.000411167103869 	-0.000198157154538 	0.00112726832623
4.74 	0 	3.64586466165 	0.00500356190923 	7.73692608948e-05 	-0.000260193749497 	0.000411167103869 	-0.000198157154538 	0.00112726832623
4.74 	0 	3.63684210526 	0.00476829579587 	0.000265766391656 	-0.00126379105123 	0.000387966375047 	-0.000191230615651 	0.00157411062798
4.74 	0 	3.62781954887 	0.00476829579587 	0.000265766391656 	-0.00126379105123 	0.000387966375047 	-0.000191230615651 	0.00157411062798
4.74 	0 	3.61879699248 	0.00476829579587 	0.000265766391656 	-0.00126379105123 	0.000387966375047 	-0.000191230615651 	0.00157411062798
4.74 	0 	3.60977443609 	0.00699270582182 	0.000251562467217 	-0.00177410717584 	0.000434219523093 	-0.000133029159121 	0.00190524051543
4.74 	0 	3.6007518797 	0.00699270582182 	0.000251562467217 	-0.00177410717584 	0.000434219523093 	-0.000133029159121 	0.00190524051543
4.74 	0 	3.59172932331 	0.00699270582182 	0.000251562467217 	-0.00177410717584 	0.000434219523093 	-0.000133029159121 	0.00190524051543
4.74 	0 	3.58270676692 	0.00699270582182 	0.000251562467217 	-0.00177410717584 	0.000434219523093 	-0.000133029159121 	0.00190524051543
4.74 	0 	3.57368421053 	0.00850190030318 	0.000306463635749 	-0.00161407201828 	0.000573342317399 	-0.000175532982737 	0.00296799079402
4.74 	0 	3.56466165414 	0.00850190030318 	0.000306463635749 	-0.00161407201828 	0.000573342317399 	-0.000175532982737 	0.00296799079402
4.74 	0 	3.55563909774 	0.00850190030318 	0.000306463635749 	-0.00161407201828 	0.000573342317399 	-0.000175532982737 	0.00296799079402
4.74 	0 	3.54661654135 	0.00812433279369 	0.000346782179623 	-0.00182205661086 	0.000513122944249 	-0.000215689925555 	0.00423560611032
4.74 	0 	3.53759398496 	0.00812433279369 	0.000346782179623 	-0.00182205661086 	0.000513122944249 	-0.000215689925555 	0.00423560611032
4.74 	0 	3.52857142857 	0.00812433279369 	0.000346782179623 	-0.00182205661086 	0.000513122944249 	-0.000215689925555 	0.00423560611032
4.74 	0 	3.51954887218 	0.00812433279369 	0.000346782179623 	-0.00182205661086 	0.000513122944249 	-0.000215689925555 	0.00423560611032
4.74 	0 	3.51052631579 	0.00842646714831 	-0.000119544844156 	-0.00301515676496 	0.00130291626398 	4.85609106115e-05 	0.00553964221812
4.74 	0 	3.5015037594 	0.00842646714831 	-0.000119544844156 	-0.00301515676496 	0.00130291626398 	4.85609106115e-05 	0.00553964221812
4.74 	0 	3.49248120301 	0.00842646714831 	-0.000119544844156 	-0.00301515676496 	0.00130291626398 	4.85609106115e-05 	0.00553964221812
4.74 	0 	3.48345864662 	0.00842646714831 	-0.000119544844156 	-0.00301515676496 	0.00130291626398 	4.85609106115e-05 	0.00553964221812
4.74 	0 	3.47443609023 	0.0130616707086 	-0.00034184794971 	-0.0057033577505 	0.00266077104004 	0.000320879349291 	0.0068794517949
4.74 	0 	3.46541353383 	0.0130616707086 	-0.00034184794971 	-0.0057033577505 	0.00266077104004 	0.000320879349291 	0.0068794517949
4.74 	0 	3.45639097744 	0.0130616707086 	-0.00034184794971 	-0.0057033577505 	0.00266077104004 	0.000320879349291 	0.0068794517949
4.74 	0 	3.44736842105 	0.0231709410265 	-0.00317574004148 	-0.00751420266157 	0.0070379470135 	0.00132544889927 	0.00772105342679
4.74 	0 	3.43834586466 	0.0231709410265 	-0.00317574004148 	-0.00751420266157 	0.0070379470135 	0.00132544889927 	0.00772105342679
4.74 	0 	3.42932330827 	0.0231709410265 	-0.00317574004148 	-0.00751420266157 	0.0070379470135 	0.00132544889927 	0.00772105342679
4.74 	0 	3.42030075188 	0.0231709410265 	-0.00317574004148 	-0.00751420266157 	0.0070379470135 	0.00132544889927 	0.00772105342679
4.74 	0 	3.41127819549 	0.024943049945 	0.000155477093644 	-0.00778668415844 	0.00348513659267 	0.00138524542035 	0.00936461674708
4.74 	0 	3.4022556391 	0.024943049945 	0.000155477093644 	-0.00778668415844 	0.00348513659267 	0.00138524542035 	0.00936461674708
4.74 	0 	3.39323308271 	0.024943049945 	0.000155477093644 	-0.00778668415844 	0.00348513659267 	0.00138524542035 	0.00936461674708
4.74 	0 	3.38421052632 	0.0237975528321 	2.86252985815e-05 	-0.00627057506967 	0.00247428206211 	0.00148303156813 	0.0102553615549
4.74 	0 	3.37518796992 	0.0237975528321 	2.86252985815e-05 	-0.00627057506967 	0.00247428206211 	0.00148303156813 	0.0102553615549
4.74 	0 	3.36616541353 	0.0237975528321 	2.86252985815e-05 	-0.00627057506967 	0.00247428206211 	0.00148303156813 	0.0102553615549
4.74 	0 	3.35714285714 	0.0237975528321 	2.86252985815e-05 	-0.00627057506967 	0.00247428206211 	0.00148303156813 	0.0102553615549
4.74 	0 	3.34812030075 	0.0168831409181 	-0.00130087372857 	-0.00478815572127 	0.00207905221043 	0.00205943895972 	0.011032268297
4.74 	0 	3.33909774436 	0.0168831409181 	-0.00130087372857 	-0.00478815572127 	0.00207905221043 	0.00205943895972 	0.011032268297
4.74 	0 	3.33007518797 	0.0168831409181 	-0.00130087372857 	-0.00478815572127 	0.00207905221043 	0.00205943895972 	0.011032268297
4.74 	0 	3.32105263158 	0.010942076783 	-0.00214776773474 	-0.00299311389258 	0.00196124234537 	0.0019584472871 	0.0112578920618
4.74 	0 	3.31203007519 	0.010942076783 	-0.00214776773474 	-0.00299311389258 	0.00196124234537 	0.0019584472871 	0.0112578920618
4.74 	0 	3.3030075188 	0.010942076783 	-0.00214776773474 	-0.00299311389258 	0.00196124234537 	0.0019584472871 	0.0112578920618
4.74 	0 	3.29398496241 	0.010942076783 	-0.00214776773474 	-0.00299311389258 	0.00196124234537 	0.0019584472871 	0.0112578920618
4.74 	0 	3.28496240602 	0.00573742849315 	-0.00138409979442 	-0.001580191955 	0.00247302703883 	0.00209387033757 	0.0106269668326
4.74 	0 	3.27593984962 	0.00573742849315 	-0.00138409979442 	-0.001580191955 	0.00247302703883 	0.00209387033757 	0.0106269668326
4.74 	0 	3.26691729323 	0.00573742849315 	-0.00138409979442 	-0.001580191955 	0.00247302703883 	0.00209387033757 	0.0106269668326
4.74 	0 	3.25789473684 	0.00515889244251 	0.00101484025936 	-0.000513642747885 	0.0029300990097 	0.00149728345832 	0.00968385885776
4.74 	0 	3.24887218045 	0.00515889244251 	0.00101484025936 	-0.000513642747885 	0.0029300990097 	0.00149728345832 	0.00968385885776
4.74 	0 	3.23984962406 	0.00515889244251 	0.00101484025936 	-0.000513642747885 	0.0029300990097 	0.00149728345832 	0.00968385885776
4.74 	0 	3.23082706767 	0.00515889244251 	0.00101484025936 	-0.000513642747885 	0.0029300990097 	0.00149728345832 	0.00968385885776
4.74 	0 	3.22180451128 	0.00952272106389 	0.00292409208268 	-0.00032951306091 	0.00270176295463 	0.000652235985831 	0.00793779198124
4.74 	0 	3.21278195489 	0.00952272106389 	0.00292409208268 	-0.00032951306091 	0.00270176295463 	0.000652235985831 	0.00793779198124
4.74 	0 	3.2037593985 	0.00952272106389 	0.00292409208268 	-0.00032951306091 	0.00270176295463 	0.000652235985831 	0.00793779198124
4.74 	0 	3.19473684211 	0.0107298967831 	0.00280046368858 	-0.000334343207254 	0.00185250148251 	-7.19238334413e-05 	0.00632675764704
4.74 	0 	3.18571428571 	0.0107298967831 	0.00280046368858 	-0.000334343207254 	0.00185250148251 	-7.19238334413e-05 	0.00632675764704
4.74 	0 	3.17669172932 	0.0109463012556 	0.00287727228094 	-0.000333563401927 	0.00189578882993 	0.000174251067094 	0.00662582315803
4.74 	0 	3.16766917293 	0.0109463012556 	0.00287727228094 	-0.000333563401927 	0.00189578882993 	0.000174251067094 	0.00662582315803
4.74 	0 	3.15864661654 	0.0110953911209 	0.0024188150543 	-2.31902193277e-05 	0.00148899910045 	0.000128005974445 	0.00508540634373
4.74 	0 	3.14962406015 	0.0110953911209 	0.0024188150543 	-2.31902193277e-05 	0.00148899910045 	0.000128005974445 	0.00508540634373
4.74 	0 	3.14060150376 	0.0110953911209 	0.0024188150543 	-2.31902193277e-05 	0.00148899910045 	0.000128005974445 	0.00508540634373
4.74 	0 	3.13157894737 	0.0117161766872 	0.00200768808707 	-0.000345002868947 	0.00133402585199 	0.000141630651639 	0.00418474062398
4.74 	0 	3.12255639098 	0.0117161766872 	0.00200768808707 	-0.000345002868947 	0.00133402585199 	0.000141630651639 	0.00418474062398
4.74 	0 	3.11353383459 	0.0117161766872 	0.00200768808707 	-0.000345002868947 	0.00133402585199 	0.000141630651639 	0.00418474062398
4.74 	0 	3.1045112782 	0.0117161766872 	0.00200768808707 	-0.000345002868947 	0.00133402585199 	0.000141630651639 	0.00418474062398
4.74 	0 	3.0954887218 	0.0106319654342 	0.00178874844754 	0.00018685884142 	0.00142328963732 	7.21560093663e-05 	0.00357127276788
4.74 	0 	3.08646616541 	0.0106319654342 	0.00178874844754 	0.00018685884142 	0.00142328963732 	7.21560093663e-05 	0.00357127276788
4.74 	0 	3.07744360902 	0.0106319654342 	0.00178874844754 	0.00018685884142 	0.00142328963732 	7.21560093663e-05 	0.00357127276788
4.74 	0 	3.06842105263 	0.0103386058216 	0.00232601561148 	0.000759191971066 	0.00162575401713 	0.000283715835914 	0.00322600716257
4.74 	0 	3.05939849624 	0.0103386058216 	0.00232601561148 	0.000759191971066 	0.00162575401713 	0.000283715835914 	0.00322600716257
4.74 	0 	3.05037593985 	0.0103386058216 	0.00232601561148 	0.000759191971066 	0.00162575401713 	0.000283715835914 	0.00322600716257
4.74 	0 	3.04135338346 	0.0103386058216 	0.00232601561148 	0.000759191971066 	0.00162575401713 	0.000283715835914 	0.00322600716257
4.74 	0 	3.03233082707 	0.0100869680461 	0.00218890865831 	0.000528920272834 	0.00178334078343 	0.000393501970314 	0.00289969763402
4.74 	0 	3.02330827068 	0.0100869680461 	0.00218890865831 	0.000528920272834 	0.00178334078343 	0.000393501970314 	0.00289969763402
4.74 	0 	3.01428571429 	0.0100869680461 	0.00218890865831 	0.000528920272834 	0.00178334078343 	0.000393501970314 	0.00289969763402
4.74 	0 	3.00526315789 	0.00973796688975 	0.00218968786922 	0.000884970804857 	0.00189492119078 	0.000488173179062 	0.00301825220782
4.74 	0 	2.9962406015 	0.00973796688975 	0.00218968786922 	0.000884970804857 	0.00189492119078 	0.000488173179062 	0.00301825220782
4.74 	0 	2.98721804511 	0.00973796688975 	0.00218968786922 	0.000884970804857 	0.00189492119078 	0.000488173179062 	0.00301825220782
4.74 	0 	2.97819548872 	0.00973796688975 	0.00218968786922 	0.000884970804857 	0.00189492119078 	0.000488173179062 	0.00301825220782
4.74 	0 	2.96917293233 	0.0108019156184 	0.00240787791476 	0.00114506545105 	0.00221750121624 	0.000599361740202 	0.00348132486344
4.74 	0 	2.96015037594 	0.0108019156184 	0.00240787791476 	0.00114506545105 	0.00221750121624 	0.000599361740202 	0.00348132486344
4.74 	0 	2.95112781955 	0.0108019156184 	0.00240787791476 	0.00114506545105 	0.00221750121624 	0.000599361740202 	0.00348132486344
4.74 	0 	2.94210526316 	0.00968457470403 	0.00181366541331 	0.000668252030655 	0.00241847367165 	0.000573804585646 	0.00425302887953
4.74 	0 	2.93308270677 	0.00968457470403 	0.00181366541331 	0.000668252030655 	0.00241847367165 	0.000573804585646 	0.00425302887953
4.74 	0 	2.92406015038 	0.00968457470403 	0.00181366541331 	0.000668252030655 	0.00241847367165 	0.000573804585646 	0.00425302887953
4.74 	0 	2.91503759398 	0.00968457470403 	0.00181366541331 	0.000668252030655 	0.00241847367165 	0.000573804585646 	0.00425302887953
4.74 	0 	2.90601503759 	0.0103108636753 	0.00188637810054 	0.000772383868022 	0.00319826346984 	0.00108121868401 	0.00609931103143
4.74 	0 	2.8969924812 	0.0103108636753 	0.00188637810054 	0.000772383868022 	0.00319826346984 	0.00108121868401 	0.00609931103143
4.74 	0 	2.88796992481 	0.0103108636753 	0.00188637810054 	0.000772383868022 	0.00319826346984 	0.00108121868401 	0.00609931103143
4.74 	0 	2.87894736842 	0.0104207678091 	0.00177917708851 	-0.000174782540496 	0.00444961830025 	0.00184424565525 	0.00879564595495
4.74 	0 	2.86992481203 	0.0104207678091 	0.00177917708851 	-0.000174782540496 	0.00444961830025 	0.00184424565525 	0.00879564595495
4.74 	0 	2.86090225564 	0.0104207678091 	0.00177917708851 	-0.000174782540496 	0.00444961830025 	0.00184424565525 	0.00879564595495
4.74 	0 	2.85187969925 	0.0104207678091 	0.00177917708851 	-0.000174782540496 	0.00444961830025 	0.00184424565525 	0.00879564595495
4.74 	0 	2.84285714286 	0.0127868857138 	0.000640008950197 	-0.00183660277227 	0.00537929318258 	0.00264445508698 	0.0121313167576
4.74 	0 	2.83383458647 	0.0127868857138 	0.000640008950197 	-0.00183660277227 	0.00537929318258 	0.00264445508698 	0.0121313167576
4.74 	0 	2.82481203008 	0.0127868857138 	0.000640008950197 	-0.00183660277227 	0.00537929318258 	0.00264445508698 	0.0121313167576
4.74 	0 	2.81578947368 	0.0164068010543 	-0.000643650964936 	-0.00415459941827 	0.00713358387883 	0.00363984891859 	0.0183342832935
4.74 	0 	2.80676691729 	0.0164068010543 	-0.000643650964936 	-0.00415459941827 	0.00713358387883 	0.00363984891859 	0.0183342832935
4.74 	0 	2.7977443609 	0.0164068010543 	-0.000643650964936 	-0.00415459941827 	0.00713358387883 	0.00363984891859 	0.0183342832935
4.74 	0 	2.78872180451 	0.0164068010543 	-0.000643650964936 	-0.00415459941827 	0.00713358387883 	0.00363984891859 	0.0183342832935
4.74 	0 	2.77969924812 	0.0211001314859 	-0.00207044892696 	-0.00608487643353 	0.00995606878633 	0.00325543684618 	0.0244506583302
4.74 	0 	2.77067669173 	0.0211001314859 	-0.00207044892696 	-0.00608487643353 	0.00995606878633 	0.00325543684618 	0.0244506583302
4.74 	0 	2.76165413534 	0.0211001314859 	-0.00207044892696 	-0.00608487643353 	0.00995606878633 	0.00325543684618 	0.0244506583302
4.74 	0 	2.75263157895 	0.0247454459268 	-0.00233695850395 	-0.00616606447707 	0.0129932718815 	0.00474681093789 	0.0330065062485
4.74 	0 	2.74360902256 	0.0247454459268 	-0.00233695850395 	-0.00616606447707 	0.0129932718815 	0.00474681093789 	0.0330065062485
4.74 	0 	2.73458646617 	0.0231282571826 	-0.0016454060824 	-0.00485202136886 	0.0134955065175 	0.00525404271485 	0.0280440979043
4.74 	0 	2.72556390977 	0.0231282571826 	-0.0016454060824 	-0.00485202136886 	0.0134955065175 	0.00525404271485 	0.0280440979043
4.74 	0 	2.71654135338 	0.0324533689282 	-0.00451956588898 	-0.00600804376678 	0.0170912313274 	0.00571447820709 	0.0329674514073
4.74 	0 	2.70751879699 	0.0324533689282 	-0.00451956588898 	-0.00600804376678 	0.0170912313274 	0.00571447820709 	0.0329674514073
4.74 	0 	2.6984962406 	0.0324533689282 	-0.00451956588898 	-0.00600804376678 	0.0170912313274 	0.00571447820709 	0.0329674514073
4.74 	0 	2.68947368421 	0.0343244042658 	-0.00347816654186 	-0.00397220141581 	0.0207868667535 	0.00698244595023 	0.0435285773144
4.74 	0 	2.68045112782 	0.0343244042658 	-0.00347816654186 	-0.00397220141581 	0.0207868667535 	0.00698244595023 	0.0435285773144
4.74 	0 	2.67142857143 	0.0343244042658 	-0.00347816654186 	-0.00397220141581 	0.0207868667535 	0.00698244595023 	0.0435285773144
4.74 	0 	2.66240601504 	0.0343244042658 	-0.00347816654186 	-0.00397220141581 	0.0207868667535 	0.00698244595023 	0.0435285773144
4.74 	0 	2.65338345865 	0.0413013283533 	-0.00245851628861 	-0.00401688304514 	0.0256965112925 	0.00763025554733 	0.051838838536
4.74 	0 	2.64436090226 	0.0413013283533 	-0.00245851628861 	-0.00401688304514 	0.0256965112925 	0.00763025554733 	0.051838838536
4.74 	0 	2.63533834586 	0.0413013283533 	-0.00245851628861 	-0.00401688304514 	0.0256965112925 	0.00763025554733 	0.051838838536
4.74 	0 	2.62631578947 	0.0448023658972 	-0.00277865671778 	-0.00257865147239 	0.0298643638845 	0.00806469861098 	0.0561922688804
4.74 	0 	2.61729323308 	0.0448023658972 	-0.00277865671778 	-0.00257865147239 	0.0298643638845 	0.00806469861098 	0.0561922688804
4.74 	0 	2.60827067669 	0.0448023658972 	-0.00277865671778 	-0.00257865147239 	0.0298643638845 	0.00806469861098 	0.0561922688804
4.74 	0 	2.5992481203 	0.0448023658972 	-0.00277865671778 	-0.00257865147239 	0.0298643638845 	0.00806469861098 	0.0561922688804
4.74 	0 	2.59022556391 	0.058191179704 	-0.00518091319716 	0.00302717461661 	0.0370050874993 	0.00254183647899 	0.0646437707939
4.74 	0 	2.58120300752 	0.058191179704 	-0.00518091319716 	0.00302717461661 	0.0370050874993 	0.00254183647899 	0.0646437707939
4.74 	0 	2.57218045113 	0.058191179704 	-0.00518091319716 	0.00302717461661 	0.0370050874993 	0.00254183647899 	0.0646437707939
4.74 	0 	2.56315789474 	0.0778780652429 	-0.0109264153318 	0.0078594759066 	0.0502796516433 	0.000941881462101 	0.0759658862473
4.74 	0 	2.55413533835 	0.0778780652429 	-0.0109264153318 	0.0078594759066 	0.0502796516433 	0.000941881462101 	0.0759658862473
4.74 	0 	2.54511278195 	0.0778780652429 	-0.0109264153318 	0.0078594759066 	0.0502796516433 	0.000941881462101 	0.0759658862473
4.74 	0 	2.53609022556 	0.0778780652429 	-0.0109264153318 	0.0078594759066 	0.0502796516433 	0.000941881462101 	0.0759658862473
4.74 	0 	2.52706766917 	0.0936831253919 	-0.0186430375767 	0.0156624240452 	0.0621777669415 	0.000275228352966 	0.0852050650137
4.74 	0 	2.51804511278 	0.0936831253919 	-0.0186430375767 	0.0156624240452 	0.0621777669415 	0.000275228352966 	0.0852050650137
4.74 	0 	2.50902255639 	0.0936831253919 	-0.0186430375767 	0.0156624240452 	0.0621777669415 	0.000275228352966 	0.0852050650137
4.74 	0 	2.5 	0.101324599529 	-0.0196261665122 	0.0260709581422 	0.0816874006339 	-0.00117383890759 	0.0965180861218
4.74 	0 	2.49097744361 	0.101324599529 	-0.0196261665122 	0.0260709581422 	0.0816874006339 	-0.00117383890759 	0.0965180861218
4.74 	0 	2.48195488722 	0.101324599529 	-0.0196261665122 	0.0260709581422 	0.0816874006339 	-0.00117383890759 	0.0965180861218
4.74 	0 	2.47293233083 	0.101324599529 	-0.0196261665122 	0.0260709581422 	0.0816874006339 	-0.00117383890759 	0.0965180861218
4.74 	0 	2.46390977444 	0.138031192256 	-0.0294393643456 	0.0442317306732 	0.100467106944 	-0.0083046213596 	0.10485849719
4.74 	0 	2.45488721805 	0.138031192256 	-0.0294393643456 	0.0442317306732 	0.100467106944 	-0.0083046213596 	0.10485849719
4.74 	0 	2.44586466165 	0.138031192256 	-0.0294393643456 	0.0442317306732 	0.100467106944 	-0.0083046213596 	0.10485849719
4.74 	0 	2.43684210526 	0.171038634986 	-0.0364320426211 	0.0622963395287 	0.102696803669 	-0.00807067033679 	0.11585691211
4.74 	0 	2.42781954887 	0.171038634986 	-0.0364320426211 	0.0622963395287 	0.102696803669 	-0.00807067033679 	0.11585691211
4.74 	0 	2.41879699248 	0.171038634986 	-0.0364320426211 	0.0622963395287 	0.102696803669 	-0.00807067033679 	0.11585691211
4.74 	0 	2.40977443609 	0.171038634986 	-0.0364320426211 	0.0622963395287 	0.102696803669 	-0.00807067033679 	0.11585691211
4.74 	0 	2.4007518797 	0.228091087883 	-0.0397067488198 	0.082381365155 	0.103873461524 	-0.0084042303598 	0.117913360039
4.74 	0 	2.39172932331 	0.228091087883 	-0.0397067488198 	0.082381365155 	0.103873461524 	-0.0084042303598 	0.117913360039
4.74 	0 	2.38270676692 	0.228091087883 	-0.0397067488198 	0.082381365155 	0.103873461524 	-0.0084042303598 	0.117913360039
4.74 	0 	2.37368421053 	0.26772117756 	-0.0464593800975 	0.0913502691944 	0.103573803345 	-0.00594602417205 	0.120780467787
4.74 	0 	2.36466165414 	0.26772117756 	-0.0464593800975 	0.0913502691944 	0.103573803345 	-0.00594602417205 	0.120780467787
4.74 	0 	2.35563909774 	0.26772117756 	-0.0464593800975 	0.0913502691944 	0.103573803345 	-0.00594602417205 	0.120780467787
4.74 	0 	2.34661654135 	0.26772117756 	-0.0464593800975 	0.0913502691944 	0.103573803345 	-0.00594602417205 	0.120780467787
4.74 	0 	2.33759398496 	0.286128673553 	-0.055790128062 	0.0809958937477 	0.117770054543 	-0.00282744193898 	0.108906789998
4.74 	0 	2.32857142857 	0.286128673553 	-0.055790128062 	0.0809958937477 	0.117770054543 	-0.00282744193898 	0.108906789998
4.74 	0 	2.31954887218 	0.286128673553 	-0.055790128062 	0.0809958937477 	0.117770054543 	-0.00282744193898 	0.108906789998
4.74 	0 	2.31052631579 	0.295242747335 	-0.0602968936786 	0.0728140461166 	0.118034174256 	0.00221274711769 	0.107261413893
4.74 	0 	2.3015037594 	0.295242747335 	-0.0602968936786 	0.0728140461166 	0.118034174256 	0.00221274711769 	0.107261413893
4.74 	0 	2.29248120301 	0.295242747335 	-0.0602968936786 	0.0728140461166 	0.118034174256 	0.00221274711769 	0.107261413893
4.74 	0 	2.28345864662 	0.295242747335 	-0.0602968936786 	0.0728140461166 	0.118034174256 	0.00221274711769 	0.107261413893
4.74 	0 	2.27443609023 	0.287507935891 	-0.060049928362 	0.0723897648584 	0.114691810375 	-0.000335663569972 	0.112308700129
4.74 	0 	2.26541353383 	0.287507935891 	-0.060049928362 	0.0723897648584 	0.114691810375 	-0.000335663569972 	0.112308700129
4.74 	0 	2.25639097744 	0.287507935891 	-0.060049928362 	0.0723897648584 	0.114691810375 	-0.000335663569972 	0.112308700129
4.74 	0 	2.24736842105 	0.291705947734 	-0.0495332530596 	0.0628854054102 	0.11798118462 	0.00484807672164 	0.106351777625
4.74 	0 	2.23834586466 	0.291705947734 	-0.0495332530596 	0.0628854054102 	0.11798118462 	0.00484807672164 	0.106351777625
4.74 	0 	2.22932330827 	0.291705947734 	-0.0495332530596 	0.0628854054102 	0.11798118462 	0.00484807672164 	0.106351777625
4.74 	0 	2.22030075188 	0.291705947734 	-0.0495332530596 	0.0628854054102 	0.11798118462 	0.00484807672164 	0.106351777625
4.74 	0 	2.21127819549 	0.29396075826 	-0.058589399071 	0.0575463924238 	0.115157459617 	0.00580341637754 	0.105552451075
4.74 	0 	2.2022556391 	0.29396075826 	-0.058589399071 	0.0575463924238 	0.115157459617 	0.00580341637754 	0.105552451075
4.74 	0 	2.19323308271 	0.29396075826 	-0.058589399071 	0.0575463924238 	0.115157459617 	0.00580341637754 	0.105552451075
4.74 	0 	2.18421052632 	0.2673415717 	-0.0534093778794 	0.0386005318353 	0.0998662122054 	0.00719428320311 	0.0967193647048
4.74 	0 	2.17518796992 	0.2673415717 	-0.0534093778794 	0.0386005318353 	0.0998662122054 	0.00719428320311 	0.0967193647048
4.74 	0 	2.16616541353 	0.2673415717 	-0.0534093778794 	0.0386005318353 	0.0998662122054 	0.00719428320311 	0.0967193647048
4.74 	0 	2.15714285714 	0.2673415717 	-0.0534093778794 	0.0386005318353 	0.0998662122054 	0.00719428320311 	0.0967193647048
4.74 	0 	2.14812030075 	0.233051380942 	-0.0336985445816 	0.0251337215153 	0.0908857404487 	0.00699510932188 	0.0915375878628
4.74 	0 	2.13909774436 	0.233051380942 	-0.0336985445816 	0.0251337215153 	0.0908857404487 	0.00699510932188 	0.0915375878628
4.74 	0 	2.13007518797 	0.233051380942 	-0.0336985445816 	0.0251337215153 	0.0908857404487 	0.00699510932188 	0.0915375878628
4.74 	0 	2.12105263158 	0.233113360815 	-0.0322945072762 	0.0119116955117 	0.088791941316 	0.00400048922526 	0.0832714925273
4.74 	0 	2.11203007519 	0.233113360815 	-0.0322945072762 	0.0119116955117 	0.088791941316 	0.00400048922526 	0.0832714925273
4.74 	0 	2.1030075188 	0.233113360815 	-0.0322945072762 	0.0119116955117 	0.088791941316 	0.00400048922526 	0.0832714925273
4.74 	0 	2.09398496241 	0.233113360815 	-0.0322945072762 	0.0119116955117 	0.088791941316 	0.00400048922526 	0.0832714925273
4.74 	0 	2.08496240602 	0.196308270732 	-0.030125199391 	-0.000574003133329 	0.0832186198222 	0.00392990327333 	0.0821406141798
4.74 	0 	2.07593984962 	0.196308270732 	-0.030125199391 	-0.000574003133329 	0.0832186198222 	0.00392990327333 	0.0821406141798
4.74 	0 	2.06691729323 	0.196308270732 	-0.030125199391 	-0.000574003133329 	0.0832186198222 	0.00392990327333 	0.0821406141798
4.74 	0 	2.05789473684 	0.185683067976 	-0.0219843773991 	-0.0227954920433 	0.0808011495483 	0.00583151649348 	0.0777054715448
4.74 	0 	2.04887218045 	0.185683067976 	-0.0219843773991 	-0.0227954920433 	0.0808011495483 	0.00583151649348 	0.0777054715448
4.74 	0 	2.03984962406 	0.185683067976 	-0.0219843773991 	-0.0227954920433 	0.0808011495483 	0.00583151649348 	0.0777054715448
4.74 	0 	2.03082706767 	0.185683067976 	-0.0219843773991 	-0.0227954920433 	0.0808011495483 	0.00583151649348 	0.0777054715448
4.74 	0 	2.02180451128 	0.165295464395 	-0.0101758565943 	-0.0321715390839 	0.0684365202138 	0.00293318992232 	0.0775964251475
4.74 	0 	2.01278195489 	0.165295464395 	-0.0101758565943 	-0.0321715390839 	0.0684365202138 	0.00293318992232 	0.0775964251475
4.74 	0 	2.0037593985 	0.165295464395 	-0.0101758565943 	-0.0321715390839 	0.0684365202138 	0.00293318992232 	0.0775964251475
4.74 	0 	1.99473684211 	0.137286629738 	-0.00540034221008 	-0.0337493873692 	0.0671958518822 	0.00212707683278 	0.0761040619968
4.74 	0 	1.98571428571 	0.137286629738 	-0.00540034221008 	-0.0337493873692 	0.0671958518822 	0.00212707683278 	0.0761040619968
4.74 	0 	1.97669172932 	0.137286629738 	-0.00540034221008 	-0.0337493873692 	0.0671958518822 	0.00212707683278 	0.0761040619968
4.74 	0 	1.96766917293 	0.137286629738 	-0.00540034221008 	-0.0337493873692 	0.0671958518822 	0.00212707683278 	0.0761040619968
4.74 	0 	1.95864661654 	0.108184203558 	-0.00294697685047 	-0.0332802666155 	0.0679292861551 	0.000306513681036 	0.071101965821
4.74 	0 	1.94962406015 	0.108184203558 	-0.00294697685047 	-0.0332802666155 	0.0679292861551 	0.000306513681036 	0.071101965821
4.74 	0 	1.94060150376 	0.108184203558 	-0.00294697685047 	-0.0332802666155 	0.0679292861551 	0.000306513681036 	0.071101965821
4.74 	0 	1.93157894737 	0.0870473898282 	-0.00376179391509 	-0.0238776453538 	0.0721606488675 	0.000876510193154 	0.0567981908317
4.74 	0 	1.92255639098 	0.0870473898282 	-0.00376179391509 	-0.0238776453538 	0.0721606488675 	0.000876510193154 	0.0567981908317
4.74 	0 	1.91353383459 	0.0870473898282 	-0.00376179391509 	-0.0238776453538 	0.0721606488675 	0.000876510193154 	0.0567981908317
4.74 	0 	1.9045112782 	0.0870473898282 	-0.00376179391509 	-0.0238776453538 	0.0721606488675 	0.000876510193154 	0.0567981908317
4.74 	0 	1.8954887218 	0.0785071018251 	0.00389092467959 	-0.0230932356886 	0.0719257222302 	0.00199312272148 	0.0576977800483
4.74 	0 	1.88646616541 	0.0785071018251 	0.00389092467959 	-0.0230932356886 	0.0719257222302 	0.00199312272148 	0.0576977800483
4.74 	0 	1.87744360902 	0.0785071018251 	0.00389092467959 	-0.0230932356886 	0.0719257222302 	0.00199312272148 	0.0576977800483
4.74 	0 	1.86842105263 	0.0785071018251 	0.00389092467959 	-0.0230932356886 	0.0719257222302 	0.00199312272148 	0.0576977800483
4.74 	0 	1.85939849624 	0.0825970279549 	0.0145634131931 	-0.0282667077652 	0.0754669223128 	-0.00115748914269 	0.0614062749915
4.74 	0 	1.85037593985 	0.0825970279549 	0.0145634131931 	-0.0282667077652 	0.0754669223128 	-0.00115748914269 	0.0614062749915
4.74 	0 	1.84135338346 	0.0825970279549 	0.0145634131931 	-0.0282667077652 	0.0754669223128 	-0.00115748914269 	0.0614062749915
4.74 	0 	1.83233082707 	0.0996749045697 	0.0303464111019 	-0.0367739934579 	0.0819053566615 	-0.00459563887197 	0.0655419075113
4.74 	0 	1.82330827068 	0.0996749045697 	0.0303464111019 	-0.0367739934579 	0.0819053566615 	-0.00459563887197 	0.0655419075113
4.74 	0 	1.81428571429 	0.0996749045697 	0.0303464111019 	-0.0367739934579 	0.0819053566615 	-0.00459563887197 	0.0655419075113
4.74 	0 	1.80526315789 	0.0996749045697 	0.0303464111019 	-0.0367739934579 	0.0819053566615 	-0.00459563887197 	0.0655419075113
4.74 	0 	1.7962406015 	0.135233843434 	0.0391445742035 	-0.0457831520966 	0.066871541099 	-0.00681466528771 	0.0663779234062
4.74 	0 	1.78721804511 	0.135233843434 	0.0391445742035 	-0.0457831520966 	0.066871541099 	-0.00681466528771 	0.0663779234062
4.74 	0 	1.77819548872 	0.135233843434 	0.0391445742035 	-0.0457831520966 	0.066871541099 	-0.00681466528771 	0.0663779234062
4.74 	0 	1.76917293233 	0.143824059147 	0.0295376492378 	-0.0460929327539 	0.0433959628909 	-0.00286472472699 	0.0648333500716
4.74 	0 	1.76015037594 	0.143824059147 	0.0295376492378 	-0.0460929327539 	0.0433959628909 	-0.00286472472699 	0.0648333500716
4.74 	0 	1.75112781955 	0.143824059147 	0.0295376492378 	-0.0460929327539 	0.0433959628909 	-0.00286472472699 	0.0648333500716
4.74 	0 	1.74210526316 	0.143824059147 	0.0295376492378 	-0.0460929327539 	0.0433959628909 	-0.00286472472699 	0.0648333500716
4.74 	0 	1.73308270677 	0.11519893949 	0.0139970098305 	-0.0385784396498 	0.02625180252 	0.00217408149682 	0.0620159946333
4.74 	0 	1.72406015038 	0.11519893949 	0.0139970098305 	-0.0385784396498 	0.02625180252 	0.00217408149682 	0.0620159946333
4.74 	0 	1.71503759398 	0.11519893949 	0.0139970098305 	-0.0385784396498 	0.02625180252 	0.00217408149682 	0.0620159946333
4.74 	0 	1.70601503759 	0.0781774377383 	0.003645323386 	-0.0217407591285 	0.0201973281204 	0.00514443768385 	0.0563290054227
4.74 	0 	1.6969924812 	0.0781774377383 	0.003645323386 	-0.0217407591285 	0.0201973281204 	0.00514443768385 	0.0563290054227
4.74 	0 	1.68796992481 	0.0781774377383 	0.003645323386 	-0.0217407591285 	0.0201973281204 	0.00514443768385 	0.0563290054227
4.74 	0 	1.67894736842 	0.0781774377383 	0.003645323386 	-0.0217407591285 	0.0201973281204 	0.00514443768385 	0.0563290054227
4.74 	0 	1.66992481203 	0.0527584976432 	0.00307751667883 	-0.00478566978803 	0.01762783972 	0.007935181675 	0.0462310773469
4.74 	0 	1.66090225564 	0.0527584976432 	0.00307751667883 	-0.00478566978803 	0.01762783972 	0.007935181675 	0.0462310773469
4.74 	0 	1.65187969925 	0.0527584976432 	0.00307751667883 	-0.00478566978803 	0.01762783972 	0.007935181675 	0.0462310773469
4.74 	0 	1.64285714286 	0.0400057468506 	0.00333412710165 	0.00710221414778 	0.0150745264271 	0.00787044764827 	0.0367958937859
4.74 	0 	1.63383458647 	0.0400057468506 	0.00333412710165 	0.00710221414778 	0.0150745264271 	0.00787044764827 	0.0367958937859
4.74 	0 	1.62481203008 	0.0400057468506 	0.00333412710165 	0.00710221414778 	0.0150745264271 	0.00787044764827 	0.0367958937859
4.74 	0 	1.61578947368 	0.0400057468506 	0.00333412710165 	0.00710221414778 	0.0150745264271 	0.00787044764827 	0.0367958937859
4.74 	0 	1.60676691729 	0.0415261612841 	0.00344863055065 	0.0125631640729 	0.0147177100352 	0.00715580371756 	0.0293486377181
4.74 	0 	1.5977443609 	0.0415261612841 	0.00344863055065 	0.0125631640729 	0.0147177100352 	0.00715580371756 	0.0293486377181
4.74 	0 	1.58872180451 	0.0415261612841 	0.00344863055065 	0.0125631640729 	0.0147177100352 	0.00715580371756 	0.0293486377181
4.74 	0 	1.57969924812 	0.0347508241316 	0.00279624964454 	0.010035774247 	0.0141705978431 	0.00577382285064 	0.0245214531869
4.74 	0 	1.57067669173 	0.0347508241316 	0.00279624964454 	0.010035774247 	0.0141705978431 	0.00577382285064 	0.0245214531869
4.74 	0 	1.56165413534 	0.0347508241316 	0.00279624964454 	0.010035774247 	0.0141705978431 	0.00577382285064 	0.0245214531869
4.74 	0 	1.55263157895 	0.0347508241316 	0.00279624964454 	0.010035774247 	0.0141705978431 	0.00577382285064 	0.0245214531869
4.74 	0 	1.54360902256 	0.0305593450716 	0.00128559515068 	0.00483280250278 	0.0153999987393 	0.00510098411286 	0.0235429254544
4.74 	0 	1.53458646617 	0.0305593450716 	0.00128559515068 	0.00483280250278 	0.0153999987393 	0.00510098411286 	0.0235429254544
4.74 	0 	1.52556390977 	0.0305593450716 	0.00128559515068 	0.00483280250278 	0.0153999987393 	0.00510098411286 	0.0235429254544
4.74 	0 	1.51654135338 	0.0379532582487 	-0.00137413441114 	-2.11338729064e-06 	0.0167920516282 	0.00525594545402 	0.026483046923
4.74 	0 	1.50751879699 	0.0379532582487 	-0.00137413441114 	-2.11338729064e-06 	0.0167920516282 	0.00525594545402 	0.026483046923
4.74 	0 	1.4984962406 	0.0379532582487 	-0.00137413441114 	-2.11338729064e-06 	0.0167920516282 	0.00525594545402 	0.026483046923
4.74 	0 	1.48947368421 	0.0379532582487 	-0.00137413441114 	-2.11338729064e-06 	0.0167920516282 	0.00525594545402 	0.026483046923
4.74 	0 	1.48045112782 	0.045544530223 	-0.00335319944962 	-0.00402508235227 	0.0185597556447 	0.00544977370541 	0.0292526008349
4.74 	0 	1.47142857143 	0.045544530223 	-0.00335319944962 	-0.00402508235227 	0.0185597556447 	0.00544977370541 	0.0292526008349
4.74 	0 	1.46240601504 	0.045544530223 	-0.00335319944962 	-0.00402508235227 	0.0185597556447 	0.00544977370541 	0.0292526008349
4.74 	0 	1.45338345865 	0.0505161730936 	-0.00496820493389 	-0.0058178900342 	0.0221747542803 	0.00614382678041 	0.0374426182564
4.74 	0 	1.44436090226 	0.0505161730936 	-0.00496820493389 	-0.0058178900342 	0.0221747542803 	0.00614382678041 	0.0374426182564
4.74 	0 	1.43533834586 	0.0505161730936 	-0.00496820493389 	-0.0058178900342 	0.0221747542803 	0.00614382678041 	0.0374426182564
4.74 	0 	1.42631578947 	0.0505161730936 	-0.00496820493389 	-0.0058178900342 	0.0221747542803 	0.00614382678041 	0.0374426182564
4.74 	0 	1.41729323308 	0.0548740496572 	-0.00501165226915 	-0.00452738946115 	0.0292141213411 	0.00735021558202 	0.0452564133282
4.74 	0 	1.40827067669 	0.0548740496572 	-0.00501165226915 	-0.00452738946115 	0.0292141213411 	0.00735021558202 	0.0452564133282
4.74 	0 	1.3992481203 	0.0548740496572 	-0.00501165226915 	-0.00452738946115 	0.0292141213411 	0.00735021558202 	0.0452564133282
4.74 	0 	1.39022556391 	0.0575359358649 	-0.00459931021535 	-0.00320770870797 	0.0361551909681 	0.0100828377602 	0.054392043481
4.74 	0 	1.38120300752 	0.0575359358649 	-0.00459931021535 	-0.00320770870797 	0.0361551909681 	0.0100828377602 	0.054392043481
4.74 	0 	1.37218045113 	0.0575359358649 	-0.00459931021535 	-0.00320770870797 	0.0361551909681 	0.0100828377602 	0.054392043481
4.74 	0 	1.36315789474 	0.0575359358649 	-0.00459931021535 	-0.00320770870797 	0.0361551909681 	0.0100828377602 	0.054392043481
4.74 	0 	1.35413533835 	0.0601644119793 	-0.00570647773747 	-0.000484425075554 	0.0421402914937 	0.0121065708086 	0.066258097786
4.74 	0 	1.34511278195 	0.0601644119793 	-0.00570647773747 	-0.000484425075554 	0.0421402914937 	0.0121065708086 	0.066258097786
4.74 	0 	1.33609022556 	0.0601644119793 	-0.00570647773747 	-0.000484425075554 	0.0421402914937 	0.0121065708086 	0.066258097786
4.74 	0 	1.32706766917 	0.0596713724792 	-0.00417974082844 	0.00364227808098 	0.048952882816 	0.0132218004617 	0.0790326449288
4.74 	0 	1.31804511278 	0.0596713724792 	-0.00417974082844 	0.00364227808098 	0.048952882816 	0.0132218004617 	0.0790326449288
4.74 	0 	1.30902255639 	0.0596713724792 	-0.00417974082844 	0.00364227808098 	0.048952882816 	0.0132218004617 	0.0790326449288
4.74 	0 	1.3 	0.0596713724792 	-0.00417974082844 	0.00364227808098 	0.048952882816 	0.0132218004617 	0.0790326449288
4.74 	0 	1.29097744361 	0.0621776796769 	-0.00150067727909 	0.0145955466013 	0.0614849452275 	0.0151861691833 	0.0893120739024
4.74 	0 	1.28195488722 	0.0621776796769 	-0.00150067727909 	0.0145955466013 	0.0614849452275 	0.0151861691833 	0.0893120739024
4.74 	0 	1.27293233083 	0.0621776796769 	-0.00150067727909 	0.0145955466013 	0.0614849452275 	0.0151861691833 	0.0893120739024
4.74 	0 	1.26390977444 	0.0662443539107 	0.00225846909938 	0.0236193634305 	0.0799718262804 	0.0208258586884 	0.103151159357
4.74 	0 	1.25488721805 	0.0662443539107 	0.00225846909938 	0.0236193634305 	0.0799718262804 	0.0208258586884 	0.103151159357
4.74 	0 	1.24586466165 	0.0662443539107 	0.00225846909938 	0.0236193634305 	0.0799718262804 	0.0208258586884 	0.103151159357
4.74 	0 	1.23684210526 	0.0662443539107 	0.00225846909938 	0.0236193634305 	0.0799718262804 	0.0208258586884 	0.103151159357
4.74 	0 	1.22781954887 	0.0799895618188 	0.0098090196463 	0.0379000208816 	0.0965206495642 	0.0250904632926 	0.119362667432
4.74 	0 	1.21879699248 	0.0799895618188 	0.0098090196463 	0.0379000208816 	0.0965206495642 	0.0250904632926 	0.119362667432
4.74 	0 	1.20977443609 	0.0799895618188 	0.0098090196463 	0.0379000208816 	0.0965206495642 	0.0250904632926 	0.119362667432
4.74 	0 	1.2007518797 	0.10416859281 	0.0137559846321 	0.0594778545052 	0.10934455062 	0.0290348838452 	0.138852406016
4.74 	0 	1.19172932331 	0.10416859281 	0.0137559846321 	0.0594778545052 	0.10934455062 	0.0290348838452 	0.138852406016
4.74 	0 	1.18270676692 	0.10416859281 	0.0137559846321 	0.0594778545052 	0.10934455062 	0.0290348838452 	0.138852406016
4.74 	0 	1.17368421053 	0.10416859281 	0.0137559846321 	0.0594778545052 	0.10934455062 	0.0290348838452 	0.138852406016
4.74 	0 	1.16466165414 	0.119401251196 	0.0193234636274 	0.0707029813667 	0.114188899639 	0.0300627020463 	0.151663600142
4.74 	0 	1.15563909774 	0.119401251196 	0.0193234636274 	0.0707029813667 	0.114188899639 	0.0300627020463 	0.151663600142
4.74 	0 	1.14661654135 	0.119401251196 	0.0193234636274 	0.0707029813667 	0.114188899639 	0.0300627020463 	0.151663600142
4.74 	0 	1.13759398496 	0.137534104153 	0.0231243974409 	0.0784925109273 	0.125324233868 	0.0316127399885 	0.164289499348
4.74 	0 	1.12857142857 	0.137534104153 	0.0231243974409 	0.0784925109273 	0.125324233868 	0.0316127399885 	0.164289499348
4.74 	0 	1.11954887218 	0.137534104153 	0.0231243974409 	0.0784925109273 	0.125324233868 	0.0316127399885 	0.164289499348
4.74 	0 	1.11052631579 	0.137534104153 	0.0231243974409 	0.0784925109273 	0.125324233868 	0.0316127399885 	0.164289499348
4.74 	0 	1.1015037594 	0.158097037945 	0.0227029952482 	0.0879812240048 	0.135606076607 	0.0312765735032 	0.175246778172
4.74 	0 	1.09248120301 	0.158097037945 	0.0227029952482 	0.0879812240048 	0.135606076607 	0.0312765735032 	0.175246778172
4.74 	0 	1.08345864662 	0.158097037945 	0.0227029952482 	0.0879812240048 	0.135606076607 	0.0312765735032 	0.175246778172
4.74 	0 	1.07443609023 	0.173561952385 	0.0190246094513 	0.0997430797168 	0.151205608809 	0.0300500175462 	0.186866498007
4.74 	0 	1.06541353383 	0.173561952385 	0.0190246094513 	0.0997430797168 	0.151205608809 	0.0300500175462 	0.186866498007
4.74 	0 	1.05639097744 	0.173561952385 	0.0190246094513 	0.0997430797168 	0.151205608809 	0.0300500175462 	0.186866498007
4.74 	0 	1.04736842105 	0.173561952385 	0.0190246094513 	0.0997430797168 	0.151205608809 	0.0300500175462 	0.186866498007
4.74 	0 	1.03834586466 	0.197328374847 	0.0188490285538 	0.100043306779 	0.16377324036 	0.0348468849103 	0.195553766411
4.74 	0 	1.02932330827 	0.197328374847 	0.0188490285538 	0.100043306779 	0.16377324036 	0.0348468849103 	0.195553766411
4.74 	0 	1.02030075188 	0.197328374847 	0.0188490285538 	0.100043306779 	0.16377324036 	0.0348468849103 	0.195553766411
4.74 	0 	1.01127819549 	0.223186056395 	0.0236860671695 	0.109958567312 	0.169138921675 	0.0392156040509 	0.204670573941
4.74 	0 	1.0022556391 	0.223186056395 	0.0236860671695 	0.109958567312 	0.169138921675 	0.0392156040509 	0.204670573941
4.74 	0 	0.993233082707 	0.223186056395 	0.0236860671695 	0.109958567312 	0.169138921675 	0.0392156040509 	0.204670573941
4.74 	0 	0.984210526316 	0.223186056395 	0.0236860671695 	0.109958567312 	0.169138921675 	0.0392156040509 	0.204670573941
4.74 	0 	0.975187969925 	0.231100479387 	0.0310692509884 	0.10648128028 	0.177372099575 	0.0371178549221 	0.19936741722
4.74 	0 	0.966165413534 	0.231100479387 	0.0310692509884 	0.10648128028 	0.177372099575 	0.0371178549221 	0.19936741722
4.74 	0 	0.957142857143 	0.231100479387 	0.0310692509884 	0.10648128028 	0.177372099575 	0.0371178549221 	0.19936741722
4.74 	0 	0.948120300752 	0.225181924104 	0.0280674710483 	0.101207532988 	0.188735225012 	0.0342701929851 	0.202742467197
4.74 	0 	0.939097744361 	0.225181924104 	0.0280674710483 	0.101207532988 	0.188735225012 	0.0342701929851 	0.202742467197
4.74 	0 	0.93007518797 	0.225181924104 	0.0280674710483 	0.101207532988 	0.188735225012 	0.0342701929851 	0.202742467197
4.74 	0 	0.921052631579 	0.225181924104 	0.0280674710483 	0.101207532988 	0.188735225012 	0.0342701929851 	0.202742467197
4.74 	0 	0.912030075188 	0.234952163623 	0.0173478494887 	0.105723071419 	0.197262699235 	0.0341017085625 	0.204254520047
4.74 	0 	0.903007518797 	0.234952163623 	0.0173478494887 	0.105723071419 	0.197262699235 	0.0341017085625 	0.204254520047
4.74 	0 	0.893984962406 	0.234952163623 	0.0173478494887 	0.105723071419 	0.197262699235 	0.0341017085625 	0.204254520047
4.74 	0 	0.884962406015 	0.231734776702 	0.0188882878672 	0.105265691058 	0.18975680878 	0.0324993682545 	0.198985390543
4.74 	0 	0.875939849624 	0.231734776702 	0.0188882878672 	0.105265691058 	0.18975680878 	0.0324993682545 	0.198985390543
4.74 	0 	0.866917293233 	0.231734776702 	0.0188882878672 	0.105265691058 	0.18975680878 	0.0324993682545 	0.198985390543
4.74 	0 	0.857894736842 	0.231734776702 	0.0188882878672 	0.105265691058 	0.18975680878 	0.0324993682545 	0.198985390543
4.74 	0 	0.848872180451 	0.211745055177 	0.0247172557432 	0.0906027571564 	0.173010306275 	0.0350838325967 	0.18718347561
4.74 	0 	0.83984962406 	0.205639963244 	0.0241410369194 	0.0827838129698 	0.180570013796 	0.0336320468292 	0.180293535648
4.74 	0 	0.830827067669 	0.205639963244 	0.0241410369194 	0.0827838129698 	0.180570013796 	0.0336320468292 	0.180293535648
4.74 	0 	0.821804511278 	0.182473414973 	0.0292067762026 	0.0760442700472 	0.177314325655 	0.0247330199312 	0.169931849327
4.74 	0 	0.812781954887 	0.182473414973 	0.0292067762026 	0.0760442700472 	0.177314325655 	0.0247330199312 	0.169931849327
4.74 	0 	0.803759398496 	0.182473414973 	0.0292067762026 	0.0760442700472 	0.177314325655 	0.0247330199312 	0.169931849327
4.74 	0 	0.794736842105 	0.182473414973 	0.0292067762026 	0.0760442700472 	0.177314325655 	0.0247330199312 	0.169931849327
4.74 	0 	0.785714285714 	0.172514280299 	0.0215908063239 	0.0732742782465 	0.169419846348 	0.0147681394807 	0.16131062293
4.74 	0 	0.776691729323 	0.172514280299 	0.0215908063239 	0.0732742782465 	0.169419846348 	0.0147681394807 	0.16131062293
4.74 	0 	0.767669172932 	0.172514280299 	0.0215908063239 	0.0732742782465 	0.169419846348 	0.0147681394807 	0.16131062293
4.74 	0 	0.758646616541 	0.164353125767 	0.0174551427877 	0.0622672404734 	0.160553129849 	0.0111951033517 	0.147828506831
4.74 	0 	0.74962406015 	0.164353125767 	0.0174551427877 	0.0622672404734 	0.160553129849 	0.0111951033517 	0.147828506831
4.74 	0 	0.740601503759 	0.164353125767 	0.0174551427877 	0.0622672404734 	0.160553129849 	0.0111951033517 	0.147828506831
4.74 	0 	0.731578947368 	0.164353125767 	0.0174551427877 	0.0622672404734 	0.160553129849 	0.0111951033517 	0.147828506831
4.74 	0 	0.722556390977 	0.147452903016 	0.0136092804212 	0.0538733478549 	0.142876295254 	0.0123422905993 	0.131381824965
4.74 	0 	0.713533834586 	0.147452903016 	0.0136092804212 	0.0538733478549 	0.142876295254 	0.0123422905993 	0.131381824965
4.74 	0 	0.704511278195 	0.147452903016 	0.0136092804212 	0.0538733478549 	0.142876295254 	0.0123422905993 	0.131381824965
4.74 	0 	0.695488721804 	0.141948890255 	0.00989636512426 	0.0467860099721 	0.119606857084 	0.0158337620213 	0.115906354638
4.74 	0 	0.686466165414 	0.141948890255 	0.00989636512426 	0.0467860099721 	0.119606857084 	0.0158337620213 	0.115906354638
4.74 	0 	0.677443609023 	0.141948890255 	0.00989636512426 	0.0467860099721 	0.119606857084 	0.0158337620213 	0.115906354638
4.74 	0 	0.668421052632 	0.141948890255 	0.00989636512426 	0.0467860099721 	0.119606857084 	0.0158337620213 	0.115906354638
4.74 	0 	0.659398496241 	0.129290666713 	0.00870066718192 	0.0415818329931 	0.11228072037 	0.013360193001 	0.10754178484
4.74 	0 	0.65037593985 	0.129290666713 	0.00870066718192 	0.0415818329931 	0.11228072037 	0.013360193001 	0.10754178484
4.74 	0 	0.641353383459 	0.129290666713 	0.00870066718192 	0.0415818329931 	0.11228072037 	0.013360193001 	0.10754178484
4.74 	0 	0.632330827068 	0.114244354859 	0.00496304638114 	0.0354780281429 	0.0975831177369 	0.0104254226449 	0.0976523951558
4.74 	0 	0.623308270677 	0.114244354859 	0.00496304638114 	0.0354780281429 	0.0975831177369 	0.0104254226449 	0.0976523951558
4.74 	0 	0.614285714286 	0.114244354859 	0.00496304638114 	0.0354780281429 	0.0975831177369 	0.0104254226449 	0.0976523951558
4.74 	0 	0.605263157895 	0.114244354859 	0.00496304638114 	0.0354780281429 	0.0975831177369 	0.0104254226449 	0.0976523951558
4.74 	0 	0.596240601504 	0.102961087295 	0.00499766535003 	0.0275131287768 	0.0867596066045 	0.00347846922096 	0.0889959526702
4.74 	0 	0.587218045113 	0.102961087295 	0.00499766535003 	0.0275131287768 	0.0867596066045 	0.00347846922096 	0.0889959526702
4.74 	0 	0.578195488722 	0.102961087295 	0.00499766535003 	0.0275131287768 	0.0867596066045 	0.00347846922096 	0.0889959526702
4.74 	0 	0.569172932331 	0.101443364571 	0.00594059923871 	0.0207168895713 	0.0770128921579 	0.00455912931745 	0.0731417519864
4.74 	0 	0.56015037594 	0.101443364571 	0.00594059923871 	0.0207168895713 	0.0770128921579 	0.00455912931745 	0.0731417519864
4.74 	0 	0.551127819549 	0.101443364571 	0.00594059923871 	0.0207168895713 	0.0770128921579 	0.00455912931745 	0.0731417519864
4.74 	0 	0.542105263158 	0.101443364571 	0.00594059923871 	0.0207168895713 	0.0770128921579 	0.00455912931745 	0.0731417519864
4.74 	0 	0.533082706767 	0.0963956389523 	0.00421651988488 	0.0161279260703 	0.0618813770777 	0.00373337298626 	0.0665982359935
4.74 	0 	0.524060150376 	0.0963956389523 	0.00421651988488 	0.0161279260703 	0.0618813770777 	0.00373337298626 	0.0665982359935
4.74 	0 	0.515037593985 	0.0963956389523 	0.00421651988488 	0.0161279260703 	0.0618813770777 	0.00373337298626 	0.0665982359935
4.74 	0 	0.506015037594 	0.0968827907133 	0.00375863783547 	0.0116939263933 	0.0569243726293 	0.00266169188902 	0.0581355391171
4.74 	0 	0.496992481203 	0.0968827907133 	0.00375863783547 	0.0116939263933 	0.0569243726293 	0.00266169188902 	0.0581355391171
4.74 	0 	0.487969924812 	0.0968827907133 	0.00375863783547 	0.0116939263933 	0.0569243726293 	0.00266169188902 	0.0581355391171
4.74 	0 	0.478947368421 	0.0968827907133 	0.00375863783547 	0.0116939263933 	0.0569243726293 	0.00266169188902 	0.0581355391171
4.74 	0 	0.46992481203 	0.0927933691032 	0.00371622454277 	0.00747118836888 	0.048081276412 	-0.000411647098417 	0.0506031720318
4.74 	0 	0.460902255639 	0.0927933691032 	0.00371622454277 	0.00747118836888 	0.048081276412 	-0.000411647098417 	0.0506031720318
4.74 	0 	0.451879699248 	0.0927933691032 	0.00371622454277 	0.00747118836888 	0.048081276412 	-0.000411647098417 	0.0506031720318
4.74 	0 	0.442857142857 	0.0892818145053 	0.000585976452441 	0.000619358544087 	0.0464693907567 	-0.00215190503004 	0.0461778457429
4.74 	0 	0.433834586466 	0.0892818145053 	0.000585976452441 	0.000619358544087 	0.0464693907567 	-0.00215190503004 	0.0461778457429
4.74 	0 	0.424812030075 	0.0892818145053 	0.000585976452441 	0.000619358544087 	0.0464693907567 	-0.00215190503004 	0.0461778457429
4.74 	0 	0.415789473684 	0.0892818145053 	0.000585976452441 	0.000619358544087 	0.0464693907567 	-0.00215190503004 	0.0461778457429
4.74 	0 	0.406766917293 	0.0997899166152 	-0.00361846471666 	-0.00539455474019 	0.0477285799426 	-0.00272373599243 	0.0420607979772
4.74 	0 	0.397744360902 	0.0997899166152 	-0.00361846471666 	-0.00539455474019 	0.0477285799426 	-0.00272373599243 	0.0420607979772
4.74 	0 	0.388721804511 	0.0997899166152 	-0.00361846471666 	-0.00539455474019 	0.0477285799426 	-0.00272373599243 	0.0420607979772
4.74 	0 	0.37969924812 	0.109882221551 	-0.00106182754199 	-0.0102565225277 	0.049152320151 	-0.00272573597225 	0.0367714533391
4.74 	0 	0.370676691729 	0.109882221551 	-0.00106182754199 	-0.0102565225277 	0.049152320151 	-0.00272573597225 	0.0367714533391
4.74 	0 	0.361654135338 	0.107938093275 	-0.00188234657916 	-0.0110560002138 	0.0515778191291 	-0.00379839961184 	0.0380850445581
4.74 	0 	0.352631578947 	0.107938093275 	-0.00188234657916 	-0.0110560002138 	0.0515778191291 	-0.00379839961184 	0.0380850445581
4.74 	0 	0.343609022556 	0.121625623343 	-0.000263942462472 	-0.0167747976727 	0.0542125571803 	-0.00265784285932 	0.0365066212874
4.74 	0 	0.334586466165 	0.121625623343 	-0.000263942462472 	-0.0167747976727 	0.0542125571803 	-0.00265784285932 	0.0365066212874
4.74 	0 	0.325563909774 	0.121625623343 	-0.000263942462472 	-0.0167747976727 	0.0542125571803 	-0.00265784285932 	0.0365066212874
4.74 	0 	0.316541353383 	0.149894578892 	-0.00258128985536 	-0.0219575531084 	0.0602547020082 	-2.63329152675e-05 	0.0337417446213
4.74 	0 	0.307518796992 	0.149894578892 	-0.00258128985536 	-0.0219575531084 	0.0602547020082 	-2.63329152675e-05 	0.0337417446213
4.74 	0 	0.298496240601 	0.149894578892 	-0.00258128985536 	-0.0219575531084 	0.0602547020082 	-2.63329152675e-05 	0.0337417446213
4.74 	0 	0.289473684211 	0.149894578892 	-0.00258128985536 	-0.0219575531084 	0.0602547020082 	-2.63329152675e-05 	0.0337417446213
4.74 	0 	0.28045112782 	0.179578304808 	-0.00231329897147 	-0.0291449219759 	0.0618473206807 	0.00209649045701 	0.0395220692387
4.74 	0 	0.271428571429 	0.179578304808 	-0.00231329897147 	-0.0291449219759 	0.0618473206807 	0.00209649045701 	0.0395220692387
4.74 	0 	0.262406015038 	0.179578304808 	-0.00231329897147 	-0.0291449219759 	0.0618473206807 	0.00209649045701 	0.0395220692387
4.74 	0 	0.253383458647 	0.179578304808 	-0.00231329897147 	-0.0291449219759 	0.0618473206807 	0.00209649045701 	0.0395220692387
4.74 	0 	0.244360902256 	0.222415329553 	0.00259108703304 	-0.0396119091096 	0.0794950765675 	0.00230115696636 	0.0421426246043
4.74 	0 	0.235338345865 	0.222415329553 	0.00259108703304 	-0.0396119091096 	0.0794950765675 	0.00230115696636 	0.0421426246043
4.74 	0 	0.226315789474 	0.222415329553 	0.00259108703304 	-0.0396119091096 	0.0794950765675 	0.00230115696636 	0.0421426246043
4.74 	0 	0.217293233083 	0.222415329553 	0.00259108703304 	-0.0396119091096 	0.0794950765675 	0.00230115696636 	0.0421426246043
4.74 	0 	0.208270676692 	0.222415329553 	0.00259108703304 	-0.0396119091096 	0.0794950765675 	0.00230115696636 	0.0421426246043
4.74 	0 	0.199248120301 	0.222415329553 	0.00259108703304 	-0.0396119091096 	0.0794950765675 	0.00230115696636 	0.0421426246043
4.74 	0 	0.19022556391 	0.222415329553 	0.00259108703304 	-0.0396119091096 	0.0794950765675 	0.00230115696636 	0.0421426246043
4.74 	0 	0.181203007519 	0.265605462548 	-0.00836459844848 	-0.0524628341688 	0.100164433734 	0.00730959367537 	0.0466030973445
4.74 	0 	0.172180451128 	0.265605462548 	-0.00836459844848 	-0.0524628341688 	0.100164433734 	0.00730959367537 	0.0466030973445
4.74 	0 	0.163157894737 	0.265605462548 	-0.00836459844848 	-0.0524628341688 	0.100164433734 	0.00730959367537 	0.0466030973445
4.74 	0 	0.154135338346 	0.265605462548 	-0.00836459844848 	-0.0524628341688 	0.100164433734 	0.00730959367537 	0.0466030973445
4.74 	0 	0.145112781955 	0.265605462548 	-0.00836459844848 	-0.0524628341688 	0.100164433734 	0.00730959367537 	0.0466030973445
4.74 	0 	0.136090225564 	0.236808626464 	-0.00603960796511 	-0.0449983908866 	0.0966558057887 	0.00271804248585 	0.0424827016416
4.74 	0 	0.127067669173 	0.236808626464 	-0.00603960796511 	-0.0449983908866 	0.0966558057887 	0.00271804248585 	0.0424827016416
4.74 	0 	0.118045112782 	0.266782564561 	-0.0207759153487 	-0.0439237910498 	0.104895976413 	0.00523245930896 	0.0238067357151
4.74 	0 	0.109022556391 	0.266782564561 	-0.0207759153487 	-0.0439237910498 	0.104895976413 	0.00523245930896 	0.0238067357151
4.74 	0 	0.1 	0.266782564561 	-0.0207759153487 	-0.0439237910498 	0.104895976413 	0.00523245930896 	0.0238067357151
