2.37 	0 	3.7 	0.00015916930829 	3.75499107946e-06 	1.64642027115e-06 	4.28337479881e-05 	1.16897046911e-05 	2.37282806905e-05
2.37 	0 	3.69097744361 	0.00015916930829 	3.75499107946e-06 	1.64642027115e-06 	4.28337479881e-05 	1.16897046911e-05 	2.37282806905e-05
2.37 	0 	3.68195488722 	0.00015916930829 	3.75499107946e-06 	1.64642027115e-06 	4.28337479881e-05 	1.16897046911e-05 	2.37282806905e-05
2.37 	0 	3.67293233083 	0.000357893517911 	2.24199672925e-05 	-3.19745263133e-05 	3.93461350413e-05 	3.46904692774e-06 	2.55254000582e-05
2.37 	0 	3.66390977444 	0.000357893517911 	2.24199672925e-05 	-3.19745263133e-05 	3.93461350413e-05 	3.46904692774e-06 	2.55254000582e-05
2.37 	0 	3.65488721805 	0.000357893517911 	2.24199672925e-05 	-3.19745263133e-05 	3.93461350413e-05 	3.46904692774e-06 	2.55254000582e-05
2.37 	0 	3.64586466165 	0.000357893517911 	2.24199672925e-05 	-3.19745263133e-05 	3.93461350413e-05 	3.46904692774e-06 	2.55254000582e-05
2.37 	0 	3.63684210526 	0.000259334565122 	-3.22969405743e-06 	4.35295401281e-06 	6.68090514164e-05 	-1.98553879033e-05 	9.9883025859e-05
2.37 	0 	3.62781954887 	0.000259334565122 	-3.22969405743e-06 	4.35295401281e-06 	6.68090514164e-05 	-1.98553879033e-05 	9.9883025859e-05
2.37 	0 	3.61879699248 	0.000259334565122 	-3.22969405743e-06 	4.35295401281e-06 	6.68090514164e-05 	-1.98553879033e-05 	9.9883025859e-05
2.37 	0 	3.60977443609 	0.000378590432808 	-8.16751597967e-05 	-5.3570679006e-05 	0.000193879741099 	0.0001202772115 	0.000219086805277
2.37 	0 	3.6007518797 	0.000378590432808 	-8.16751597967e-05 	-5.3570679006e-05 	0.000193879741099 	0.0001202772115 	0.000219086805277
2.37 	0 	3.59172932331 	0.000378590432808 	-8.16751597967e-05 	-5.3570679006e-05 	0.000193879741099 	0.0001202772115 	0.000219086805277
2.37 	0 	3.58270676692 	0.000378590432808 	-8.16751597967e-05 	-5.3570679006e-05 	0.000193879741099 	0.0001202772115 	0.000219086805277
2.37 	0 	3.57368421053 	0.000467142034287 	-0.000161980599709 	-0.000157202663064 	0.000280191572815 	0.0001583421376 	0.000382591775769
2.37 	0 	3.56466165414 	0.000467142034287 	-0.000161980599709 	-0.000157202663064 	0.000280191572815 	0.0001583421376 	0.000382591775769
2.37 	0 	3.55563909774 	0.000467142034287 	-0.000161980599709 	-0.000157202663064 	0.000280191572815 	0.0001583421376 	0.000382591775769
2.37 	0 	3.54661654135 	0.000455781356838 	-8.63574027497e-05 	-6.38211219044e-06 	0.00014177839975 	2.21343112422e-05 	0.000445677745383
2.37 	0 	3.53759398496 	0.000455781356838 	-8.63574027497e-05 	-6.38211219044e-06 	0.00014177839975 	2.21343112422e-05 	0.000445677745383
2.37 	0 	3.52857142857 	0.000455781356838 	-8.63574027497e-05 	-6.38211219044e-06 	0.00014177839975 	2.21343112422e-05 	0.000445677745383
2.37 	0 	3.51954887218 	0.000455781356838 	-8.63574027497e-05 	-6.38211219044e-06 	0.00014177839975 	2.21343112422e-05 	0.000445677745383
2.37 	0 	3.51052631579 	0.00179655650444 	-0.000109799158737 	-0.000337796929642 	0.000122872058308 	1.96629179351e-05 	0.000266281477476
2.37 	0 	3.5015037594 	0.00179655650444 	-0.000109799158737 	-0.000337796929642 	0.000122872058308 	1.96629179351e-05 	0.000266281477476
2.37 	0 	3.49248120301 	0.00179655650444 	-0.000109799158737 	-0.000337796929642 	0.000122872058308 	1.96629179351e-05 	0.000266281477476
2.37 	0 	3.48345864662 	0.00179655650444 	-0.000109799158737 	-0.000337796929642 	0.000122872058308 	1.96629179351e-05 	0.000266281477476
2.37 	0 	3.47443609023 	0.00251042352217 	-0.000357202260143 	-0.000295114430511 	0.000238097378973 	0.000507581117389 	0.00412656660792
2.37 	0 	3.46541353383 	0.00251042352217 	-0.000357202260143 	-0.000295114430511 	0.000238097378973 	0.000507581117389 	0.00412656660792
2.37 	0 	3.45639097744 	0.00251042352217 	-0.000357202260143 	-0.000295114430511 	0.000238097378973 	0.000507581117389 	0.00412656660792
2.37 	0 	3.44736842105 	0.00388769767789 	1.67264859152e-06 	0.000253318346261 	0.00129669992108 	0.00138719829363 	0.00246806389355
2.37 	0 	3.43834586466 	0.00388769767789 	1.67264859152e-06 	0.000253318346261 	0.00129669992108 	0.00138719829363 	0.00246806389355
2.37 	0 	3.42932330827 	0.00388769767789 	1.67264859152e-06 	0.000253318346261 	0.00129669992108 	0.00138719829363 	0.00246806389355
2.37 	0 	3.42030075188 	0.00388769767789 	1.67264859152e-06 	0.000253318346261 	0.00129669992108 	0.00138719829363 	0.00246806389355
2.37 	0 	3.41127819549 	0.00470504454889 	-0.00423204263552 	-0.000362481474416 	0.00982702160809 	0.00190738580366 	0.00137013050133
2.37 	0 	3.4022556391 	0.00470504454889 	-0.00423204263552 	-0.000362481474416 	0.00982702160809 	0.00190738580366 	0.00137013050133
2.37 	0 	3.39323308271 	0.00470504454889 	-0.00423204263552 	-0.000362481474416 	0.00982702160809 	0.00190738580366 	0.00137013050133
2.37 	0 	3.38421052632 	0.00198675954534 	-5.4954481601e-05 	-2.9510619165e-06 	0.000269920759151 	-2.55926766723e-05 	0.000286099408759
2.37 	0 	3.37518796992 	0.00198675954534 	-5.4954481601e-05 	-2.9510619165e-06 	0.000269920759151 	-2.55926766723e-05 	0.000286099408759
2.37 	0 	3.36616541353 	0.00198675954534 	-5.4954481601e-05 	-2.9510619165e-06 	0.000269920759151 	-2.55926766723e-05 	0.000286099408759
2.37 	0 	3.35714285714 	0.00198675954534 	-5.4954481601e-05 	-2.9510619165e-06 	0.000269920759151 	-2.55926766723e-05 	0.000286099408759
2.37 	0 	3.34812030075 	0.0038338750298 	-2.37917486625e-05 	-0.000125861060251 	0.000117302113483 	2.01777899139e-05 	0.000118984853906
2.37 	0 	3.33909774436 	0.0038338750298 	-2.37917486625e-05 	-0.000125861060251 	0.000117302113483 	2.01777899139e-05 	0.000118984853906
2.37 	0 	3.33007518797 	0.0038338750298 	-2.37917486625e-05 	-0.000125861060251 	0.000117302113483 	2.01777899139e-05 	0.000118984853906
2.37 	0 	3.32105263158 	0.00286335269344 	0.000155629278454 	-4.01794961115e-05 	0.000152035772077 	2.24596613988e-05 	5.12037357871e-05
2.37 	0 	3.31203007519 	0.00286335269344 	0.000155629278454 	-4.01794961115e-05 	0.000152035772077 	2.24596613988e-05 	5.12037357871e-05
2.37 	0 	3.3030075188 	0.00286335269344 	0.000155629278454 	-4.01794961115e-05 	0.000152035772077 	2.24596613988e-05 	5.12037357871e-05
2.37 	0 	3.29398496241 	0.00286335269344 	0.000155629278454 	-4.01794961115e-05 	0.000152035772077 	2.24596613988e-05 	5.12037357871e-05
2.37 	0 	3.28496240602 	0.00267931474897 	0.000149647555613 	2.75030683067e-05 	0.000136180277792 	2.34891209132e-05 	4.58011544615e-05
2.37 	0 	3.27593984962 	0.00267931474897 	0.000149647555613 	2.75030683067e-05 	0.000136180277792 	2.34891209132e-05 	4.58011544615e-05
2.37 	0 	3.26691729323 	0.00267931474897 	0.000149647555613 	2.75030683067e-05 	0.000136180277792 	2.34891209132e-05 	4.58011544615e-05
2.37 	0 	3.25789473684 	0.00303041151451 	0.000242623971971 	2.44419551602e-05 	0.000148771584917 	2.49004742929e-05 	5.86025402727e-05
2.37 	0 	3.24887218045 	0.00303041151451 	0.000242623971971 	2.44419551602e-05 	0.000148771584917 	2.49004742929e-05 	5.86025402727e-05
2.37 	0 	3.23984962406 	0.00303041151451 	0.000242623971971 	2.44419551602e-05 	0.000148771584917 	2.49004742929e-05 	5.86025402727e-05
2.37 	0 	3.23082706767 	0.00303041151451 	0.000242623971971 	2.44419551602e-05 	0.000148771584917 	2.49004742929e-05 	5.86025402727e-05
2.37 	0 	3.22180451128 	0.00143858028544 	0.000204319193055 	2.45159811286e-06 	0.000154370277837 	3.05325943678e-05 	7.3685635984e-05
2.37 	0 	3.21278195489 	0.00143858028544 	0.000204319193055 	2.45159811286e-06 	0.000154370277837 	3.05325943678e-05 	7.3685635984e-05
2.37 	0 	3.2037593985 	0.00143858028544 	0.000204319193055 	2.45159811286e-06 	0.000154370277837 	3.05325943678e-05 	7.3685635984e-05
2.37 	0 	3.19473684211 	0.00270038044463 	0.00030343051589 	9.51311343897e-05 	0.000159706917625 	5.30952867283e-05 	8.01327215468e-05
2.37 	0 	3.18571428571 	0.00270038044463 	0.00030343051589 	9.51311343897e-05 	0.000159706917625 	5.30952867283e-05 	8.01327215468e-05
2.37 	0 	3.17669172932 	0.00270038044463 	0.00030343051589 	9.51311343897e-05 	0.000159706917625 	5.30952867283e-05 	8.01327215468e-05
2.37 	0 	3.16766917293 	0.00270038044463 	0.00030343051589 	9.51311343897e-05 	0.000159706917625 	5.30952867283e-05 	8.01327215468e-05
2.37 	0 	3.15864661654 	0.00300039515925 	0.000173512420217 	0.000126334822384 	0.000155698700805 	5.32082035946e-05 	0.000121156928989
2.37 	0 	3.14962406015 	0.00300039515925 	0.000173512420217 	0.000126334822384 	0.000155698700805 	5.32082035946e-05 	0.000121156928989
2.37 	0 	3.14060150376 	0.00295923862229 	0.000186325252614 	0.000157569789506 	0.00015362354611 	5.49297205358e-05 	0.000139890371693
2.37 	0 	3.13157894737 	0.00270185844788 	0.000346167337344 	0.000171426868873 	0.000147935115718 	6.776669509e-05 	0.000150302665979
2.37 	0 	3.12255639098 	0.00270185844788 	0.000346167337344 	0.000171426868873 	0.000147935115718 	6.776669509e-05 	0.000150302665979
2.37 	0 	3.11353383459 	0.00270185844788 	0.000346167337344 	0.000171426868873 	0.000147935115718 	6.776669509e-05 	0.000150302665979
2.37 	0 	3.1045112782 	0.00270185844788 	0.000346167337344 	0.000171426868873 	0.000147935115718 	6.776669509e-05 	0.000150302665979
2.37 	0 	3.0954887218 	0.00177541312577 	0.000347271861953 	0.000220337254208 	0.000172774120205 	0.000100082874719 	0.000182875066699
2.37 	0 	3.08646616541 	0.00177541312577 	0.000347271861953 	0.000220337254208 	0.000172774120205 	0.000100082874719 	0.000182875066699
2.37 	0 	3.07744360902 	0.00177541312577 	0.000347271861953 	0.000220337254208 	0.000172774120205 	0.000100082874719 	0.000182875066699
2.37 	0 	3.06842105263 	0.00275911865057 	0.000357906328645 	0.000301036427391 	0.000174482263173 	0.000105420978347 	0.000208794897064
2.37 	0 	3.05939849624 	0.00275911865057 	0.000357906328645 	0.000301036427391 	0.000174482263173 	0.000105420978347 	0.000208794897064
2.37 	0 	3.05037593985 	0.00275911865057 	0.000357906328645 	0.000301036427391 	0.000174482263173 	0.000105420978347 	0.000208794897064
2.37 	0 	3.04135338346 	0.00275911865057 	0.000357906328645 	0.000301036427391 	0.000174482263173 	0.000105420978347 	0.000208794897064
2.37 	0 	3.03233082707 	0.00311396569799 	0.00047077907689 	0.000435953238511 	0.00019162174047 	0.000142864535833 	0.000255052446996
2.37 	0 	3.02330827068 	0.00311396569799 	0.00047077907689 	0.000435953238511 	0.00019162174047 	0.000142864535833 	0.000255052446996
2.37 	0 	3.01428571429 	0.00311396569799 	0.00047077907689 	0.000435953238511 	0.00019162174047 	0.000142864535833 	0.000255052446996
2.37 	0 	3.00526315789 	0.00187650766054 	0.00043343637435 	0.000361400191124 	0.00022668850959 	0.000172880073831 	0.000267195335137
2.37 	0 	2.9962406015 	0.00187650766054 	0.00043343637435 	0.000361400191124 	0.00022668850959 	0.000172880073831 	0.000267195335137
2.37 	0 	2.98721804511 	0.00187650766054 	0.00043343637435 	0.000361400191124 	0.00022668850959 	0.000172880073831 	0.000267195335137
2.37 	0 	2.97819548872 	0.00187650766054 	0.00043343637435 	0.000361400191124 	0.00022668850959 	0.000172880073831 	0.000267195335137
2.37 	0 	2.96917293233 	0.0023638630829 	0.000465584456035 	0.000416760154023 	0.000250598301904 	0.000178180064703 	0.000285192558947
2.37 	0 	2.96015037594 	0.0023638630829 	0.000465584456035 	0.000416760154023 	0.000250598301904 	0.000178180064703 	0.000285192558947
2.37 	0 	2.95112781955 	0.0023638630829 	0.000465584456035 	0.000416760154023 	0.000250598301904 	0.000178180064703 	0.000285192558947
2.37 	0 	2.94210526316 	0.00329473061248 	0.000614576940887 	0.000734487659876 	0.000274247044917 	0.000226724997425 	0.000376945660567
2.37 	0 	2.93308270677 	0.00374991438375 	0.000678727477057 	0.00078197516758 	0.000267638192082 	0.000219164785346 	0.000352560696442
2.37 	0 	2.92406015038 	0.00374991438375 	0.000678727477057 	0.00078197516758 	0.000267638192082 	0.000219164785346 	0.000352560696442
2.37 	0 	2.91503759398 	0.00374991438375 	0.000678727477057 	0.00078197516758 	0.000267638192082 	0.000219164785346 	0.000352560696442
2.37 	0 	2.90601503759 	0.00177657225875 	0.000456876687783 	0.000343394883938 	0.000358517901671 	0.000193647770689 	0.000307108051177
2.37 	0 	2.8969924812 	0.00177657225875 	0.000456876687783 	0.000343394883938 	0.000358517901671 	0.000193647770689 	0.000307108051177
2.37 	0 	2.88796992481 	0.00177657225875 	0.000456876687783 	0.000343394883938 	0.000358517901671 	0.000193647770689 	0.000307108051177
2.37 	0 	2.87894736842 	0.00333083011877 	0.000631128064923 	0.000726096736889 	0.000321289954949 	0.000223140718 	0.000426315755654
2.37 	0 	2.86992481203 	0.00333083011877 	0.000631128064923 	0.000726096736889 	0.000321289954949 	0.000223140718 	0.000426315755654
2.37 	0 	2.86090225564 	0.00333083011877 	0.000631128064923 	0.000726096736889 	0.000321289954949 	0.000223140718 	0.000426315755654
2.37 	0 	2.85187969925 	0.00333083011877 	0.000631128064923 	0.000726096736889 	0.000321289954949 	0.000223140718 	0.000426315755654
2.37 	0 	2.84285714286 	0.00246703961912 	0.000577905495245 	0.000589437430116 	0.000489341437457 	0.00026579005352 	0.000590447218639
2.37 	0 	2.83383458647 	0.00246703961912 	0.000577905495245 	0.000589437430116 	0.000489341437457 	0.00026579005352 	0.000590447218639
2.37 	0 	2.82481203008 	0.00246703961912 	0.000577905495245 	0.000589437430116 	0.000489341437457 	0.00026579005352 	0.000590447218639
2.37 	0 	2.81578947368 	0.00166224045703 	0.000434938058358 	0.00015609056428 	0.000491916741723 	0.000233511965534 	0.000652586142168
2.37 	0 	2.80676691729 	0.00166224045703 	0.000434938058358 	0.00015609056428 	0.000491916741723 	0.000233511965534 	0.000652586142168
2.37 	0 	2.7977443609 	0.00166224045703 	0.000434938058358 	0.00015609056428 	0.000491916741723 	0.000233511965534 	0.000652586142168
2.37 	0 	2.78872180451 	0.00166224045703 	0.000434938058358 	0.00015609056428 	0.000491916741723 	0.000233511965534 	0.000652586142168
2.37 	0 	2.77969924812 	0.00128440664748 	0.000247679611247 	-3.43644672434e-05 	0.00080444356776 	0.000480607162122 	0.00109364037234
2.37 	0 	2.77067669173 	0.00128440664748 	0.000247679611247 	-3.43644672434e-05 	0.00080444356776 	0.000480607162122 	0.00109364037234
2.37 	0 	2.76165413534 	0.00128440664748 	0.000247679611247 	-3.43644672434e-05 	0.00080444356776 	0.000480607162122 	0.00109364037234
2.37 	0 	2.75263157895 	0.00157181764776 	-0.000506937578727 	-0.000521823381032 	0.00111344559368 	0.000611721133448 	0.000931876819668
2.37 	0 	2.74360902256 	0.00157181764776 	-0.000506937578727 	-0.000521823381032 	0.00111344559368 	0.000611721133448 	0.000931876819668
2.37 	0 	2.73458646617 	0.00157181764776 	-0.000506937578727 	-0.000521823381032 	0.00111344559368 	0.000611721133448 	0.000931876819668
2.37 	0 	2.72556390977 	0.00157181764776 	-0.000506937578727 	-0.000521823381032 	0.00111344559368 	0.000611721133448 	0.000931876819668
2.37 	0 	2.71654135338 	0.00319458328231 	-0.00151948204883 	-0.000943591344696 	0.0016994021434 	0.000860787256258 	0.00095097624046
2.37 	0 	2.70751879699 	0.00319458328231 	-0.00151948204883 	-0.000943591344696 	0.0016994021434 	0.000860787256258 	0.00095097624046
2.37 	0 	2.6984962406 	0.00319458328231 	-0.00151948204883 	-0.000943591344696 	0.0016994021434 	0.000860787256258 	0.00095097624046
2.37 	0 	2.68947368421 	0.0066004557605 	-0.00327021301757 	-0.00129633170866 	0.00260499308082 	0.00101566457529 	0.00101704410638
2.37 	0 	2.68045112782 	0.0066004557605 	-0.00327021301757 	-0.00129633170866 	0.00260499308082 	0.00101566457529 	0.00101704410638
2.37 	0 	2.67142857143 	0.0066004557605 	-0.00327021301757 	-0.00129633170866 	0.00260499308082 	0.00101566457529 	0.00101704410638
2.37 	0 	2.66240601504 	0.0066004557605 	-0.00327021301757 	-0.00129633170866 	0.00260499308082 	0.00101566457529 	0.00101704410638
2.37 	0 	2.65338345865 	0.0105574625921 	-0.00426304079857 	-0.00158297840815 	0.00324658949487 	0.000844520466383 	0.00120308662452
2.37 	0 	2.64436090226 	0.0105574625921 	-0.00426304079857 	-0.00158297840815 	0.00324658949487 	0.000844520466383 	0.00120308662452
2.37 	0 	2.63533834586 	0.0105574625921 	-0.00426304079857 	-0.00158297840815 	0.00324658949487 	0.000844520466383 	0.00120308662452
2.37 	0 	2.62631578947 	0.0191948077513 	-0.00421633872269 	-0.0018561284041 	0.0040024784001 	0.000345635875413 	0.00184368651529
2.37 	0 	2.61729323308 	0.0191948077513 	-0.00421633872269 	-0.0018561284041 	0.0040024784001 	0.000345635875413 	0.00184368651529
2.37 	0 	2.60827067669 	0.0191948077513 	-0.00421633872269 	-0.0018561284041 	0.0040024784001 	0.000345635875413 	0.00184368651529
2.37 	0 	2.5992481203 	0.0191948077513 	-0.00421633872269 	-0.0018561284041 	0.0040024784001 	0.000345635875413 	0.00184368651529
2.37 	0 	2.59022556391 	0.027637866545 	-0.00158988285069 	-0.00157110171197 	0.00590994740104 	-0.000286453805372 	0.0034750760048
2.37 	0 	2.58120300752 	0.027637866545 	-0.00158988285069 	-0.00157110171197 	0.00590994740104 	-0.000286453805372 	0.0034750760048
2.37 	0 	2.57218045113 	0.027637866545 	-0.00158988285069 	-0.00157110171197 	0.00590994740104 	-0.000286453805372 	0.0034750760048
2.37 	0 	2.56315789474 	0.0247541334614 	0.000907779578997 	0.000602641007109 	0.00882303585533 	-0.000158844011219 	0.00635068462884
2.37 	0 	2.55413533835 	0.0247541334614 	0.000907779578997 	0.000602641007109 	0.00882303585533 	-0.000158844011219 	0.00635068462884
2.37 	0 	2.54511278195 	0.0247541334614 	0.000907779578997 	0.000602641007109 	0.00882303585533 	-0.000158844011219 	0.00635068462884
2.37 	0 	2.53609022556 	0.0247541334614 	0.000907779578997 	0.000602641007109 	0.00882303585533 	-0.000158844011219 	0.00635068462884
2.37 	0 	2.52706766917 	0.028521633435 	0.00376529873748 	0.00161292616752 	0.00886323362495 	0.000397249551155 	0.00920695126146
2.37 	0 	2.51804511278 	0.028521633435 	0.00376529873748 	0.00161292616752 	0.00886323362495 	0.000397249551155 	0.00920695126146
2.37 	0 	2.50902255639 	0.028521633435 	0.00376529873748 	0.00161292616752 	0.00886323362495 	0.000397249551155 	0.00920695126146
2.37 	0 	2.5 	0.0575909500808 	0.00268705061636 	0.00341756042495 	0.0082181945882 	0.000521352384326 	0.00871341940451
2.37 	0 	2.49097744361 	0.0575909500808 	0.00268705061636 	0.00341756042495 	0.0082181945882 	0.000521352384326 	0.00871341940451
2.37 	0 	2.48195488722 	0.0575909500808 	0.00268705061636 	0.00341756042495 	0.0082181945882 	0.000521352384326 	0.00871341940451
2.37 	0 	2.47293233083 	0.0575909500808 	0.00268705061636 	0.00341756042495 	0.0082181945882 	0.000521352384326 	0.00871341940451
2.37 	0 	2.46390977444 	0.0813785297411 	-0.00932968319186 	0.00580402830199 	0.0112975536694 	0.00127561610623 	0.00811599914483
2.37 	0 	2.45488721805 	0.0813785297411 	-0.00932968319186 	0.00580402830199 	0.0112975536694 	0.00127561610623 	0.00811599914483
2.37 	0 	2.44586466165 	0.0813785297411 	-0.00932968319186 	0.00580402830199 	0.0112975536694 	0.00127561610623 	0.00811599914483
2.37 	0 	2.43684210526 	0.0972696916447 	-0.0199808291436 	0.0123940793856 	0.0178391710308 	0.000171197832987 	0.00780903978105
2.37 	0 	2.42781954887 	0.0972696916447 	-0.0199808291436 	0.0123940793856 	0.0178391710308 	0.000171197832987 	0.00780903978105
2.37 	0 	2.41879699248 	0.0972696916447 	-0.0199808291436 	0.0123940793856 	0.0178391710308 	0.000171197832987 	0.00780903978105
2.37 	0 	2.40977443609 	0.0972696916447 	-0.0199808291436 	0.0123940793856 	0.0178391710308 	0.000171197832987 	0.00780903978105
2.37 	0 	2.4007518797 	0.0755780342624 	-0.0271131989575 	0.0158110466499 	0.0265025932145 	-0.00488243267804 	0.00886518281074
2.37 	0 	2.39172932331 	0.0755780342624 	-0.0271131989575 	0.0158110466499 	0.0265025932145 	-0.00488243267804 	0.00886518281074
2.37 	0 	2.38270676692 	0.0755780342624 	-0.0271131989575 	0.0158110466499 	0.0265025932145 	-0.00488243267804 	0.00886518281074
2.37 	0 	2.37368421053 	0.0397971123472 	-0.0190149588657 	0.0150825344829 	0.0359718320108 	-0.00825645987089 	0.0133080084578
2.37 	0 	2.36466165414 	0.0397971123472 	-0.0190149588657 	0.0150825344829 	0.0359718320108 	-0.00825645987089 	0.0133080084578
2.37 	0 	2.35563909774 	0.0397971123472 	-0.0190149588657 	0.0150825344829 	0.0359718320108 	-0.00825645987089 	0.0133080084578
2.37 	0 	2.34661654135 	0.0397971123472 	-0.0190149588657 	0.0150825344829 	0.0359718320108 	-0.00825645987089 	0.0133080084578
2.37 	0 	2.33759398496 	0.0713321983237 	-0.00952844936522 	0.0254919223323 	0.0279280642705 	-0.00258137178027 	0.0224738091806
2.37 	0 	2.32857142857 	0.0713321983237 	-0.00952844936522 	0.0254919223323 	0.0279280642705 	-0.00258137178027 	0.0224738091806
2.37 	0 	2.31954887218 	0.0713321983237 	-0.00952844936522 	0.0254919223323 	0.0279280642705 	-0.00258137178027 	0.0224738091806
2.37 	0 	2.31052631579 	0.0512102282078 	0.000561344754445 	0.0121838736794 	0.0330462490349 	0.0037180260413 	0.0278979769063
2.37 	0 	2.3015037594 	0.0512102282078 	0.000561344754445 	0.0121838736794 	0.0330462490349 	0.0037180260413 	0.0278979769063
2.37 	0 	2.29248120301 	0.0512102282078 	0.000561344754445 	0.0121838736794 	0.0330462490349 	0.0037180260413 	0.0278979769063
2.37 	0 	2.28345864662 	0.0512102282078 	0.000561344754445 	0.0121838736794 	0.0330462490349 	0.0037180260413 	0.0278979769063
2.37 	0 	2.27443609023 	0.0438150842879 	-0.00208518755131 	-0.0179261657076 	0.0331121400816 	0.00471976569675 	0.0309932238392
2.37 	0 	2.26541353383 	0.0438150842879 	-0.00208518755131 	-0.0179261657076 	0.0331121400816 	0.00471976569675 	0.0309932238392
2.37 	0 	2.25639097744 	0.0438150842879 	-0.00208518755131 	-0.0179261657076 	0.0331121400816 	0.00471976569675 	0.0309932238392
2.37 	0 	2.24736842105 	0.0552016789407 	-0.00769711191559 	-0.0241380259085 	0.0291428106937 	0.00335845612527 	0.0398102866768
2.37 	0 	2.23834586466 	0.0552016789407 	-0.00769711191559 	-0.0241380259085 	0.0291428106937 	0.00335845612527 	0.0398102866768
2.37 	0 	2.22932330827 	0.0552016789407 	-0.00769711191559 	-0.0241380259085 	0.0291428106937 	0.00335845612527 	0.0398102866768
2.37 	0 	2.22030075188 	0.0552016789407 	-0.00769711191559 	-0.0241380259085 	0.0291428106937 	0.00335845612527 	0.0398102866768
2.37 	0 	2.21127819549 	0.0613693014138 	0.0052406292352 	-0.00180067285063 	0.0385761766236 	0.00618910724199 	0.0479896608883
2.37 	0 	2.2022556391 	0.0613693014138 	0.0052406292352 	-0.00180067285063 	0.0385761766236 	0.00618910724199 	0.0479896608883
2.37 	0 	2.19323308271 	0.0613693014138 	0.0052406292352 	-0.00180067285063 	0.0385761766236 	0.00618910724199 	0.0479896608883
2.37 	0 	2.18421052632 	0.111756923702 	0.040578356515 	0.0101930807416 	0.0441262393297 	0.00561807984644 	0.0378361030143
2.37 	0 	2.17518796992 	0.111756923702 	0.040578356515 	0.0101930807416 	0.0441262393297 	0.00561807984644 	0.0378361030143
2.37 	0 	2.16616541353 	0.111756923702 	0.040578356515 	0.0101930807416 	0.0441262393297 	0.00561807984644 	0.0378361030143
2.37 	0 	2.15714285714 	0.111756923702 	0.040578356515 	0.0101930807416 	0.0441262393297 	0.00561807984644 	0.0378361030143
2.37 	0 	2.14812030075 	0.131810923183 	0.0388326567825 	-0.0161949718539 	0.0617166833597 	-0.00770483230042 	0.0344971270568
2.37 	0 	2.13909774436 	0.131810923183 	0.0388326567825 	-0.0161949718539 	0.0617166833597 	-0.00770483230042 	0.0344971270568
2.37 	0 	2.13007518797 	0.131810923183 	0.0388326567825 	-0.0161949718539 	0.0617166833597 	-0.00770483230042 	0.0344971270568
2.37 	0 	2.12105263158 	0.210439686375 	0.026497902092 	-0.0314606210192 	0.0489801883313 	-0.00589801081707 	0.0318763604115
2.37 	0 	2.11203007519 	0.210439686375 	0.026497902092 	-0.0314606210192 	0.0489801883313 	-0.00589801081707 	0.0318763604115
2.37 	0 	2.1030075188 	0.210439686375 	0.026497902092 	-0.0314606210192 	0.0489801883313 	-0.00589801081707 	0.0318763604115
2.37 	0 	2.09398496241 	0.210439686375 	0.026497902092 	-0.0314606210192 	0.0489801883313 	-0.00589801081707 	0.0318763604115
2.37 	0 	2.08496240602 	0.319631881498 	0.0362609093967 	-0.0264063882515 	0.0492521107252 	-0.00406497634039 	0.0287458848111
2.37 	0 	2.07593984962 	0.319631881498 	0.0362609093967 	-0.0264063882515 	0.0492521107252 	-0.00406497634039 	0.0287458848111
2.37 	0 	2.06691729323 	0.319631881498 	0.0362609093967 	-0.0264063882515 	0.0492521107252 	-0.00406497634039 	0.0287458848111
2.37 	0 	2.05789473684 	0.306129501194 	0.0183122163711 	-0.00589065369613 	0.0561489286179 	0.00384330183795 	0.029485672032
2.37 	0 	2.04887218045 	0.306129501194 	0.0183122163711 	-0.00589065369613 	0.0561489286179 	0.00384330183795 	0.029485672032
2.37 	0 	2.03984962406 	0.306129501194 	0.0183122163711 	-0.00589065369613 	0.0561489286179 	0.00384330183795 	0.029485672032
2.37 	0 	2.03082706767 	0.306129501194 	0.0183122163711 	-0.00589065369613 	0.0561489286179 	0.00384330183795 	0.029485672032
2.37 	0 	2.02180451128 	0.19200960563 	0.00319885709583 	-0.00931664489589 	0.0584054997811 	0.00316791476269 	0.0282196224926
2.37 	0 	2.01278195489 	0.19200960563 	0.00319885709583 	-0.00931664489589 	0.0584054997811 	0.00316791476269 	0.0282196224926
2.37 	0 	2.0037593985 	0.19200960563 	0.00319885709583 	-0.00931664489589 	0.0584054997811 	0.00316791476269 	0.0282196224926
2.37 	0 	1.99473684211 	0.110924979719 	-0.00982428839408 	-0.00367107286328 	0.0556382779719 	0.00141747938758 	0.0309231853704
2.37 	0 	1.98571428571 	0.110924979719 	-0.00982428839408 	-0.00367107286328 	0.0556382779719 	0.00141747938758 	0.0309231853704
2.37 	0 	1.97669172932 	0.110924979719 	-0.00982428839408 	-0.00367107286328 	0.0556382779719 	0.00141747938758 	0.0309231853704
2.37 	0 	1.96766917293 	0.110924979719 	-0.00982428839408 	-0.00367107286328 	0.0556382779719 	0.00141747938758 	0.0309231853704
2.37 	0 	1.95864661654 	0.168828798841 	-0.0660843273625 	-0.0018357555212 	0.0683639584471 	0.0040139274305 	0.0249237269866
2.37 	0 	1.94962406015 	0.168828798841 	-0.0660843273625 	-0.0018357555212 	0.0683639584471 	0.0040139274305 	0.0249237269866
2.37 	0 	1.94060150376 	0.168828798841 	-0.0660843273625 	-0.0018357555212 	0.0683639584471 	0.0040139274305 	0.0249237269866
2.37 	0 	1.93157894737 	0.138876244391 	-0.0605592806652 	0.00278490930111 	0.0664121586142 	-0.00516756076726 	0.029564909476
2.37 	0 	1.92255639098 	0.138876244391 	-0.0605592806652 	0.00278490930111 	0.0664121586142 	-0.00516756076726 	0.029564909476
2.37 	0 	1.91353383459 	0.138876244391 	-0.0605592806652 	0.00278490930111 	0.0664121586142 	-0.00516756076726 	0.029564909476
2.37 	0 	1.9045112782 	0.138876244391 	-0.0605592806652 	0.00278490930111 	0.0664121586142 	-0.00516756076726 	0.029564909476
2.37 	0 	1.8954887218 	0.0942304339602 	-0.017811744715 	-0.00208974919698 	0.0641351437012 	-0.00792326619613 	0.0258478428858
2.37 	0 	1.88646616541 	0.0942304339602 	-0.017811744715 	-0.00208974919698 	0.0641351437012 	-0.00792326619613 	0.0258478428858
2.37 	0 	1.87744360902 	0.0942304339602 	-0.017811744715 	-0.00208974919698 	0.0641351437012 	-0.00792326619613 	0.0258478428858
2.37 	0 	1.86842105263 	0.0942304339602 	-0.017811744715 	-0.00208974919698 	0.0641351437012 	-0.00792326619613 	0.0258478428858
2.37 	0 	1.85939849624 	0.121822790863 	0.0272261410344 	-0.0274903091313 	0.0476949911923 	-0.0110509658247 	0.0256209464581
2.37 	0 	1.85037593985 	0.121822790863 	0.0272261410344 	-0.0274903091313 	0.0476949911923 	-0.0110509658247 	0.0256209464581
2.37 	0 	1.84135338346 	0.121822790863 	0.0272261410344 	-0.0274903091313 	0.0476949911923 	-0.0110509658247 	0.0256209464581
2.37 	0 	1.83233082707 	0.162450915473 	0.0304843198171 	-0.0263278777989 	0.0274885787825 	-0.00543780162874 	0.0156915691895
2.37 	0 	1.82330827068 	0.162450915473 	0.0304843198171 	-0.0263278777989 	0.0274885787825 	-0.00543780162874 	0.0156915691895
2.37 	0 	1.81428571429 	0.162450915473 	0.0304843198171 	-0.0263278777989 	0.0274885787825 	-0.00543780162874 	0.0156915691895
2.37 	0 	1.80526315789 	0.162450915473 	0.0304843198171 	-0.0263278777989 	0.0274885787825 	-0.00543780162874 	0.0156915691895
2.37 	0 	1.7962406015 	0.0792870190959 	0.0174574506454 	-0.0100735085522 	0.0149714083526 	-0.00203125456123 	0.0080936619642
2.37 	0 	1.78721804511 	0.0792870190959 	0.0174574506454 	-0.0100735085522 	0.0149714083526 	-0.00203125456123 	0.0080936619642
2.37 	0 	1.77819548872 	0.0792870190959 	0.0174574506454 	-0.0100735085522 	0.0149714083526 	-0.00203125456123 	0.0080936619642
2.37 	0 	1.76917293233 	0.0234195989066 	0.0019933033417 	-0.00251522076199 	0.00698715409176 	-0.000472773624533 	0.00486000694845
2.37 	0 	1.76015037594 	0.0234195989066 	0.0019933033417 	-0.00251522076199 	0.00698715409176 	-0.000472773624533 	0.00486000694845
2.37 	0 	1.75112781955 	0.0242633467979 	0.00287987212846 	-0.00355539608237 	0.00592848660598 	0.000336454024123 	0.00563489671945
2.37 	0 	1.74210526316 	0.0242633467979 	0.00287987212846 	-0.00355539608237 	0.00592848660598 	0.000336454024123 	0.00563489671945
2.37 	0 	1.73308270677 	0.0111596126814 	-0.000493565294229 	-3.58049142867e-05 	0.0048997987085 	0.0012742705697 	0.00482554625758
2.37 	0 	1.72406015038 	0.0111596126814 	-0.000493565294229 	-3.58049142867e-05 	0.0048997987085 	0.0012742705697 	0.00482554625758
2.37 	0 	1.71503759398 	0.0111596126814 	-0.000493565294229 	-3.58049142867e-05 	0.0048997987085 	0.0012742705697 	0.00482554625758
2.37 	0 	1.70601503759 	0.018859559939 	0.000751783564073 	0.00191738762612 	0.00543078887771 	0.00173890712946 	0.00489413799204
2.37 	0 	1.6969924812 	0.018859559939 	0.000751783564073 	0.00191738762612 	0.00543078887771 	0.00173890712946 	0.00489413799204
2.37 	0 	1.68796992481 	0.018859559939 	0.000751783564073 	0.00191738762612 	0.00543078887771 	0.00173890712946 	0.00489413799204
2.37 	0 	1.67894736842 	0.018859559939 	0.000751783564073 	0.00191738762612 	0.00543078887771 	0.00173890712946 	0.00489413799204
2.37 	0 	1.66992481203 	0.0323925490993 	0.00310872222587 	0.00441238861857 	0.0066524810377 	0.00180281007963 	0.0047666459248
2.37 	0 	1.66090225564 	0.0323925490993 	0.00310872222587 	0.00441238861857 	0.0066524810377 	0.00180281007963 	0.0047666459248
2.37 	0 	1.65187969925 	0.0323925490993 	0.00310872222587 	0.00441238861857 	0.0066524810377 	0.00180281007963 	0.0047666459248
2.37 	0 	1.64285714286 	0.0474421327631 	0.00139923598633 	0.00583289449388 	0.00666054774526 	0.0015281741389 	0.00486863512667
2.37 	0 	1.63383458647 	0.0474421327631 	0.00139923598633 	0.00583289449388 	0.00666054774526 	0.0015281741389 	0.00486863512667
2.37 	0 	1.62481203008 	0.0474421327631 	0.00139923598633 	0.00583289449388 	0.00666054774526 	0.0015281741389 	0.00486863512667
2.37 	0 	1.61578947368 	0.0474421327631 	0.00139923598633 	0.00583289449388 	0.00666054774526 	0.0015281741389 	0.00486863512667
2.37 	0 	1.60676691729 	0.035808542203 	-1.41406783262e-05 	0.00173537804602 	0.00668768737915 	0.00200848565377 	0.00473275816273
2.37 	0 	1.5977443609 	0.035808542203 	-1.41406783262e-05 	0.00173537804602 	0.00668768737915 	0.00200848565377 	0.00473275816273
2.37 	0 	1.58872180451 	0.035808542203 	-1.41406783262e-05 	0.00173537804602 	0.00668768737915 	0.00200848565377 	0.00473275816273
2.37 	0 	1.57969924812 	0.0181891264748 	0.000582620243375 	0.00111658985961 	0.00643395547628 	0.00164507550414 	0.00523014278236
2.37 	0 	1.57067669173 	0.0181891264748 	0.000582620243375 	0.00111658985961 	0.00643395547628 	0.00164507550414 	0.00523014278236
2.37 	0 	1.56165413534 	0.0181891264748 	0.000582620243375 	0.00111658985961 	0.00643395547628 	0.00164507550414 	0.00523014278236
2.37 	0 	1.55263157895 	0.0181891264748 	0.000582620243375 	0.00111658985961 	0.00643395547628 	0.00164507550414 	0.00523014278236
2.37 	0 	1.54360902256 	0.0165478093567 	-0.000612821914686 	0.000906471104305 	0.00553581213097 	0.00152229071975 	0.00554997909359
2.37 	0 	1.53458646617 	0.0165478093567 	-0.000612821914686 	0.000906471104305 	0.00553581213097 	0.00152229071975 	0.00554997909359
2.37 	0 	1.52556390977 	0.0165478093567 	-0.000612821914686 	0.000906471104305 	0.00553581213097 	0.00152229071975 	0.00554997909359
2.37 	0 	1.51654135338 	0.0160174256094 	-0.00148697255805 	-0.00174417110977 	0.00573814501764 	0.00155163970329 	0.00629445449924
2.37 	0 	1.50751879699 	0.0160174256094 	-0.00148697255805 	-0.00174417110977 	0.00573814501764 	0.00155163970329 	0.00629445449924
2.37 	0 	1.4984962406 	0.0160174256094 	-0.00148697255805 	-0.00174417110977 	0.00573814501764 	0.00155163970329 	0.00629445449924
2.37 	0 	1.48947368421 	0.0160174256094 	-0.00148697255805 	-0.00174417110977 	0.00573814501764 	0.00155163970329 	0.00629445449924
2.37 	0 	1.48045112782 	0.0194837786776 	-0.00389581157607 	-0.00298572862301 	0.00667577690677 	0.000335722872666 	0.00614224630298
2.37 	0 	1.47142857143 	0.0194837786776 	-0.00389581157607 	-0.00298572862301 	0.00667577690677 	0.000335722872666 	0.00614224630298
2.37 	0 	1.46240601504 	0.0194837786776 	-0.00389581157607 	-0.00298572862301 	0.00667577690677 	0.000335722872666 	0.00614224630298
2.37 	0 	1.45338345865 	0.0199000376049 	-0.00263379324347 	-0.00238843733774 	0.00658662243248 	-8.40894020875e-05 	0.00698223435341
2.37 	0 	1.44436090226 	0.0199000376049 	-0.00263379324347 	-0.00238843733774 	0.00658662243248 	-8.40894020875e-05 	0.00698223435341
2.37 	0 	1.43533834586 	0.0199000376049 	-0.00263379324347 	-0.00238843733774 	0.00658662243248 	-8.40894020875e-05 	0.00698223435341
2.37 	0 	1.42631578947 	0.0199000376049 	-0.00263379324347 	-0.00238843733774 	0.00658662243248 	-8.40894020875e-05 	0.00698223435341
2.37 	0 	1.41729323308 	0.0203828641403 	-0.00171396322578 	-0.00288831700538 	0.0073242557966 	-3.23448632487e-05 	0.00831456911634
2.37 	0 	1.40827067669 	0.0203828641403 	-0.00171396322578 	-0.00288831700538 	0.0073242557966 	-3.23448632487e-05 	0.00831456911634
2.37 	0 	1.3992481203 	0.0203828641403 	-0.00171396322578 	-0.00288831700538 	0.0073242557966 	-3.23448632487e-05 	0.00831456911634
2.37 	0 	1.39022556391 	0.0258846179022 	-0.00293070240361 	-0.00639474870351 	0.0086318289741 	0.000809972162891 	0.0113361763052
2.37 	0 	1.38120300752 	0.0258846179022 	-0.00293070240361 	-0.00639474870351 	0.0086318289741 	0.000809972162891 	0.0113361763052
2.37 	0 	1.37218045113 	0.0258846179022 	-0.00293070240361 	-0.00639474870351 	0.0086318289741 	0.000809972162891 	0.0113361763052
2.37 	0 	1.36315789474 	0.0258846179022 	-0.00293070240361 	-0.00639474870351 	0.0086318289741 	0.000809972162891 	0.0113361763052
2.37 	0 	1.35413533835 	0.0306354079641 	-0.00371285875132 	-0.00806335264549 	0.0104332701124 	0.00175575709094 	0.0133133478064
2.37 	0 	1.34511278195 	0.0306354079641 	-0.00371285875132 	-0.00806335264549 	0.0104332701124 	0.00175575709094 	0.0133133478064
2.37 	0 	1.33609022556 	0.0306354079641 	-0.00371285875132 	-0.00806335264549 	0.0104332701124 	0.00175575709094 	0.0133133478064
2.37 	0 	1.32706766917 	0.032071213227 	-0.00237331646887 	-0.00795814642437 	0.0116264375676 	0.00137099845557 	0.0139141965594
2.37 	0 	1.31804511278 	0.032071213227 	-0.00237331646887 	-0.00795814642437 	0.0116264375676 	0.00137099845557 	0.0139141965594
2.37 	0 	1.30902255639 	0.032071213227 	-0.00237331646887 	-0.00795814642437 	0.0116264375676 	0.00137099845557 	0.0139141965594
2.37 	0 	1.3 	0.032071213227 	-0.00237331646887 	-0.00795814642437 	0.0116264375676 	0.00137099845557 	0.0139141965594
2.37 	0 	1.29097744361 	0.035779126706 	-0.00353237791855 	-0.00949344980431 	0.0122617522509 	0.00213476109645 	0.0171073216789
2.37 	0 	1.28195488722 	0.035779126706 	-0.00353237791855 	-0.00949344980431 	0.0122617522509 	0.00213476109645 	0.0171073216789
2.37 	0 	1.27293233083 	0.0333753173964 	-0.00436192981028 	-0.00997574153617 	0.0120032124022 	0.00277167429596 	0.0156985534194
2.37 	0 	1.26390977444 	0.041994490469 	-0.00558909465225 	-0.0123554325437 	0.012692467533 	0.00306148424544 	0.0179311169298
2.37 	0 	1.25488721805 	0.041994490469 	-0.00558909465225 	-0.0123554325437 	0.012692467533 	0.00306148424544 	0.0179311169298
2.37 	0 	1.24586466165 	0.041994490469 	-0.00558909465225 	-0.0123554325437 	0.012692467533 	0.00306148424544 	0.0179311169298
2.37 	0 	1.23684210526 	0.041994490469 	-0.00558909465225 	-0.0123554325437 	0.012692467533 	0.00306148424544 	0.0179311169298
2.37 	0 	1.22781954887 	0.0405849861318 	-0.00471627902292 	-0.0104078431878 	0.0143686014611 	0.00400838470553 	0.0208730579294
2.37 	0 	1.21879699248 	0.0405849861318 	-0.00471627902292 	-0.0104078431878 	0.0143686014611 	0.00400838470553 	0.0208730579294
2.37 	0 	1.20977443609 	0.0405849861318 	-0.00471627902292 	-0.0104078431878 	0.0143686014611 	0.00400838470553 	0.0208730579294
2.37 	0 	1.2007518797 	0.0416100068888 	-0.00467943067869 	-0.0106090169285 	0.0146337449908 	0.00497413713491 	0.0243543720369
2.37 	0 	1.19172932331 	0.0416100068888 	-0.00467943067869 	-0.0106090169285 	0.0146337449908 	0.00497413713491 	0.0243543720369
2.37 	0 	1.18270676692 	0.0416100068888 	-0.00467943067869 	-0.0106090169285 	0.0146337449908 	0.00497413713491 	0.0243543720369
2.37 	0 	1.17368421053 	0.0416100068888 	-0.00467943067869 	-0.0106090169285 	0.0146337449908 	0.00497413713491 	0.0243543720369
2.37 	0 	1.16466165414 	0.0433902278517 	-0.00590295452177 	-0.0108681214508 	0.015768461404 	0.00553300650419 	0.0256914147202
2.37 	0 	1.15563909774 	0.0433902278517 	-0.00590295452177 	-0.0108681214508 	0.015768461404 	0.00553300650419 	0.0256914147202
2.37 	0 	1.14661654135 	0.0433902278517 	-0.00590295452177 	-0.0108681214508 	0.015768461404 	0.00553300650419 	0.0256914147202
2.37 	0 	1.13759398496 	0.0476320239772 	-0.00508773036334 	-0.00706400041357 	0.0181599859067 	0.00447801132519 	0.0309911699287
2.37 	0 	1.12857142857 	0.0476320239772 	-0.00508773036334 	-0.00706400041357 	0.0181599859067 	0.00447801132519 	0.0309911699287
2.37 	0 	1.11954887218 	0.0476320239772 	-0.00508773036334 	-0.00706400041357 	0.0181599859067 	0.00447801132519 	0.0309911699287
2.37 	0 	1.11052631579 	0.0476320239772 	-0.00508773036334 	-0.00706400041357 	0.0181599859067 	0.00447801132519 	0.0309911699287
2.37 	0 	1.1015037594 	0.0481821456265 	-0.00319435230708 	-0.0033248949541 	0.019733610791 	0.00527868725436 	0.0391473010379
2.37 	0 	1.09248120301 	0.0481821456265 	-0.00319435230708 	-0.0033248949541 	0.019733610791 	0.00527868725436 	0.0391473010379
2.37 	0 	1.08345864662 	0.0481821456265 	-0.00319435230708 	-0.0033248949541 	0.019733610791 	0.00527868725436 	0.0391473010379
2.37 	0 	1.07443609023 	0.0518570366246 	-0.00583224456161 	0.00330510274887 	0.0265565122992 	0.00435115691189 	0.0477574858813
2.37 	0 	1.06541353383 	0.0518570366246 	-0.00583224456161 	0.00330510274887 	0.0265565122992 	0.00435115691189 	0.0477574858813
2.37 	0 	1.05639097744 	0.0518570366246 	-0.00583224456161 	0.00330510274887 	0.0265565122992 	0.00435115691189 	0.0477574858813
2.37 	0 	1.04736842105 	0.0518570366246 	-0.00583224456161 	0.00330510274887 	0.0265565122992 	0.00435115691189 	0.0477574858813
2.37 	0 	1.03834586466 	0.0550154285188 	-0.00555912290603 	0.0073616904958 	0.0289098396872 	0.00645081286281 	0.0577963520019
2.37 	0 	1.02932330827 	0.0550154285188 	-0.00555912290603 	0.0073616904958 	0.0289098396872 	0.00645081286281 	0.0577963520019
2.37 	0 	1.02030075188 	0.0550154285188 	-0.00555912290603 	0.0073616904958 	0.0289098396872 	0.00645081286281 	0.0577963520019
2.37 	0 	1.01127819549 	0.0648959499674 	0.00241009973431 	0.0186199242526 	0.0370985740625 	0.00782372932486 	0.0727554833437
2.37 	0 	1.0022556391 	0.0648959499674 	0.00241009973431 	0.0186199242526 	0.0370985740625 	0.00782372932486 	0.0727554833437
2.37 	0 	0.993233082707 	0.0648959499674 	0.00241009973431 	0.0186199242526 	0.0370985740625 	0.00782372932486 	0.0727554833437
2.37 	0 	0.984210526316 	0.0648959499674 	0.00241009973431 	0.0186199242526 	0.0370985740625 	0.00782372932486 	0.0727554833437
2.37 	0 	0.975187969925 	0.0864668664707 	0.00753949460831 	0.03500819161 	0.0481114939463 	0.0104138192342 	0.0921188058486
2.37 	0 	0.966165413534 	0.0864668664707 	0.00753949460831 	0.03500819161 	0.0481114939463 	0.0104138192342 	0.0921188058486
2.37 	0 	0.957142857143 	0.0864668664707 	0.00753949460831 	0.03500819161 	0.0481114939463 	0.0104138192342 	0.0921188058486
2.37 	0 	0.948120300752 	0.122305372575 	0.0198644935279 	0.0577394018905 	0.0680397438099 	0.0192322608466 	0.110751917495
2.37 	0 	0.939097744361 	0.122305372575 	0.0198644935279 	0.0577394018905 	0.0680397438099 	0.0192322608466 	0.110751917495
2.37 	0 	0.93007518797 	0.122305372575 	0.0198644935279 	0.0577394018905 	0.0680397438099 	0.0192322608466 	0.110751917495
2.37 	0 	0.921052631579 	0.122305372575 	0.0198644935279 	0.0577394018905 	0.0680397438099 	0.0192322608466 	0.110751917495
2.37 	0 	0.912030075188 	0.135754239169 	0.0245161331314 	0.0692259392022 	0.0916910974594 	0.0257365639335 	0.131405869181
2.37 	0 	0.903007518797 	0.135754239169 	0.0245161331314 	0.0692259392022 	0.0916910974594 	0.0257365639335 	0.131405869181
2.37 	0 	0.893984962406 	0.135754239169 	0.0245161331314 	0.0692259392022 	0.0916910974594 	0.0257365639335 	0.131405869181
2.37 	0 	0.884962406015 	0.15897193946 	0.0372844599065 	0.0791780112011 	0.109397615096 	0.0378205937616 	0.137372891465
2.37 	0 	0.875939849624 	0.15897193946 	0.0372844599065 	0.0791780112011 	0.109397615096 	0.0378205937616 	0.137372891465
2.37 	0 	0.866917293233 	0.15897193946 	0.0372844599065 	0.0791780112011 	0.109397615096 	0.0378205937616 	0.137372891465
2.37 	0 	0.857894736842 	0.15897193946 	0.0372844599065 	0.0791780112011 	0.109397615096 	0.0378205937616 	0.137372891465
2.37 	0 	0.848872180451 	0.196045554664 	0.0432046737393 	0.101873162458 	0.116805041286 	0.0360785286393 	0.15178895057
2.37 	0 	0.83984962406 	0.196045554664 	0.0432046737393 	0.101873162458 	0.116805041286 	0.0360785286393 	0.15178895057
2.37 	0 	0.830827067669 	0.196045554664 	0.0432046737393 	0.101873162458 	0.116805041286 	0.0360785286393 	0.15178895057
2.37 	0 	0.821804511278 	0.218311742441 	0.0471565166376 	0.108366937325 	0.128409804955 	0.0368152729732 	0.153386576758
2.37 	0 	0.812781954887 	0.218311742441 	0.0471565166376 	0.108366937325 	0.128409804955 	0.0368152729732 	0.153386576758
2.37 	0 	0.803759398496 	0.218311742441 	0.0471565166376 	0.108366937325 	0.128409804955 	0.0368152729732 	0.153386576758
2.37 	0 	0.794736842105 	0.218311742441 	0.0471565166376 	0.108366937325 	0.128409804955 	0.0368152729732 	0.153386576758
2.37 	0 	0.785714285714 	0.232939362965 	0.0490076077781 	0.114876693255 	0.132001141145 	0.0335135314817 	0.152660183565
2.37 	0 	0.776691729323 	0.232939362965 	0.0490076077781 	0.114876693255 	0.132001141145 	0.0335135314817 	0.152660183565
2.37 	0 	0.767669172932 	0.232939362965 	0.0490076077781 	0.114876693255 	0.132001141145 	0.0335135314817 	0.152660183565
2.37 	0 	0.758646616541 	0.240938881416 	0.0487453287777 	0.112908251204 	0.132857188338 	0.0305650369296 	0.146727741743
2.37 	0 	0.74962406015 	0.240938881416 	0.0487453287777 	0.112908251204 	0.132857188338 	0.0305650369296 	0.146727741743
2.37 	0 	0.740601503759 	0.240938881416 	0.0487453287777 	0.112908251204 	0.132857188338 	0.0305650369296 	0.146727741743
2.37 	0 	0.731578947368 	0.240938881416 	0.0487453287777 	0.112908251204 	0.132857188338 	0.0305650369296 	0.146727741743
2.37 	0 	0.722556390977 	0.217428657733 	0.039196466861 	0.0956423758421 	0.134024841254 	0.028462124949 	0.135010716858
2.37 	0 	0.713533834586 	0.217428657733 	0.039196466861 	0.0956423758421 	0.134024841254 	0.028462124949 	0.135010716858
2.37 	0 	0.704511278195 	0.217428657733 	0.039196466861 	0.0956423758421 	0.134024841254 	0.028462124949 	0.135010716858
2.37 	0 	0.695488721804 	0.20054004423 	0.0286628120202 	0.0805424920075 	0.124529098457 	0.0191383948964 	0.12420925743
2.37 	0 	0.686466165414 	0.20054004423 	0.0286628120202 	0.0805424920075 	0.124529098457 	0.0191383948964 	0.12420925743
2.37 	0 	0.677443609023 	0.20054004423 	0.0286628120202 	0.0805424920075 	0.124529098457 	0.0191383948964 	0.12420925743
2.37 	0 	0.668421052632 	0.20054004423 	0.0286628120202 	0.0805424920075 	0.124529098457 	0.0191383948964 	0.12420925743
2.37 	0 	0.659398496241 	0.182721978059 	0.0161088533606 	0.0721599779128 	0.106191275394 	0.0137151153052 	0.117666620528
2.37 	0 	0.65037593985 	0.182721978059 	0.0161088533606 	0.0721599779128 	0.106191275394 	0.0137151153052 	0.117666620528
2.37 	0 	0.641353383459 	0.182721978059 	0.0161088533606 	0.0721599779128 	0.106191275394 	0.0137151153052 	0.117666620528
2.37 	0 	0.632330827068 	0.15576079344 	0.00330882174289 	0.0500967452397 	0.0876377426887 	0.0137668859441 	0.105773102723
2.37 	0 	0.623308270677 	0.15576079344 	0.00330882174289 	0.0500967452397 	0.0876377426887 	0.0137668859441 	0.105773102723
2.37 	0 	0.614285714286 	0.15576079344 	0.00330882174289 	0.0500967452397 	0.0876377426887 	0.0137668859441 	0.105773102723
2.37 	0 	0.605263157895 	0.15576079344 	0.00330882174289 	0.0500967452397 	0.0876377426887 	0.0137668859441 	0.105773102723
2.37 	0 	0.596240601504 	0.138335680628 	0.0025280636815 	0.0285128162569 	0.0720335298039 	0.00763312515286 	0.0890494374068
2.37 	0 	0.587218045113 	0.138335680628 	0.0025280636815 	0.0285128162569 	0.0720335298039 	0.00763312515286 	0.0890494374068
2.37 	0 	0.578195488722 	0.138335680628 	0.0025280636815 	0.0285128162569 	0.0720335298039 	0.00763312515286 	0.0890494374068
2.37 	0 	0.569172932331 	0.115875816907 	-0.0009112534665 	0.0165475336749 	0.0646991857969 	0.00560294453129 	0.0780315668102
2.37 	0 	0.56015037594 	0.115875816907 	-0.0009112534665 	0.0165475336749 	0.0646991857969 	0.00560294453129 	0.0780315668102
2.37 	0 	0.551127819549 	0.115875816907 	-0.0009112534665 	0.0165475336749 	0.0646991857969 	0.00560294453129 	0.0780315668102
2.37 	0 	0.542105263158 	0.115875816907 	-0.0009112534665 	0.0165475336749 	0.0646991857969 	0.00560294453129 	0.0780315668102
2.37 	0 	0.533082706767 	0.106346353892 	-0.00470961569483 	0.00805366865085 	0.0549663502627 	0.00233195923716 	0.0702911603885
2.37 	0 	0.524060150376 	0.106346353892 	-0.00470961569483 	0.00805366865085 	0.0549663502627 	0.00233195923716 	0.0702911603885
2.37 	0 	0.515037593985 	0.106346353892 	-0.00470961569483 	0.00805366865085 	0.0549663502627 	0.00233195923716 	0.0702911603885
2.37 	0 	0.506015037594 	0.085027981746 	-0.00172933065211 	0.00952918842316 	0.0519839395395 	-0.000349625185135 	0.0596754752157
2.37 	0 	0.496992481203 	0.085027981746 	-0.00172933065211 	0.00952918842316 	0.0519839395395 	-0.000349625185135 	0.0596754752157
2.37 	0 	0.487969924812 	0.085027981746 	-0.00172933065211 	0.00952918842316 	0.0519839395395 	-0.000349625185135 	0.0596754752157
2.37 	0 	0.478947368421 	0.085027981746 	-0.00172933065211 	0.00952918842316 	0.0519839395395 	-0.000349625185135 	0.0596754752157
2.37 	0 	0.46992481203 	0.0787661965749 	-0.00259139524543 	0.00435698106435 	0.0445316862448 	-0.00107681877245 	0.0491447499
2.37 	0 	0.460902255639 	0.0787661965749 	-0.00259139524543 	0.00435698106435 	0.0445316862448 	-0.00107681877245 	0.0491447499
2.37 	0 	0.451879699248 	0.0787661965749 	-0.00259139524543 	0.00435698106435 	0.0445316862448 	-0.00107681877245 	0.0491447499
2.37 	0 	0.442857142857 	0.0717873185848 	-0.000310998790189 	0.000270141624785 	0.0415506953361 	-0.00320727570108 	0.0413205903654
2.37 	0 	0.433834586466 	0.0717873185848 	-0.000310998790189 	0.000270141624785 	0.0415506953361 	-0.00320727570108 	0.0413205903654
2.37 	0 	0.424812030075 	0.0717873185848 	-0.000310998790189 	0.000270141624785 	0.0415506953361 	-0.00320727570108 	0.0413205903654
2.37 	0 	0.415789473684 	0.0717873185848 	-0.000310998790189 	0.000270141624785 	0.0415506953361 	-0.00320727570108 	0.0413205903654
2.37 	0 	0.406766917293 	0.0691580756058 	-0.00208659959248 	-0.000608235382191 	0.0400475339412 	-0.00399876873325 	0.0372982376379
2.37 	0 	0.397744360902 	0.0691580756058 	-0.00208659959248 	-0.000608235382191 	0.0400475339412 	-0.00399876873325 	0.0372982376379
2.37 	0 	0.388721804511 	0.0691580756058 	-0.00208659959248 	-0.000608235382191 	0.0400475339412 	-0.00399876873325 	0.0372982376379
2.37 	0 	0.37969924812 	0.0655369925698 	-0.00262189917368 	-0.00102521187154 	0.0372389031769 	-0.00328854173444 	0.0328702590225
2.37 	0 	0.370676691729 	0.0655369925698 	-0.00262189917368 	-0.00102521187154 	0.0372389031769 	-0.00328854173444 	0.0328702590225
2.37 	0 	0.361654135338 	0.0655369925698 	-0.00262189917368 	-0.00102521187154 	0.0372389031769 	-0.00328854173444 	0.0328702590225
2.37 	0 	0.352631578947 	0.0669733346769 	0.00187697175525 	-0.00178423670754 	0.0374542197036 	0.000311050332569 	0.0332911948808
2.37 	0 	0.343609022556 	0.0645274041726 	0.000609663657606 	-0.00438016979908 	0.032758695771 	-0.000624479418855 	0.032092897415
2.37 	0 	0.334586466165 	0.0645274041726 	0.000609663657606 	-0.00438016979908 	0.032758695771 	-0.000624479418855 	0.032092897415
2.37 	0 	0.325563909774 	0.0645274041726 	0.000609663657606 	-0.00438016979908 	0.032758695771 	-0.000624479418855 	0.032092897415
2.37 	0 	0.316541353383 	0.0620242910286 	-0.000223104700228 	-0.00744904259535 	0.0315245415294 	-0.000450046106196 	0.0313340959992
2.37 	0 	0.307518796992 	0.0620242910286 	-0.000223104700228 	-0.00744904259535 	0.0315245415294 	-0.000450046106196 	0.0313340959992
2.37 	0 	0.298496240601 	0.0620242910286 	-0.000223104700228 	-0.00744904259535 	0.0315245415294 	-0.000450046106196 	0.0313340959992
2.37 	0 	0.289473684211 	0.0620242910286 	-0.000223104700228 	-0.00744904259535 	0.0315245415294 	-0.000450046106196 	0.0313340959992
2.37 	0 	0.28045112782 	0.0717117163253 	-0.00174136915947 	-0.00998494539387 	0.030839518286 	0.00140521335351 	0.0308360289221
2.37 	0 	0.271428571429 	0.0717117163253 	-0.00174136915947 	-0.00998494539387 	0.030839518286 	0.00140521335351 	0.0308360289221
2.37 	0 	0.262406015038 	0.0717117163253 	-0.00174136915947 	-0.00998494539387 	0.030839518286 	0.00140521335351 	0.0308360289221
2.37 	0 	0.253383458647 	0.0717117163253 	-0.00174136915947 	-0.00998494539387 	0.030839518286 	0.00140521335351 	0.0308360289221
2.37 	0 	0.244360902256 	0.09498688148 	-0.00613636583435 	-0.0188861440281 	0.0422345921426 	0.00337115057224 	0.0260606659282
2.37 	0 	0.235338345865 	0.09498688148 	-0.00613636583435 	-0.0188861440281 	0.0422345921426 	0.00337115057224 	0.0260606659282
2.37 	0 	0.226315789474 	0.09498688148 	-0.00613636583435 	-0.0188861440281 	0.0422345921426 	0.00337115057224 	0.0260606659282
2.37 	0 	0.217293233083 	0.09498688148 	-0.00613636583435 	-0.0188861440281 	0.0422345921426 	0.00337115057224 	0.0260606659282
2.37 	0 	0.208270676692 	0.09498688148 	-0.00613636583435 	-0.0188861440281 	0.0422345921426 	0.00337115057224 	0.0260606659282
2.37 	0 	0.199248120301 	0.09498688148 	-0.00613636583435 	-0.0188861440281 	0.0422345921426 	0.00337115057224 	0.0260606659282
2.37 	0 	0.19022556391 	0.09498688148 	-0.00613636583435 	-0.0188861440281 	0.0422345921426 	0.00337115057224 	0.0260606659282
2.37 	0 	0.181203007519 	0.139408103967 	-0.00970115564619 	-0.0206709928617 	0.0501349618092 	-3.627704609e-05 	0.0189933356337
2.37 	0 	0.172180451128 	0.139408103967 	-0.00970115564619 	-0.0206709928617 	0.0501349618092 	-3.627704609e-05 	0.0189933356337
2.37 	0 	0.163157894737 	0.139408103967 	-0.00970115564619 	-0.0206709928617 	0.0501349618092 	-3.627704609e-05 	0.0189933356337
2.37 	0 	0.154135338346 	0.139408103967 	-0.00970115564619 	-0.0206709928617 	0.0501349618092 	-3.627704609e-05 	0.0189933356337
2.37 	0 	0.145112781955 	0.139408103967 	-0.00970115564619 	-0.0206709928617 	0.0501349618092 	-3.627704609e-05 	0.0189933356337
2.37 	0 	0.136090225564 	0.139408103967 	-0.00970115564619 	-0.0206709928617 	0.0501349618092 	-3.627704609e-05 	0.0189933356337
2.37 	0 	0.127067669173 	0.139408103967 	-0.00970115564619 	-0.0206709928617 	0.0501349618092 	-3.627704609e-05 	0.0189933356337
2.37 	0 	0.118045112782 	0.166630476404 	-0.00735302786475 	-0.0163788463223 	0.0490265345187 	-0.000233840312649 	0.00569808050927
2.37 	0 	0.109022556391 	0.166630476404 	-0.00735302786475 	-0.0163788463223 	0.0490265345187 	-0.000233840312649 	0.00569808050927
2.37 	0 	0.1 	0.166630476404 	-0.00735302786475 	-0.0163788463223 	0.0490265345187 	-0.000233840312649 	0.00569808050927
