7.11 	0 	3.7 	0.0500218961605 	0.00317569414496 	0.00281566801176 	0.0162649346963 	0.00201624744903 	0.00514133683232
7.11 	0 	3.69097744361 	0.0500218961605 	0.00317569414496 	0.00281566801176 	0.0162649346963 	0.00201624744903 	0.00514133683232
7.11 	0 	3.68195488722 	0.0500218961605 	0.00317569414496 	0.00281566801176 	0.0162649346963 	0.00201624744903 	0.00514133683232
7.11 	0 	3.67293233083 	0.096381064855 	-0.00161451512226 	0.00322196821414 	0.0151244052422 	0.00140292343116 	0.00768340787446
7.11 	0 	3.66390977444 	0.096381064855 	-0.00161451512226 	0.00322196821414 	0.0151244052422 	0.00140292343116 	0.00768340787446
7.11 	0 	3.65488721805 	0.096381064855 	-0.00161451512226 	0.00322196821414 	0.0151244052422 	0.00140292343116 	0.00768340787446
7.11 	0 	3.64586466165 	0.096381064855 	-0.00161451512226 	0.00322196821414 	0.0151244052422 	0.00140292343116 	0.00768340787446
7.11 	0 	3.63684210526 	0.120544864148 	0.00070608735182 	0.00158142842644 	0.0110250610429 	0.000851887920754 	0.00846179484641
7.11 	0 	3.62781954887 	0.120544864148 	0.00070608735182 	0.00158142842644 	0.0110250610429 	0.000851887920754 	0.00846179484641
7.11 	0 	3.61879699248 	0.120544864148 	0.00070608735182 	0.00158142842644 	0.0110250610429 	0.000851887920754 	0.00846179484641
7.11 	0 	3.60977443609 	0.108619551597 	0.00176144077261 	-0.00346677383104 	0.00859535932059 	-0.000133859634056 	0.00893826910012
7.11 	0 	3.6007518797 	0.108619551597 	0.00176144077261 	-0.00346677383104 	0.00859535932059 	-0.000133859634056 	0.00893826910012
7.11 	0 	3.59172932331 	0.108619551597 	0.00176144077261 	-0.00346677383104 	0.00859535932059 	-0.000133859634056 	0.00893826910012
7.11 	0 	3.58270676692 	0.108619551597 	0.00176144077261 	-0.00346677383104 	0.00859535932059 	-0.000133859634056 	0.00893826910012
7.11 	0 	3.57368421053 	0.106035521498 	0.00186475414695 	-0.00415614624338 	0.00901193781369 	-0.000178323629023 	0.0110405581609
7.11 	0 	3.56466165414 	0.106035521498 	0.00186475414695 	-0.00415614624338 	0.00901193781369 	-0.000178323629023 	0.0110405581609
7.11 	0 	3.55563909774 	0.106035521498 	0.00186475414695 	-0.00415614624338 	0.00901193781369 	-0.000178323629023 	0.0110405581609
7.11 	0 	3.54661654135 	0.104646495526 	-0.000584421080122 	-0.00678872908522 	0.00721439498825 	-0.00148592707514 	0.0154119493023
7.11 	0 	3.53759398496 	0.104646495526 	-0.000584421080122 	-0.00678872908522 	0.00721439498825 	-0.00148592707514 	0.0154119493023
7.11 	0 	3.52857142857 	0.10311083078 	-0.00112997287232 	-0.00932342180766 	0.00663330715777 	-0.0011546256845 	0.0175772137203
7.11 	0 	3.51954887218 	0.10311083078 	-0.00112997287232 	-0.00932342180766 	0.00663330715777 	-0.0011546256845 	0.0175772137203
7.11 	0 	3.51052631579 	0.0906709232307 	-0.00191774456162 	-0.0134983291622 	0.00679091568382 	-0.00159069383424 	0.0200247521159
7.11 	0 	3.5015037594 	0.0906709232307 	-0.00191774456162 	-0.0134983291622 	0.00679091568382 	-0.00159069383424 	0.0200247521159
7.11 	0 	3.49248120301 	0.0906709232307 	-0.00191774456162 	-0.0134983291622 	0.00679091568382 	-0.00159069383424 	0.0200247521159
7.11 	0 	3.48345864662 	0.0906709232307 	-0.00191774456162 	-0.0134983291622 	0.00679091568382 	-0.00159069383424 	0.0200247521159
7.11 	0 	3.47443609023 	0.0910778805357 	-0.00302924015576 	-0.0217119562441 	0.010041320029 	-7.39519068219e-05 	0.0212899740191
7.11 	0 	3.46541353383 	0.0910778805357 	-0.00302924015576 	-0.0217119562441 	0.010041320029 	-7.39519068219e-05 	0.0212899740191
7.11 	0 	3.45639097744 	0.0910778805357 	-0.00302924015576 	-0.0217119562441 	0.010041320029 	-7.39519068219e-05 	0.0212899740191
7.11 	0 	3.44736842105 	0.107693142845 	-2.45082919619e-05 	-0.0286752852581 	0.0200418705168 	0.000411300419848 	0.0230511344081
7.11 	0 	3.43834586466 	0.107693142845 	-2.45082919619e-05 	-0.0286752852581 	0.0200418705168 	0.000411300419848 	0.0230511344081
7.11 	0 	3.42932330827 	0.107693142845 	-2.45082919619e-05 	-0.0286752852581 	0.0200418705168 	0.000411300419848 	0.0230511344081
7.11 	0 	3.42030075188 	0.107693142845 	-2.45082919619e-05 	-0.0286752852581 	0.0200418705168 	0.000411300419848 	0.0230511344081
7.11 	0 	3.41127819549 	0.110475026663 	0.00576842139867 	-0.0312796391259 	0.0293546881119 	-0.00124684426621 	0.0263210046261
7.11 	0 	3.4022556391 	0.110475026663 	0.00576842139867 	-0.0312796391259 	0.0293546881119 	-0.00124684426621 	0.0263210046261
7.11 	0 	3.39323308271 	0.110475026663 	0.00576842139867 	-0.0312796391259 	0.0293546881119 	-0.00124684426621 	0.0263210046261
7.11 	0 	3.38421052632 	0.100165702819 	0.00115019954987 	-0.0278969357045 	0.0288703801984 	-0.00016470463103 	0.0283945814953
7.11 	0 	3.37518796992 	0.100165702819 	0.00115019954987 	-0.0278969357045 	0.0288703801984 	-0.00016470463103 	0.0283945814953
7.11 	0 	3.36616541353 	0.100165702819 	0.00115019954987 	-0.0278969357045 	0.0288703801984 	-0.00016470463103 	0.0283945814953
7.11 	0 	3.35714285714 	0.100165702819 	0.00115019954987 	-0.0278969357045 	0.0288703801984 	-0.00016470463103 	0.0283945814953
7.11 	0 	3.34812030075 	0.0919439037625 	0.000518664060487 	-0.0252354147211 	0.0262240316713 	0.000472407564388 	0.0349329298843
7.11 	0 	3.33909774436 	0.0919439037625 	0.000518664060487 	-0.0252354147211 	0.0262240316713 	0.000472407564388 	0.0349329298843
7.11 	0 	3.33007518797 	0.0919439037625 	0.000518664060487 	-0.0252354147211 	0.0262240316713 	0.000472407564388 	0.0349329298843
7.11 	0 	3.32105263158 	0.0810628794748 	0.00410123935907 	-0.0202977966924 	0.0201734161662 	-0.00087185502976 	0.0382068194899
7.11 	0 	3.31203007519 	0.0810628794748 	0.00410123935907 	-0.0202977966924 	0.0201734161662 	-0.00087185502976 	0.0382068194899
7.11 	0 	3.3030075188 	0.0810628794748 	0.00410123935907 	-0.0202977966924 	0.0201734161662 	-0.00087185502976 	0.0382068194899
7.11 	0 	3.29398496241 	0.0810628794748 	0.00410123935907 	-0.0202977966924 	0.0201734161662 	-0.00087185502976 	0.0382068194899
7.11 	0 	3.28496240602 	0.0701983296138 	0.00750750916541 	-0.0156117424818 	0.0165306803837 	-0.000702760499149 	0.0366067731631
7.11 	0 	3.27593984962 	0.0701983296138 	0.00750750916541 	-0.0156117424818 	0.0165306803837 	-0.000702760499149 	0.0366067731631
7.11 	0 	3.26691729323 	0.0701983296138 	0.00750750916541 	-0.0156117424818 	0.0165306803837 	-0.000702760499149 	0.0366067731631
7.11 	0 	3.25789473684 	0.0649428389651 	0.00826253840494 	-0.0121583441445 	0.0157504635941 	-0.00140993691781 	0.0350649794263
7.11 	0 	3.24887218045 	0.0649428389651 	0.00826253840494 	-0.0121583441445 	0.0157504635941 	-0.00140993691781 	0.0350649794263
7.11 	0 	3.23984962406 	0.0649428389651 	0.00826253840494 	-0.0121583441445 	0.0157504635941 	-0.00140993691781 	0.0350649794263
7.11 	0 	3.23082706767 	0.0649428389651 	0.00826253840494 	-0.0121583441445 	0.0157504635941 	-0.00140993691781 	0.0350649794263
7.11 	0 	3.22180451128 	0.0604718206744 	0.00668904212869 	-0.0106287137847 	0.0155491999671 	-0.00342477360112 	0.0343788755376
7.11 	0 	3.21278195489 	0.0604718206744 	0.00668904212869 	-0.0106287137847 	0.0155491999671 	-0.00342477360112 	0.0343788755376
7.11 	0 	3.2037593985 	0.0604718206744 	0.00668904212869 	-0.0106287137847 	0.0155491999671 	-0.00342477360112 	0.0343788755376
7.11 	0 	3.19473684211 	0.0558151729892 	0.000705373983703 	-0.00622635787375 	0.0132428891435 	-0.00174638649708 	0.033505160701
7.11 	0 	3.18571428571 	0.0558151729892 	0.000705373983703 	-0.00622635787375 	0.0132428891435 	-0.00174638649708 	0.033505160701
7.11 	0 	3.17669172932 	0.0558151729892 	0.000705373983703 	-0.00622635787375 	0.0132428891435 	-0.00174638649708 	0.033505160701
7.11 	0 	3.16766917293 	0.0558151729892 	0.000705373983703 	-0.00622635787375 	0.0132428891435 	-0.00174638649708 	0.033505160701
7.11 	0 	3.15864661654 	0.0519302393996 	-0.000499316287142 	-0.00638290817322 	0.0142153150266 	-0.00093245518868 	0.0336074096773
7.11 	0 	3.14962406015 	0.0519302393996 	-0.000499316287142 	-0.00638290817322 	0.0142153150266 	-0.00093245518868 	0.0336074096773
7.11 	0 	3.14060150376 	0.0519302393996 	-0.000499316287142 	-0.00638290817322 	0.0142153150266 	-0.00093245518868 	0.0336074096773
7.11 	0 	3.13157894737 	0.0440414024385 	0.00150423229491 	-0.00717040070322 	0.0173954118323 	-0.00175756106903 	0.0363848597479
7.11 	0 	3.12255639098 	0.0440414024385 	0.00150423229491 	-0.00717040070322 	0.0173954118323 	-0.00175756106903 	0.0363848597479
7.11 	0 	3.11353383459 	0.0440414024385 	0.00150423229491 	-0.00717040070322 	0.0173954118323 	-0.00175756106903 	0.0363848597479
7.11 	0 	3.1045112782 	0.0440414024385 	0.00150423229491 	-0.00717040070322 	0.0173954118323 	-0.00175756106903 	0.0363848597479
7.11 	0 	3.0954887218 	0.0363381817885 	0.00667310859302 	-0.00400788171103 	0.018571092318 	-0.00135115328052 	0.0338987288852
7.11 	0 	3.08646616541 	0.0363381817885 	0.00667310859302 	-0.00400788171103 	0.018571092318 	-0.00135115328052 	0.0338987288852
7.11 	0 	3.07744360902 	0.0363381817885 	0.00667310859302 	-0.00400788171103 	0.018571092318 	-0.00135115328052 	0.0338987288852
7.11 	0 	3.06842105263 	0.0439560877011 	0.0112185649867 	-0.00380115540319 	0.0161722029418 	-0.000383266257147 	0.0342791375678
7.11 	0 	3.05939849624 	0.0439560877011 	0.0112185649867 	-0.00380115540319 	0.0161722029418 	-0.000383266257147 	0.0342791375678
7.11 	0 	3.05037593985 	0.041104281128 	0.0102367885784 	-0.00561769495055 	0.0179693371357 	-0.00113096967068 	0.0372611107194
7.11 	0 	3.04135338346 	0.041104281128 	0.0102367885784 	-0.00561769495055 	0.0179693371357 	-0.00113096967068 	0.0372611107194
7.11 	0 	3.03233082707 	0.0353662964355 	0.00975048670639 	-0.00243583238915 	0.0209951124111 	-0.000609050695289 	0.0379510726614
7.11 	0 	3.02330827068 	0.0353662964355 	0.00975048670639 	-0.00243583238915 	0.0209951124111 	-0.000609050695289 	0.0379510726614
7.11 	0 	3.01428571429 	0.0353662964355 	0.00975048670639 	-0.00243583238915 	0.0209951124111 	-0.000609050695289 	0.0379510726614
7.11 	0 	3.00526315789 	0.0334116565454 	0.0066282637228 	-0.00131821788684 	0.0190415666321 	0.000188980117118 	0.0365078077765
7.11 	0 	2.9962406015 	0.0334116565454 	0.0066282637228 	-0.00131821788684 	0.0190415666321 	0.000188980117118 	0.0365078077765
7.11 	0 	2.98721804511 	0.0334116565454 	0.0066282637228 	-0.00131821788684 	0.0190415666321 	0.000188980117118 	0.0365078077765
7.11 	0 	2.97819548872 	0.0334116565454 	0.0066282637228 	-0.00131821788684 	0.0190415666321 	0.000188980117118 	0.0365078077765
7.11 	0 	2.96917293233 	0.0342180054967 	0.00277430210995 	-0.0020880918135 	0.0149770579936 	0.00207330415925 	0.0345034213286
7.11 	0 	2.96015037594 	0.0342180054967 	0.00277430210995 	-0.0020880918135 	0.0149770579936 	0.00207330415925 	0.0345034213286
7.11 	0 	2.95112781955 	0.0342180054967 	0.00277430210995 	-0.0020880918135 	0.0149770579936 	0.00207330415925 	0.0345034213286
7.11 	0 	2.94210526316 	0.0309334382055 	0.00207109721792 	-0.000357991290452 	0.0138244239322 	0.00151074674672 	0.0356451776393
7.11 	0 	2.93308270677 	0.0309334382055 	0.00207109721792 	-0.000357991290452 	0.0138244239322 	0.00151074674672 	0.0356451776393
7.11 	0 	2.92406015038 	0.0309334382055 	0.00207109721792 	-0.000357991290452 	0.0138244239322 	0.00151074674672 	0.0356451776393
7.11 	0 	2.91503759398 	0.0309334382055 	0.00207109721792 	-0.000357991290452 	0.0138244239322 	0.00151074674672 	0.0356451776393
7.11 	0 	2.90601503759 	0.0327215137591 	0.000759690886545 	-0.00153034514182 	0.0141993184238 	0.00320831477947 	0.0349717064877
7.11 	0 	2.8969924812 	0.0327215137591 	0.000759690886545 	-0.00153034514182 	0.0141993184238 	0.00320831477947 	0.0349717064877
7.11 	0 	2.88796992481 	0.0327215137591 	0.000759690886545 	-0.00153034514182 	0.0141993184238 	0.00320831477947 	0.0349717064877
7.11 	0 	2.87894736842 	0.0326532372058 	-0.00136891222746 	-0.00270778687689 	0.0154803973382 	0.00589736122947 	0.0363240208912
7.11 	0 	2.86992481203 	0.0326532372058 	-0.00136891222746 	-0.00270778687689 	0.0154803973382 	0.00589736122947 	0.0363240208912
7.11 	0 	2.86090225564 	0.0326532372058 	-0.00136891222746 	-0.00270778687689 	0.0154803973382 	0.00589736122947 	0.0363240208912
7.11 	0 	2.85187969925 	0.0326532372058 	-0.00136891222746 	-0.00270778687689 	0.0154803973382 	0.00589736122947 	0.0363240208912
7.11 	0 	2.84285714286 	0.0398519999298 	-0.00286442901331 	-0.00366490432918 	0.0174924377697 	0.00620779339017 	0.0359977024298
7.11 	0 	2.83383458647 	0.0398519999298 	-0.00286442901331 	-0.00366490432918 	0.0174924377697 	0.00620779339017 	0.0359977024298
7.11 	0 	2.82481203008 	0.0398519999298 	-0.00286442901331 	-0.00366490432918 	0.0174924377697 	0.00620779339017 	0.0359977024298
7.11 	0 	2.81578947368 	0.0439823486786 	-0.00124325255057 	-0.00387442429623 	0.0186790789475 	0.00501623012061 	0.032480307328
7.11 	0 	2.80676691729 	0.0439823486786 	-0.00124325255057 	-0.00387442429623 	0.0186790789475 	0.00501623012061 	0.032480307328
7.11 	0 	2.7977443609 	0.0439823486786 	-0.00124325255057 	-0.00387442429623 	0.0186790789475 	0.00501623012061 	0.032480307328
7.11 	0 	2.78872180451 	0.0439823486786 	-0.00124325255057 	-0.00387442429623 	0.0186790789475 	0.00501623012061 	0.032480307328
7.11 	0 	2.77969924812 	0.0389194022586 	-0.00147815817603 	-0.00237148094671 	0.0192269964599 	0.00464719637789 	0.0332017009081
7.11 	0 	2.77067669173 	0.0389194022586 	-0.00147815817603 	-0.00237148094671 	0.0192269964599 	0.00464719637789 	0.0332017009081
7.11 	0 	2.76165413534 	0.0389194022586 	-0.00147815817603 	-0.00237148094671 	0.0192269964599 	0.00464719637789 	0.0332017009081
7.11 	0 	2.75263157895 	0.0352429069134 	-0.00116050333954 	-0.00601588958172 	0.0208880547838 	0.00370908981744 	0.0325098619012
7.11 	0 	2.74360902256 	0.0352429069134 	-0.00116050333954 	-0.00601588958172 	0.0208880547838 	0.00370908981744 	0.0325098619012
7.11 	0 	2.73458646617 	0.0352429069134 	-0.00116050333954 	-0.00601588958172 	0.0208880547838 	0.00370908981744 	0.0325098619012
7.11 	0 	2.72556390977 	0.0352429069134 	-0.00116050333954 	-0.00601588958172 	0.0208880547838 	0.00370908981744 	0.0325098619012
7.11 	0 	2.71654135338 	0.0349906920774 	-0.000601349544137 	-0.00528390497892 	0.020734961225 	0.00334765883176 	0.0360827736517
7.11 	0 	2.70751879699 	0.0349906920774 	-0.000601349544137 	-0.00528390497892 	0.020734961225 	0.00334765883176 	0.0360827736517
7.11 	0 	2.6984962406 	0.0349906920774 	-0.000601349544137 	-0.00528390497892 	0.020734961225 	0.00334765883176 	0.0360827736517
7.11 	0 	2.68947368421 	0.0368133414455 	-0.000704460626243 	-0.0041279020424 	0.0224654357633 	0.00356596129541 	0.0393814875393
7.11 	0 	2.68045112782 	0.0368133414455 	-0.000704460626243 	-0.0041279020424 	0.0224654357633 	0.00356596129541 	0.0393814875393
7.11 	0 	2.67142857143 	0.0368133414455 	-0.000704460626243 	-0.0041279020424 	0.0224654357633 	0.00356596129541 	0.0393814875393
7.11 	0 	2.66240601504 	0.0368133414455 	-0.000704460626243 	-0.0041279020424 	0.0224654357633 	0.00356596129541 	0.0393814875393
7.11 	0 	2.65338345865 	0.040860108915 	-0.00330283434328 	-0.00234505147385 	0.0230278960037 	0.00414385690967 	0.046869666763
7.11 	0 	2.64436090226 	0.040860108915 	-0.00330283434328 	-0.00234505147385 	0.0230278960037 	0.00414385690967 	0.046869666763
7.11 	0 	2.63533834586 	0.040860108915 	-0.00330283434328 	-0.00234505147385 	0.0230278960037 	0.00414385690967 	0.046869666763
7.11 	0 	2.62631578947 	0.0427013729661 	-0.00424333086446 	0.00125012339708 	0.0279914397432 	0.00604169118613 	0.051728795664
7.11 	0 	2.61729323308 	0.0427013729661 	-0.00424333086446 	0.00125012339708 	0.0279914397432 	0.00604169118613 	0.051728795664
7.11 	0 	2.60827067669 	0.0427013729661 	-0.00424333086446 	0.00125012339708 	0.0279914397432 	0.00604169118613 	0.051728795664
7.11 	0 	2.5992481203 	0.0427013729661 	-0.00424333086446 	0.00125012339708 	0.0279914397432 	0.00604169118613 	0.051728795664
7.11 	0 	2.59022556391 	0.0508728307169 	-0.00829293824995 	0.00357455882 	0.0361875416945 	0.00791840531217 	0.0587624508881
7.11 	0 	2.58120300752 	0.0508728307169 	-0.00829293824995 	0.00357455882 	0.0361875416945 	0.00791840531217 	0.0587624508881
7.11 	0 	2.57218045113 	0.0508728307169 	-0.00829293824995 	0.00357455882 	0.0361875416945 	0.00791840531217 	0.0587624508881
7.11 	0 	2.56315789474 	0.0634396973637 	-0.0111377825872 	0.0100813544578 	0.0423141136038 	0.00642357303233 	0.0637251936209
7.11 	0 	2.55413533835 	0.0634396973637 	-0.0111377825872 	0.0100813544578 	0.0423141136038 	0.00642357303233 	0.0637251936209
7.11 	0 	2.54511278195 	0.0634396973637 	-0.0111377825872 	0.0100813544578 	0.0423141136038 	0.00642357303233 	0.0637251936209
7.11 	0 	2.53609022556 	0.0634396973637 	-0.0111377825872 	0.0100813544578 	0.0423141136038 	0.00642357303233 	0.0637251936209
7.11 	0 	2.52706766917 	0.0707493222266 	-0.0103757183196 	0.0131734832149 	0.0453658178709 	0.00548908083989 	0.0681664320157
7.11 	0 	2.51804511278 	0.0707493222266 	-0.0103757183196 	0.0131734832149 	0.0453658178709 	0.00548908083989 	0.0681664320157
7.11 	0 	2.50902255639 	0.0707493222266 	-0.0103757183196 	0.0131734832149 	0.0453658178709 	0.00548908083989 	0.0681664320157
7.11 	0 	2.5 	0.0848718286685 	-0.0145681620823 	0.0165566125484 	0.0551317182589 	0.00675463360163 	0.0781337243302
7.11 	0 	2.49097744361 	0.0848718286685 	-0.0145681620823 	0.0165566125484 	0.0551317182589 	0.00675463360163 	0.0781337243302
7.11 	0 	2.48195488722 	0.0848718286685 	-0.0145681620823 	0.0165566125484 	0.0551317182589 	0.00675463360163 	0.0781337243302
7.11 	0 	2.47293233083 	0.0848718286685 	-0.0145681620823 	0.0165566125484 	0.0551317182589 	0.00675463360163 	0.0781337243302
7.11 	0 	2.46390977444 	0.0932895485965 	-0.0164111109806 	0.0159883596327 	0.0672431936786 	0.00658695930455 	0.0858428074867
7.11 	0 	2.45488721805 	0.0932895485965 	-0.0164111109806 	0.0159883596327 	0.0672431936786 	0.00658695930455 	0.0858428074867
7.11 	0 	2.44586466165 	0.0932895485965 	-0.0164111109806 	0.0159883596327 	0.0672431936786 	0.00658695930455 	0.0858428074867
7.11 	0 	2.43684210526 	0.106222922138 	-0.0197906531723 	0.0185958124278 	0.0761645521141 	0.00280917698266 	0.0893441494452
7.11 	0 	2.42781954887 	0.106222922138 	-0.0197906531723 	0.0185958124278 	0.0761645521141 	0.00280917698266 	0.0893441494452
7.11 	0 	2.41879699248 	0.106222922138 	-0.0197906531723 	0.0185958124278 	0.0761645521141 	0.00280917698266 	0.0893441494452
7.11 	0 	2.40977443609 	0.106222922138 	-0.0197906531723 	0.0185958124278 	0.0761645521141 	0.00280917698266 	0.0893441494452
7.11 	0 	2.4007518797 	0.113819792961 	-0.0201211021909 	0.0162595886455 	0.0821125068534 	0.00702283874243 	0.099221211394
7.11 	0 	2.39172932331 	0.113819792961 	-0.0201211021909 	0.0162595886455 	0.0821125068534 	0.00702283874243 	0.099221211394
7.11 	0 	2.38270676692 	0.113819792961 	-0.0201211021909 	0.0162595886455 	0.0821125068534 	0.00702283874243 	0.099221211394
7.11 	0 	2.37368421053 	0.109526761795 	-0.0221978252495 	0.0131573537838 	0.0903019696022 	0.00485102652679 	0.10291095986
7.11 	0 	2.36466165414 	0.109526761795 	-0.0221978252495 	0.0131573537838 	0.0903019696022 	0.00485102652679 	0.10291095986
7.11 	0 	2.35563909774 	0.109526761795 	-0.0221978252495 	0.0131573537838 	0.0903019696022 	0.00485102652679 	0.10291095986
7.11 	0 	2.34661654135 	0.109526761795 	-0.0221978252495 	0.0131573537838 	0.0903019696022 	0.00485102652679 	0.10291095986
7.11 	0 	2.33759398496 	0.107519014768 	-0.0230353593122 	0.0188716833963 	0.0878400164108 	-0.000553074749188 	0.105532308405
7.11 	0 	2.32857142857 	0.107519014768 	-0.0230353593122 	0.0188716833963 	0.0878400164108 	-0.000553074749188 	0.105532308405
7.11 	0 	2.31954887218 	0.107519014768 	-0.0230353593122 	0.0188716833963 	0.0878400164108 	-0.000553074749188 	0.105532308405
7.11 	0 	2.31052631579 	0.115329174824 	-0.0188832378275 	0.020752988995 	0.0878162581104 	0.00308033794669 	0.105705707674
7.11 	0 	2.3015037594 	0.115329174824 	-0.0188832378275 	0.020752988995 	0.0878162581104 	0.00308033794669 	0.105705707674
7.11 	0 	2.29248120301 	0.115329174824 	-0.0188832378275 	0.020752988995 	0.0878162581104 	0.00308033794669 	0.105705707674
7.11 	0 	2.28345864662 	0.115329174824 	-0.0188832378275 	0.020752988995 	0.0878162581104 	0.00308033794669 	0.105705707674
7.11 	0 	2.27443609023 	0.11515999244 	-0.0185940104708 	0.0199877864907 	0.0958894091296 	0.00126453503365 	0.10495450787
7.11 	0 	2.26541353383 	0.11515999244 	-0.0185940104708 	0.0199877864907 	0.0958894091296 	0.00126453503365 	0.10495450787
7.11 	0 	2.25639097744 	0.11515999244 	-0.0185940104708 	0.0199877864907 	0.0958894091296 	0.00126453503365 	0.10495450787
7.11 	0 	2.24736842105 	0.117040540121 	-0.0202074299568 	0.0123592796838 	0.1006039885 	0.00221015303778 	0.105093770002
7.11 	0 	2.23834586466 	0.117040540121 	-0.0202074299568 	0.0123592796838 	0.1006039885 	0.00221015303778 	0.105093770002
7.11 	0 	2.22932330827 	0.117040540121 	-0.0202074299568 	0.0123592796838 	0.1006039885 	0.00221015303778 	0.105093770002
7.11 	0 	2.22030075188 	0.117040540121 	-0.0202074299568 	0.0123592796838 	0.1006039885 	0.00221015303778 	0.105093770002
7.11 	0 	2.21127819549 	0.12057928656 	-0.017302899908 	0.00985254901232 	0.107241164449 	0.00315654096969 	0.10267488459
7.11 	0 	2.2022556391 	0.12057928656 	-0.017302899908 	0.00985254901232 	0.107241164449 	0.00315654096969 	0.10267488459
7.11 	0 	2.19323308271 	0.12057928656 	-0.017302899908 	0.00985254901232 	0.107241164449 	0.00315654096969 	0.10267488459
7.11 	0 	2.18421052632 	0.125506425298 	-0.0133752739023 	0.00521162979955 	0.107596956676 	0.0053096693584 	0.0999938572691
7.11 	0 	2.17518796992 	0.125506425298 	-0.0133752739023 	0.00521162979955 	0.107596956676 	0.0053096693584 	0.0999938572691
7.11 	0 	2.16616541353 	0.125506425298 	-0.0133752739023 	0.00521162979955 	0.107596956676 	0.0053096693584 	0.0999938572691
7.11 	0 	2.15714285714 	0.125506425298 	-0.0133752739023 	0.00521162979955 	0.107596956676 	0.0053096693584 	0.0999938572691
7.11 	0 	2.14812030075 	0.117239977544 	-0.00603088017629 	-0.00327450317895 	0.102483365914 	0.00482842589635 	0.0910160141732
7.11 	0 	2.13909774436 	0.117239977544 	-0.00603088017629 	-0.00327450317895 	0.102483365914 	0.00482842589635 	0.0910160141732
7.11 	0 	2.13007518797 	0.117239977544 	-0.00603088017629 	-0.00327450317895 	0.102483365914 	0.00482842589635 	0.0910160141732
7.11 	0 	2.12105263158 	0.122606329543 	0.00425129826539 	-0.00947460860149 	0.0971311190854 	0.00465837680251 	0.0930536003947
7.11 	0 	2.11203007519 	0.122606329543 	0.00425129826539 	-0.00947460860149 	0.0971311190854 	0.00465837680251 	0.0930536003947
7.11 	0 	2.1030075188 	0.122606329543 	0.00425129826539 	-0.00947460860149 	0.0971311190854 	0.00465837680251 	0.0930536003947
7.11 	0 	2.09398496241 	0.122606329543 	0.00425129826539 	-0.00947460860149 	0.0971311190854 	0.00465837680251 	0.0930536003947
7.11 	0 	2.08496240602 	0.116467202726 	0.0100111804668 	-0.0109311884532 	0.0924891894421 	0.00490734467296 	0.0906259578988
7.11 	0 	2.07593984962 	0.116467202726 	0.0100111804668 	-0.0109311884532 	0.0924891894421 	0.00490734467296 	0.0906259578988
7.11 	0 	2.06691729323 	0.116467202726 	0.0100111804668 	-0.0109311884532 	0.0924891894421 	0.00490734467296 	0.0906259578988
7.11 	0 	2.05789473684 	0.113905850922 	0.0120600632454 	-0.0207646996472 	0.0886092931988 	0.000949572943225 	0.0862444132972
7.11 	0 	2.04887218045 	0.113905850922 	0.0120600632454 	-0.0207646996472 	0.0886092931988 	0.000949572943225 	0.0862444132972
7.11 	0 	2.03984962406 	0.113905850922 	0.0120600632454 	-0.0207646996472 	0.0886092931988 	0.000949572943225 	0.0862444132972
7.11 	0 	2.03082706767 	0.113905850922 	0.0120600632454 	-0.0207646996472 	0.0886092931988 	0.000949572943225 	0.0862444132972
7.11 	0 	2.02180451128 	0.119629788338 	0.01891168255 	-0.0255638766761 	0.0820675319122 	-0.00416549270768 	0.0860977409201
7.11 	0 	2.01278195489 	0.119629788338 	0.01891168255 	-0.0255638766761 	0.0820675319122 	-0.00416549270768 	0.0860977409201
7.11 	0 	2.0037593985 	0.119629788338 	0.01891168255 	-0.0255638766761 	0.0820675319122 	-0.00416549270768 	0.0860977409201
7.11 	0 	1.99473684211 	0.121460399849 	0.0200832731847 	-0.0312097081562 	0.084349180641 	-0.00814681997642 	0.0907656849665
7.11 	0 	1.98571428571 	0.121460399849 	0.0200832731847 	-0.0312097081562 	0.084349180641 	-0.00814681997642 	0.0907656849665
7.11 	0 	1.97669172932 	0.121460399849 	0.0200832731847 	-0.0312097081562 	0.084349180641 	-0.00814681997642 	0.0907656849665
7.11 	0 	1.96766917293 	0.121460399849 	0.0200832731847 	-0.0312097081562 	0.084349180641 	-0.00814681997642 	0.0907656849665
7.11 	0 	1.95864661654 	0.122130310863 	0.0221305664596 	-0.0348409190115 	0.0823470061813 	-0.00846724330744 	0.0888901183485
7.11 	0 	1.94962406015 	0.122130310863 	0.0221305664596 	-0.0348409190115 	0.0823470061813 	-0.00846724330744 	0.0888901183485
7.11 	0 	1.94060150376 	0.122130310863 	0.0221305664596 	-0.0348409190115 	0.0823470061813 	-0.00846724330744 	0.0888901183485
7.11 	0 	1.93157894737 	0.11717690556 	0.0262259644253 	-0.0390229820818 	0.0788782934151 	-0.00989459983222 	0.0885005833629
7.11 	0 	1.92255639098 	0.11717690556 	0.0262259644253 	-0.0390229820818 	0.0788782934151 	-0.00989459983222 	0.0885005833629
7.11 	0 	1.91353383459 	0.11717690556 	0.0262259644253 	-0.0390229820818 	0.0788782934151 	-0.00989459983222 	0.0885005833629
7.11 	0 	1.9045112782 	0.11717690556 	0.0262259644253 	-0.0390229820818 	0.0788782934151 	-0.00989459983222 	0.0885005833629
7.11 	0 	1.8954887218 	0.11680519442 	0.025373525943 	-0.0400610649906 	0.0757249343972 	-0.0134406274436 	0.0894864877886
7.11 	0 	1.88646616541 	0.11680519442 	0.025373525943 	-0.0400610649906 	0.0757249343972 	-0.0134406274436 	0.0894864877886
7.11 	0 	1.87744360902 	0.11680519442 	0.025373525943 	-0.0400610649906 	0.0757249343972 	-0.0134406274436 	0.0894864877886
7.11 	0 	1.86842105263 	0.11680519442 	0.025373525943 	-0.0400610649906 	0.0757249343972 	-0.0134406274436 	0.0894864877886
7.11 	0 	1.85939849624 	0.120006599459 	0.0238868446861 	-0.0374024265244 	0.0703377384811 	-0.00978675578356 	0.0888270261871
7.11 	0 	1.85037593985 	0.120006599459 	0.0238868446861 	-0.0374024265244 	0.0703377384811 	-0.00978675578356 	0.0888270261871
7.11 	0 	1.84135338346 	0.120006599459 	0.0238868446861 	-0.0374024265244 	0.0703377384811 	-0.00978675578356 	0.0888270261871
7.11 	0 	1.83233082707 	0.115655399387 	0.0164228319272 	-0.0341617204348 	0.0695772126479 	-0.00856311160687 	0.085236035953
7.11 	0 	1.82330827068 	0.115655399387 	0.0164228319272 	-0.0341617204348 	0.0695772126479 	-0.00856311160687 	0.085236035953
7.11 	0 	1.81428571429 	0.115655399387 	0.0164228319272 	-0.0341617204348 	0.0695772126479 	-0.00856311160687 	0.085236035953
7.11 	0 	1.80526315789 	0.115655399387 	0.0164228319272 	-0.0341617204348 	0.0695772126479 	-0.00856311160687 	0.085236035953
7.11 	0 	1.7962406015 	0.0979091964401 	0.00914865223384 	-0.0246009629177 	0.0678616938488 	-0.00352674480646 	0.087353679116
7.11 	0 	1.78721804511 	0.0979091964401 	0.00914865223384 	-0.0246009629177 	0.0678616938488 	-0.00352674480646 	0.087353679116
7.11 	0 	1.77819548872 	0.0979091964401 	0.00914865223384 	-0.0246009629177 	0.0678616938488 	-0.00352674480646 	0.087353679116
7.11 	0 	1.76917293233 	0.0945650825739 	0.00346791200861 	-0.0160368597036 	0.065230383445 	0.00112701160797 	0.0919946352378
7.11 	0 	1.76015037594 	0.0945650825739 	0.00346791200861 	-0.0160368597036 	0.065230383445 	0.00112701160797 	0.0919946352378
7.11 	0 	1.75112781955 	0.0945650825739 	0.00346791200861 	-0.0160368597036 	0.065230383445 	0.00112701160797 	0.0919946352378
7.11 	0 	1.74210526316 	0.0945650825739 	0.00346791200861 	-0.0160368597036 	0.065230383445 	0.00112701160797 	0.0919946352378
7.11 	0 	1.73308270677 	0.0841294011646 	0.000607473026295 	-0.00788018044657 	0.0672631488984 	0.00518436885738 	0.092446401725
7.11 	0 	1.72406015038 	0.0841294011646 	0.000607473026295 	-0.00788018044657 	0.0672631488984 	0.00518436885738 	0.092446401725
7.11 	0 	1.71503759398 	0.0841294011646 	0.000607473026295 	-0.00788018044657 	0.0672631488984 	0.00518436885738 	0.092446401725
7.11 	0 	1.70601503759 	0.07962245409 	0.00149358772833 	-0.000537849706921 	0.0710719355683 	0.0120770055636 	0.0957028974856
7.11 	0 	1.6969924812 	0.07962245409 	0.00149358772833 	-0.000537849706921 	0.0710719355683 	0.0120770055636 	0.0957028974856
7.11 	0 	1.68796992481 	0.07962245409 	0.00149358772833 	-0.000537849706921 	0.0710719355683 	0.0120770055636 	0.0957028974856
7.11 	0 	1.67894736842 	0.07962245409 	0.00149358772833 	-0.000537849706921 	0.0710719355683 	0.0120770055636 	0.0957028974856
7.11 	0 	1.66992481203 	0.0761812054501 	0.00625653267547 	0.00666408699497 	0.0703581881919 	0.0164898105753 	0.103394267866
7.11 	0 	1.66090225564 	0.0761812054501 	0.00625653267547 	0.00666408699497 	0.0703581881919 	0.0164898105753 	0.103394267866
7.11 	0 	1.65187969925 	0.0761812054501 	0.00625653267547 	0.00666408699497 	0.0703581881919 	0.0164898105753 	0.103394267866
7.11 	0 	1.64285714286 	0.0779333915042 	0.00925067400064 	0.0167412083361 	0.0773126900558 	0.0208888747705 	0.115079273853
7.11 	0 	1.63383458647 	0.0779333915042 	0.00925067400064 	0.0167412083361 	0.0773126900558 	0.0208888747705 	0.115079273853
7.11 	0 	1.62481203008 	0.0779333915042 	0.00925067400064 	0.0167412083361 	0.0773126900558 	0.0208888747705 	0.115079273853
7.11 	0 	1.61578947368 	0.0779333915042 	0.00925067400064 	0.0167412083361 	0.0773126900558 	0.0208888747705 	0.115079273853
7.11 	0 	1.60676691729 	0.0788485337678 	0.0119265570016 	0.0220675308133 	0.0841826612888 	0.0249012630294 	0.118563022176
7.11 	0 	1.5977443609 	0.0788485337678 	0.0119265570016 	0.0220675308133 	0.0841826612888 	0.0249012630294 	0.118563022176
7.11 	0 	1.58872180451 	0.0788485337678 	0.0119265570016 	0.0220675308133 	0.0841826612888 	0.0249012630294 	0.118563022176
7.11 	0 	1.57969924812 	0.0765474650111 	0.00824889207754 	0.0271327191563 	0.0906151551189 	0.0244562297224 	0.115453797527
7.11 	0 	1.57067669173 	0.0765474650111 	0.00824889207754 	0.0271327191563 	0.0906151551189 	0.0244562297224 	0.115453797527
7.11 	0 	1.56165413534 	0.0765474650111 	0.00824889207754 	0.0271327191563 	0.0906151551189 	0.0244562297224 	0.115453797527
7.11 	0 	1.55263157895 	0.0765474650111 	0.00824889207754 	0.0271327191563 	0.0906151551189 	0.0244562297224 	0.115453797527
7.11 	0 	1.54360902256 	0.0793183051884 	0.00706776118358 	0.0304460678034 	0.100535900897 	0.0259131526951 	0.116416704771
7.11 	0 	1.53458646617 	0.0793183051884 	0.00706776118358 	0.0304460678034 	0.100535900897 	0.0259131526951 	0.116416704771
7.11 	0 	1.52556390977 	0.0793183051884 	0.00706776118358 	0.0304460678034 	0.100535900897 	0.0259131526951 	0.116416704771
7.11 	0 	1.51654135338 	0.0837848208697 	0.0133341517707 	0.0324867582807 	0.105714847454 	0.0259418640306 	0.126811429129
7.11 	0 	1.50751879699 	0.0837848208697 	0.0133341517707 	0.0324867582807 	0.105714847454 	0.0259418640306 	0.126811429129
7.11 	0 	1.4984962406 	0.0837848208697 	0.0133341517707 	0.0324867582807 	0.105714847454 	0.0259418640306 	0.126811429129
7.11 	0 	1.48947368421 	0.0837848208697 	0.0133341517707 	0.0324867582807 	0.105714847454 	0.0259418640306 	0.126811429129
7.11 	0 	1.48045112782 	0.0829875731854 	0.0150483605921 	0.0382519596371 	0.118163563535 	0.0252793094152 	0.131527119295
7.11 	0 	1.47142857143 	0.0829875731854 	0.0150483605921 	0.0382519596371 	0.118163563535 	0.0252793094152 	0.131527119295
7.11 	0 	1.46240601504 	0.0829875731854 	0.0150483605921 	0.0382519596371 	0.118163563535 	0.0252793094152 	0.131527119295
7.11 	0 	1.45338345865 	0.0915901828089 	0.016992413049 	0.0503692630524 	0.131683956329 	0.0213967126209 	0.146470982481
7.11 	0 	1.44436090226 	0.0915901828089 	0.016992413049 	0.0503692630524 	0.131683956329 	0.0213967126209 	0.146470982481
7.11 	0 	1.43533834586 	0.0915901828089 	0.016992413049 	0.0503692630524 	0.131683956329 	0.0213967126209 	0.146470982481
7.11 	0 	1.42631578947 	0.0915901828089 	0.016992413049 	0.0503692630524 	0.131683956329 	0.0213967126209 	0.146470982481
7.11 	0 	1.41729323308 	0.11542748622 	0.0219983408733 	0.0628668380232 	0.137906456065 	0.0248110238561 	0.160213741757
7.11 	0 	1.40827067669 	0.11542748622 	0.0219983408733 	0.0628668380232 	0.137906456065 	0.0248110238561 	0.160213741757
7.11 	0 	1.3992481203 	0.11542748622 	0.0219983408733 	0.0628668380232 	0.137906456065 	0.0248110238561 	0.160213741757
7.11 	0 	1.39022556391 	0.130113049393 	0.0253643507063 	0.0751473816006 	0.149038586439 	0.0307561833541 	0.177128581704
7.11 	0 	1.38120300752 	0.130113049393 	0.0253643507063 	0.0751473816006 	0.149038586439 	0.0307561833541 	0.177128581704
7.11 	0 	1.37218045113 	0.130113049393 	0.0253643507063 	0.0751473816006 	0.149038586439 	0.0307561833541 	0.177128581704
7.11 	0 	1.36315789474 	0.130113049393 	0.0253643507063 	0.0751473816006 	0.149038586439 	0.0307561833541 	0.177128581704
7.11 	0 	1.35413533835 	0.145734868804 	0.0265537525702 	0.0816342530593 	0.165851125455 	0.0399061639437 	0.18880845468
7.11 	0 	1.34511278195 	0.145734868804 	0.0265537525702 	0.0816342530593 	0.165851125455 	0.0399061639437 	0.18880845468
7.11 	0 	1.33609022556 	0.145734868804 	0.0265537525702 	0.0816342530593 	0.165851125455 	0.0399061639437 	0.18880845468
7.11 	0 	1.32706766917 	0.156413768673 	0.0290598818172 	0.0793945637011 	0.175584237836 	0.0390945052927 	0.192034332168
7.11 	0 	1.31804511278 	0.156413768673 	0.0290598818172 	0.0793945637011 	0.175584237836 	0.0390945052927 	0.192034332168
7.11 	0 	1.30902255639 	0.156413768673 	0.0290598818172 	0.0793945637011 	0.175584237836 	0.0390945052927 	0.192034332168
7.11 	0 	1.3 	0.156413768673 	0.0290598818172 	0.0793945637011 	0.175584237836 	0.0390945052927 	0.192034332168
7.11 	0 	1.29097744361 	0.16009748655 	0.0229968461384 	0.07767827635 	0.18291139812 	0.037468867737 	0.201570285379
7.11 	0 	1.28195488722 	0.16009748655 	0.0229968461384 	0.07767827635 	0.18291139812 	0.037468867737 	0.201570285379
7.11 	0 	1.27293233083 	0.16009748655 	0.0229968461384 	0.07767827635 	0.18291139812 	0.037468867737 	0.201570285379
7.11 	0 	1.26390977444 	0.156400609913 	0.0232322979039 	0.0735181864865 	0.190191898609 	0.0350623070642 	0.217908967675
7.11 	0 	1.25488721805 	0.156400609913 	0.0232322979039 	0.0735181864865 	0.190191898609 	0.0350623070642 	0.217908967675
7.11 	0 	1.24586466165 	0.156400609913 	0.0232322979039 	0.0735181864865 	0.190191898609 	0.0350623070642 	0.217908967675
7.11 	0 	1.23684210526 	0.156400609913 	0.0232322979039 	0.0735181864865 	0.190191898609 	0.0350623070642 	0.217908967675
7.11 	0 	1.22781954887 	0.151135555392 	0.0211090777498 	0.071184612243 	0.187143346946 	0.0291037170408 	0.21729938901
7.11 	0 	1.21879699248 	0.151135555392 	0.0211090777498 	0.071184612243 	0.187143346946 	0.0291037170408 	0.21729938901
7.11 	0 	1.20977443609 	0.151135555392 	0.0211090777498 	0.071184612243 	0.187143346946 	0.0291037170408 	0.21729938901
7.11 	0 	1.2007518797 	0.161664013818 	0.0143448227912 	0.0759860617186 	0.183733902562 	0.0232850749286 	0.227672605451
7.11 	0 	1.19172932331 	0.161664013818 	0.0143448227912 	0.0759860617186 	0.183733902562 	0.0232850749286 	0.227672605451
7.11 	0 	1.18270676692 	0.161664013818 	0.0143448227912 	0.0759860617186 	0.183733902562 	0.0232850749286 	0.227672605451
7.11 	0 	1.17368421053 	0.161664013818 	0.0143448227912 	0.0759860617186 	0.183733902562 	0.0232850749286 	0.227672605451
7.11 	0 	1.16466165414 	0.186358426474 	0.0174011775092 	0.0894912229849 	0.200333760036 	0.0267446430466 	0.230967035216
7.11 	0 	1.15563909774 	0.186358426474 	0.0174011775092 	0.0894912229849 	0.200333760036 	0.0267446430466 	0.230967035216
7.11 	0 	1.14661654135 	0.186358426474 	0.0174011775092 	0.0894912229849 	0.200333760036 	0.0267446430466 	0.230967035216
7.11 	0 	1.13759398496 	0.192574571695 	0.0278984725062 	0.0896850341497 	0.206141114643 	0.0269404344877 	0.227933641584
7.11 	0 	1.12857142857 	0.192574571695 	0.0278984725062 	0.0896850341497 	0.206141114643 	0.0269404344877 	0.227933641584
7.11 	0 	1.11954887218 	0.192574571695 	0.0278984725062 	0.0896850341497 	0.206141114643 	0.0269404344877 	0.227933641584
7.11 	0 	1.11052631579 	0.192574571695 	0.0278984725062 	0.0896850341497 	0.206141114643 	0.0269404344877 	0.227933641584
7.11 	0 	1.1015037594 	0.181182123174 	0.0261343931598 	0.0827410926443 	0.209271745719 	0.0294790424369 	0.217872681565
7.11 	0 	1.09248120301 	0.181182123174 	0.0261343931598 	0.0827410926443 	0.209271745719 	0.0294790424369 	0.217872681565
7.11 	0 	1.08345864662 	0.181182123174 	0.0261343931598 	0.0827410926443 	0.209271745719 	0.0294790424369 	0.217872681565
7.11 	0 	1.07443609023 	0.172938924074 	0.0245436168568 	0.0768939577724 	0.21736233702 	0.0354215207818 	0.217990028495
7.11 	0 	1.06541353383 	0.172938924074 	0.0245436168568 	0.0768939577724 	0.21736233702 	0.0354215207818 	0.217990028495
7.11 	0 	1.05639097744 	0.172938924074 	0.0245436168568 	0.0768939577724 	0.21736233702 	0.0354215207818 	0.217990028495
7.11 	0 	1.04736842105 	0.172938924074 	0.0245436168568 	0.0768939577724 	0.21736233702 	0.0354215207818 	0.217990028495
7.11 	0 	1.03834586466 	0.181807211001 	0.0234214833449 	0.0782807640086 	0.216417706087 	0.0346229669592 	0.21686614667
7.11 	0 	1.02932330827 	0.181807211001 	0.0234214833449 	0.0782807640086 	0.216417706087 	0.0346229669592 	0.21686614667
7.11 	0 	1.02030075188 	0.181807211001 	0.0234214833449 	0.0782807640086 	0.216417706087 	0.0346229669592 	0.21686614667
7.11 	0 	1.01127819549 	0.187883249277 	0.0225848643139 	0.0830143474623 	0.202277444181 	0.0247070960404 	0.213079810134
7.11 	0 	1.0022556391 	0.187883249277 	0.0225848643139 	0.0830143474623 	0.202277444181 	0.0247070960404 	0.213079810134
7.11 	0 	0.993233082707 	0.187883249277 	0.0225848643139 	0.0830143474623 	0.202277444181 	0.0247070960404 	0.213079810134
7.11 	0 	0.984210526316 	0.187883249277 	0.0225848643139 	0.0830143474623 	0.202277444181 	0.0247070960404 	0.213079810134
7.11 	0 	0.975187969925 	0.194315115814 	0.0224879926494 	0.0802687773041 	0.19382105459 	0.0238947103895 	0.212262885667
7.11 	0 	0.966165413534 	0.194315115814 	0.0224879926494 	0.0802687773041 	0.19382105459 	0.0238947103895 	0.212262885667
7.11 	0 	0.957142857143 	0.194315115814 	0.0224879926494 	0.0802687773041 	0.19382105459 	0.0238947103895 	0.212262885667
7.11 	0 	0.948120300752 	0.203205817388 	0.0219074298237 	0.086274115235 	0.182851574177 	0.02167052638 	0.203109517343
7.11 	0 	0.939097744361 	0.203205817388 	0.0219074298237 	0.086274115235 	0.182851574177 	0.02167052638 	0.203109517343
7.11 	0 	0.93007518797 	0.203205817388 	0.0219074298237 	0.086274115235 	0.182851574177 	0.02167052638 	0.203109517343
7.11 	0 	0.921052631579 	0.203205817388 	0.0219074298237 	0.086274115235 	0.182851574177 	0.02167052638 	0.203109517343
7.11 	0 	0.912030075188 	0.217611786142 	0.0224821404969 	0.0881362642018 	0.17470272714 	0.018044932466 	0.196093788924
7.11 	0 	0.903007518797 	0.217611786142 	0.0224821404969 	0.0881362642018 	0.17470272714 	0.018044932466 	0.196093788924
7.11 	0 	0.893984962406 	0.217611786142 	0.0224821404969 	0.0881362642018 	0.17470272714 	0.018044932466 	0.196093788924
7.11 	0 	0.884962406015 	0.214130740828 	0.0258629807009 	0.0916677824246 	0.172203810139 	0.0176795960807 	0.193355674835
7.11 	0 	0.875939849624 	0.214130740828 	0.0258629807009 	0.0916677824246 	0.172203810139 	0.0176795960807 	0.193355674835
7.11 	0 	0.866917293233 	0.214130740828 	0.0258629807009 	0.0916677824246 	0.172203810139 	0.0176795960807 	0.193355674835
7.11 	0 	0.857894736842 	0.214130740828 	0.0258629807009 	0.0916677824246 	0.172203810139 	0.0176795960807 	0.193355674835
7.11 	0 	0.848872180451 	0.202989017539 	0.0217481318039 	0.0851686764017 	0.166875948731 	0.0107523288029 	0.175358690939
7.11 	0 	0.83984962406 	0.202989017539 	0.0217481318039 	0.0851686764017 	0.166875948731 	0.0107523288029 	0.175358690939
7.11 	0 	0.830827067669 	0.202989017539 	0.0217481318039 	0.0851686764017 	0.166875948731 	0.0107523288029 	0.175358690939
7.11 	0 	0.821804511278 	0.183057946531 	0.0121087775379 	0.0777129838257 	0.16348450586 	0.0125940326872 	0.172842537346
7.11 	0 	0.812781954887 	0.183057946531 	0.0121087775379 	0.0777129838257 	0.16348450586 	0.0125940326872 	0.172842537346
7.11 	0 	0.803759398496 	0.183057946531 	0.0121087775379 	0.0777129838257 	0.16348450586 	0.0125940326872 	0.172842537346
7.11 	0 	0.794736842105 	0.183057946531 	0.0121087775379 	0.0777129838257 	0.16348450586 	0.0125940326872 	0.172842537346
7.11 	0 	0.785714285714 	0.176431530195 	0.00375940265047 	0.0634507082585 	0.158081612834 	0.00935002106499 	0.159897912262
7.11 	0 	0.776691729323 	0.176431530195 	0.00375940265047 	0.0634507082585 	0.158081612834 	0.00935002106499 	0.159897912262
7.11 	0 	0.767669172932 	0.176431530195 	0.00375940265047 	0.0634507082585 	0.158081612834 	0.00935002106499 	0.159897912262
7.11 	0 	0.758646616541 	0.16916104779 	-0.00285836810715 	0.0622810115046 	0.15695393375 	0.0110107918612 	0.150878734907
7.11 	0 	0.74962406015 	0.16916104779 	-0.00285836810715 	0.0622810115046 	0.15695393375 	0.0110107918612 	0.150878734907
7.11 	0 	0.740601503759 	0.16916104779 	-0.00285836810715 	0.0622810115046 	0.15695393375 	0.0110107918612 	0.150878734907
7.11 	0 	0.731578947368 	0.16916104779 	-0.00285836810715 	0.0622810115046 	0.15695393375 	0.0110107918612 	0.150878734907
7.11 	0 	0.722556390977 	0.165061553564 	-0.00551392300971 	0.0525033070043 	0.14165937427 	0.0111537760842 	0.132801734664
7.11 	0 	0.713533834586 	0.165061553564 	-0.00551392300971 	0.0525033070043 	0.14165937427 	0.0111537760842 	0.132801734664
7.11 	0 	0.704511278195 	0.165061553564 	-0.00551392300971 	0.0525033070043 	0.14165937427 	0.0111537760842 	0.132801734664
7.11 	0 	0.695488721804 	0.151500612785 	-0.00271796171774 	0.04578105557 	0.128493873399 	0.0125549089536 	0.123434530117
7.11 	0 	0.686466165414 	0.151500612785 	-0.00271796171774 	0.04578105557 	0.128493873399 	0.0125549089536 	0.123434530117
7.11 	0 	0.677443609023 	0.151500612785 	-0.00271796171774 	0.04578105557 	0.128493873399 	0.0125549089536 	0.123434530117
7.11 	0 	0.668421052632 	0.151500612785 	-0.00271796171774 	0.04578105557 	0.128493873399 	0.0125549089536 	0.123434530117
7.11 	0 	0.659398496241 	0.145935718185 	-0.00569361144656 	0.0429011354656 	0.112703452894 	0.00903144315903 	0.112932103846
7.11 	0 	0.65037593985 	0.145935718185 	-0.00569361144656 	0.0429011354656 	0.112703452894 	0.00903144315903 	0.112932103846
7.11 	0 	0.641353383459 	0.145935718185 	-0.00569361144656 	0.0429011354656 	0.112703452894 	0.00903144315903 	0.112932103846
7.11 	0 	0.632330827068 	0.134315659533 	-0.000509834279615 	0.0335481923211 	0.107515425442 	0.0071568117585 	0.103599213347
7.11 	0 	0.623308270677 	0.134315659533 	-0.000509834279615 	0.0335481923211 	0.107515425442 	0.0071568117585 	0.103599213347
7.11 	0 	0.614285714286 	0.134315659533 	-0.000509834279615 	0.0335481923211 	0.107515425442 	0.0071568117585 	0.103599213347
7.11 	0 	0.605263157895 	0.134315659533 	-0.000509834279615 	0.0335481923211 	0.107515425442 	0.0071568117585 	0.103599213347
7.11 	0 	0.596240601504 	0.140096231977 	0.00175659323685 	0.0277646296914 	0.0969994543244 	0.0072566125221 	0.0985227922261
7.11 	0 	0.587218045113 	0.140096231977 	0.00175659323685 	0.0277646296914 	0.0969994543244 	0.0072566125221 	0.0985227922261
7.11 	0 	0.578195488722 	0.140096231977 	0.00175659323685 	0.0277646296914 	0.0969994543244 	0.0072566125221 	0.0985227922261
7.11 	0 	0.569172932331 	0.12367531567 	-0.00287666276778 	0.0206331689476 	0.100203459779 	0.00681528223106 	0.0857973751122
7.11 	0 	0.56015037594 	0.12367531567 	-0.00287666276778 	0.0206331689476 	0.100203459779 	0.00681528223106 	0.0857973751122
7.11 	0 	0.551127819549 	0.12367531567 	-0.00287666276778 	0.0206331689476 	0.100203459779 	0.00681528223106 	0.0857973751122
7.11 	0 	0.542105263158 	0.12367531567 	-0.00287666276778 	0.0206331689476 	0.100203459779 	0.00681528223106 	0.0857973751122
7.11 	0 	0.533082706767 	0.126134716614 	0.00161652532208 	0.011419895772 	0.0966251155667 	0.0112260100648 	0.082885932806
7.11 	0 	0.524060150376 	0.126134716614 	0.00161652532208 	0.011419895772 	0.0966251155667 	0.0112260100648 	0.082885932806
7.11 	0 	0.515037593985 	0.126134716614 	0.00161652532208 	0.011419895772 	0.0966251155667 	0.0112260100648 	0.082885932806
7.11 	0 	0.506015037594 	0.133468594642 	0.00232029930157 	0.00367146539891 	0.0940878182257 	0.00879799420274 	0.0787730874894
7.11 	0 	0.496992481203 	0.133468594642 	0.00232029930157 	0.00367146539891 	0.0940878182257 	0.00879799420274 	0.0787730874894
7.11 	0 	0.487969924812 	0.133468594642 	0.00232029930157 	0.00367146539891 	0.0940878182257 	0.00879799420274 	0.0787730874894
7.11 	0 	0.478947368421 	0.133468594642 	0.00232029930157 	0.00367146539891 	0.0940878182257 	0.00879799420274 	0.0787730874894
7.11 	0 	0.46992481203 	0.133467616345 	-0.00137105083009 	-0.00446569921545 	0.0921457081366 	0.00818827182579 	0.071352053873
7.11 	0 	0.460902255639 	0.133467616345 	-0.00137105083009 	-0.00446569921545 	0.0921457081366 	0.00818827182579 	0.071352053873
7.11 	0 	0.451879699248 	0.133467616345 	-0.00137105083009 	-0.00446569921545 	0.0921457081366 	0.00818827182579 	0.071352053873
7.11 	0 	0.442857142857 	0.154577754827 	-0.00638901412835 	-0.0158686252141 	0.0948535328151 	0.00622459644836 	0.0710669324496
7.11 	0 	0.433834586466 	0.154577754827 	-0.00638901412835 	-0.0158686252141 	0.0948535328151 	0.00622459644836 	0.0710669324496
7.11 	0 	0.424812030075 	0.154577754827 	-0.00638901412835 	-0.0158686252141 	0.0948535328151 	0.00622459644836 	0.0710669324496
7.11 	0 	0.415789473684 	0.154577754827 	-0.00638901412835 	-0.0158686252141 	0.0948535328151 	0.00622459644836 	0.0710669324496
7.11 	0 	0.406766917293 	0.164636078304 	-0.00659722940806 	-0.0281928389152 	0.0952106691629 	0.00545307253447 	0.0650593277803
7.11 	0 	0.397744360902 	0.164636078304 	-0.00659722940806 	-0.0281928389152 	0.0952106691629 	0.00545307253447 	0.0650593277803
7.11 	0 	0.388721804511 	0.164636078304 	-0.00659722940806 	-0.0281928389152 	0.0952106691629 	0.00545307253447 	0.0650593277803
7.11 	0 	0.37969924812 	0.168481106145 	-0.00959874177967 	-0.0338552360746 	0.0934147283067 	0.00371757430544 	0.0618058782113
7.11 	0 	0.370676691729 	0.168481106145 	-0.00959874177967 	-0.0338552360746 	0.0934147283067 	0.00371757430544 	0.0618058782113
7.11 	0 	0.361654135338 	0.168481106145 	-0.00959874177967 	-0.0338552360746 	0.0934147283067 	0.00371757430544 	0.0618058782113
7.11 	0 	0.352631578947 	0.168481106145 	-0.00959874177967 	-0.0338552360746 	0.0934147283067 	0.00371757430544 	0.0618058782113
7.11 	0 	0.343609022556 	0.167143197152 	-0.00637572016469 	-0.0392460194736 	0.0976035300758 	0.001669277096 	0.0603727240263
7.11 	0 	0.334586466165 	0.167143197152 	-0.00637572016469 	-0.0392460194736 	0.0976035300758 	0.001669277096 	0.0603727240263
7.11 	0 	0.325563909774 	0.167143197152 	-0.00637572016469 	-0.0392460194736 	0.0976035300758 	0.001669277096 	0.0603727240263
7.11 	0 	0.316541353383 	0.175760457695 	-0.00339466426683 	-0.0446353628764 	0.101743893703 	-0.000178178748077 	0.0640533614948
7.11 	0 	0.307518796992 	0.175760457695 	-0.00339466426683 	-0.0446353628764 	0.101743893703 	-0.000178178748077 	0.0640533614948
7.11 	0 	0.298496240601 	0.175760457695 	-0.00339466426683 	-0.0446353628764 	0.101743893703 	-0.000178178748077 	0.0640533614948
7.11 	0 	0.289473684211 	0.175760457695 	-0.00339466426683 	-0.0446353628764 	0.101743893703 	-0.000178178748077 	0.0640533614948
7.11 	0 	0.28045112782 	0.192720633582 	-0.00142137929877 	-0.0505049603161 	0.103783741661 	0.005626155327 	0.0614488506587
7.11 	0 	0.271428571429 	0.192720633582 	-0.00142137929877 	-0.0505049603161 	0.103783741661 	0.005626155327 	0.0614488506587
7.11 	0 	0.262406015038 	0.192720633582 	-0.00142137929877 	-0.0505049603161 	0.103783741661 	0.005626155327 	0.0614488506587
7.11 	0 	0.253383458647 	0.192720633582 	-0.00142137929877 	-0.0505049603161 	0.103783741661 	0.005626155327 	0.0614488506587
7.11 	0 	0.244360902256 	0.192717660892 	0.000300502496789 	-0.0438462632233 	0.115122583666 	0.00511735238503 	0.0645576689503
7.11 	0 	0.235338345865 	0.192717660892 	0.000300502496789 	-0.0438462632233 	0.115122583666 	0.00511735238503 	0.0645576689503
7.11 	0 	0.226315789474 	0.192717660892 	0.000300502496789 	-0.0438462632233 	0.115122583666 	0.00511735238503 	0.0645576689503
7.11 	0 	0.217293233083 	0.192717660892 	0.000300502496789 	-0.0438462632233 	0.115122583666 	0.00511735238503 	0.0645576689503
7.11 	0 	0.208270676692 	0.192717660892 	0.000300502496789 	-0.0438462632233 	0.115122583666 	0.00511735238503 	0.0645576689503
7.11 	0 	0.199248120301 	0.192717660892 	0.000300502496789 	-0.0438462632233 	0.115122583666 	0.00511735238503 	0.0645576689503
7.11 	0 	0.19022556391 	0.192717660892 	0.000300502496789 	-0.0438462632233 	0.115122583666 	0.00511735238503 	0.0645576689503
7.11 	0 	0.181203007519 	0.21123686169 	0.00254409223854 	-0.0401434160338 	0.122619844377 	-1.32482363739e-05 	0.0565622923848
7.11 	0 	0.172180451128 	0.21123686169 	0.00254409223854 	-0.0401434160338 	0.122619844377 	-1.32482363739e-05 	0.0565622923848
7.11 	0 	0.163157894737 	0.21123686169 	0.00254409223854 	-0.0401434160338 	0.122619844377 	-1.32482363739e-05 	0.0565622923848
7.11 	0 	0.154135338346 	0.21123686169 	0.00254409223854 	-0.0401434160338 	0.122619844377 	-1.32482363739e-05 	0.0565622923848
7.11 	0 	0.145112781955 	0.21123686169 	0.00254409223854 	-0.0401434160338 	0.122619844377 	-1.32482363739e-05 	0.0565622923848
7.11 	0 	0.136090225564 	0.21123686169 	0.00254409223854 	-0.0401434160338 	0.122619844377 	-1.32482363739e-05 	0.0565622923848
7.11 	0 	0.127067669173 	0.21123686169 	0.00254409223854 	-0.0401434160338 	0.122619844377 	-1.32482363739e-05 	0.0565622923848
7.11 	0 	0.118045112782 	0.244943538964 	0.0118121336069 	-0.0311069467461 	0.113394465913 	-0.00147329812187 	0.0298411160228
7.11 	0 	0.109022556391 	0.244943538964 	0.0118121336069 	-0.0311069467461 	0.113394465913 	-0.00147329812187 	0.0298411160228
7.11 	0 	0.1 	0.244943538964 	0.0118121336069 	-0.0311069467461 	0.113394465913 	-0.00147329812187 	0.0298411160228
