11.85 	0 	3.7 	3.02601578911 	-0.708722408614 	0.120126554993 	2.48258678323 	0.0710529111126 	0.0943034015541
11.85 	0 	3.69097744361 	3.02601578911 	-0.708722408614 	0.120126554993 	2.48258678323 	0.0710529111126 	0.0943034015541
11.85 	0 	3.68195488722 	3.02601578911 	-0.708722408614 	0.120126554993 	2.48258678323 	0.0710529111126 	0.0943034015541
11.85 	0 	3.67293233083 	2.90633643292 	-0.69777727319 	0.493048509021 	2.57005943144 	0.0555228715102 	0.0886975564104
11.85 	0 	3.66390977444 	2.90633643292 	-0.69777727319 	0.493048509021 	2.57005943144 	0.0555228715102 	0.0886975564104
11.85 	0 	3.65488721805 	2.90633643292 	-0.69777727319 	0.493048509021 	2.57005943144 	0.0555228715102 	0.0886975564104
11.85 	0 	3.64586466165 	2.90633643292 	-0.69777727319 	0.493048509021 	2.57005943144 	0.0555228715102 	0.0886975564104
11.85 	0 	3.63684210526 	2.47398148894 	-0.350130478505 	0.692904219247 	2.70036909693 	0.04336681735 	0.0892094823346
11.85 	0 	3.62781954887 	2.47398148894 	-0.350130478505 	0.692904219247 	2.70036909693 	0.04336681735 	0.0892094823346
11.85 	0 	3.61879699248 	2.47398148894 	-0.350130478505 	0.692904219247 	2.70036909693 	0.04336681735 	0.0892094823346
11.85 	0 	3.60977443609 	2.11104455548 	0.104058301167 	0.703162380971 	2.77250778 	0.0465091529364 	0.0718737274534
11.85 	0 	3.6007518797 	2.11104455548 	0.104058301167 	0.703162380971 	2.77250778 	0.0465091529364 	0.0718737274534
11.85 	0 	3.59172932331 	2.11104455548 	0.104058301167 	0.703162380971 	2.77250778 	0.0465091529364 	0.0718737274534
11.85 	0 	3.58270676692 	2.11104455548 	0.104058301167 	0.703162380971 	2.77250778 	0.0465091529364 	0.0718737274534
11.85 	0 	3.57368421053 	2.31236075133 	0.657922004951 	0.918848232631 	2.80086374022 	0.0498368558891 	0.0676700604592
11.85 	0 	3.56466165414 	2.31236075133 	0.657922004951 	0.918848232631 	2.80086374022 	0.0498368558891 	0.0676700604592
11.85 	0 	3.55563909774 	2.31236075133 	0.657922004951 	0.918848232631 	2.80086374022 	0.0498368558891 	0.0676700604592
11.85 	0 	3.54661654135 	2.34068822437 	0.220086424738 	0.423829053742 	2.82672774895 	0.0605036712898 	0.0578818210692
11.85 	0 	3.53759398496 	2.34068822437 	0.220086424738 	0.423829053742 	2.82672774895 	0.0605036712898 	0.0578818210692
11.85 	0 	3.52857142857 	2.34068822437 	0.220086424738 	0.423829053742 	2.82672774895 	0.0605036712898 	0.0578818210692
11.85 	0 	3.51954887218 	2.34068822437 	0.220086424738 	0.423829053742 	2.82672774895 	0.0605036712898 	0.0578818210692
11.85 	0 	3.51052631579 	2.37029763747 	-0.082832679369 	0.454073523081 	2.83541234035 	0.0661027130656 	0.0539580894373
11.85 	0 	3.5015037594 	2.37029763747 	-0.082832679369 	0.454073523081 	2.83541234035 	0.0661027130656 	0.0539580894373
11.85 	0 	3.49248120301 	2.37029763747 	-0.082832679369 	0.454073523081 	2.83541234035 	0.0661027130656 	0.0539580894373
11.85 	0 	3.48345864662 	2.37029763747 	-0.082832679369 	0.454073523081 	2.83541234035 	0.0661027130656 	0.0539580894373
11.85 	0 	3.47443609023 	2.19162932604 	-0.0497293551112 	0.185927435749 	2.82596980436 	0.0534378408903 	0.0520122613822
11.85 	0 	3.46541353383 	2.19162932604 	-0.0497293551112 	0.185927435749 	2.82596980436 	0.0534378408903 	0.0520122613822
11.85 	0 	3.45639097744 	2.19162932604 	-0.0497293551112 	0.185927435749 	2.82596980436 	0.0534378408903 	0.0520122613822
11.85 	0 	3.44736842105 	2.25339190889 	-0.108358671457 	0.352481361838 	2.80464475408 	0.0532053667176 	0.0486973030327
11.85 	0 	3.43834586466 	2.25339190889 	-0.108358671457 	0.352481361838 	2.80464475408 	0.0532053667176 	0.0486973030327
11.85 	0 	3.42932330827 	2.25339190889 	-0.108358671457 	0.352481361838 	2.80464475408 	0.0532053667176 	0.0486973030327
11.85 	0 	3.42030075188 	2.25339190889 	-0.108358671457 	0.352481361838 	2.80464475408 	0.0532053667176 	0.0486973030327
11.85 	0 	3.41127819549 	2.18073963369 	-0.0863108026815 	0.639065769193 	2.72694157598 	0.0596087859508 	0.0461718216427
11.85 	0 	3.4022556391 	2.18073963369 	-0.0863108026815 	0.639065769193 	2.72694157598 	0.0596087859508 	0.0461718216427
11.85 	0 	3.39323308271 	2.18073963369 	-0.0863108026815 	0.639065769193 	2.72694157598 	0.0596087859508 	0.0461718216427
11.85 	0 	3.38421052632 	2.3036231982 	0.0976987044785 	0.483941269233 	2.67579017274 	0.0548667189419 	0.0343349501625
11.85 	0 	3.37518796992 	2.3036231982 	0.0976987044785 	0.483941269233 	2.67579017274 	0.0548667189419 	0.0343349501625
11.85 	0 	3.36616541353 	2.3036231982 	0.0976987044785 	0.483941269233 	2.67579017274 	0.0548667189419 	0.0343349501625
11.85 	0 	3.35714285714 	2.3036231982 	0.0976987044785 	0.483941269233 	2.67579017274 	0.0548667189419 	0.0343349501625
11.85 	0 	3.34812030075 	2.08885255762 	0.216842642278 	0.309734993251 	2.58867867912 	0.0697948402099 	0.0410684750748
11.85 	0 	3.33909774436 	2.08885255762 	0.216842642278 	0.309734993251 	2.58867867912 	0.0697948402099 	0.0410684750748
11.85 	0 	3.33007518797 	2.08885255762 	0.216842642278 	0.309734993251 	2.58867867912 	0.0697948402099 	0.0410684750748
11.85 	0 	3.32105263158 	2.39412954967 	0.074905464244 	0.468219945857 	2.53310401606 	0.0811063730479 	0.0395405146229
11.85 	0 	3.31203007519 	2.39412954967 	0.074905464244 	0.468219945857 	2.53310401606 	0.0811063730479 	0.0395405146229
11.85 	0 	3.3030075188 	2.39412954967 	0.074905464244 	0.468219945857 	2.53310401606 	0.0811063730479 	0.0395405146229
11.85 	0 	3.29398496241 	2.39412954967 	0.074905464244 	0.468219945857 	2.53310401606 	0.0811063730479 	0.0395405146229
11.85 	0 	3.28496240602 	2.68746605473 	0.0585727649231 	0.333778859087 	2.48063595649 	0.096869813194 	0.0559599579505
11.85 	0 	3.27593984962 	2.68746605473 	0.0585727649231 	0.333778859087 	2.48063595649 	0.096869813194 	0.0559599579505
11.85 	0 	3.26691729323 	2.68746605473 	0.0585727649231 	0.333778859087 	2.48063595649 	0.096869813194 	0.0559599579505
11.85 	0 	3.25789473684 	2.74098419471 	0.0482317623778 	0.473670257249 	2.41361368295 	0.115649458455 	0.0665212027687
11.85 	0 	3.24887218045 	2.74098419471 	0.0482317623778 	0.473670257249 	2.41361368295 	0.115649458455 	0.0665212027687
11.85 	0 	3.23984962406 	2.74098419471 	0.0482317623778 	0.473670257249 	2.41361368295 	0.115649458455 	0.0665212027687
11.85 	0 	3.23082706767 	2.74098419471 	0.0482317623778 	0.473670257249 	2.41361368295 	0.115649458455 	0.0665212027687
11.85 	0 	3.22180451128 	2.75279635991 	-0.0389688948745 	0.491904545208 	2.35993776107 	0.131040169795 	0.0819476172552
11.85 	0 	3.21278195489 	2.75279635991 	-0.0389688948745 	0.491904545208 	2.35993776107 	0.131040169795 	0.0819476172552
11.85 	0 	3.2037593985 	2.75279635991 	-0.0389688948745 	0.491904545208 	2.35993776107 	0.131040169795 	0.0819476172552
11.85 	0 	3.19473684211 	2.52225353273 	0.204743598973 	0.783650262705 	2.32427790824 	0.170126970073 	0.0911353266334
11.85 	0 	3.18571428571 	2.52225353273 	0.204743598973 	0.783650262705 	2.32427790824 	0.170126970073 	0.0911353266334
11.85 	0 	3.17669172932 	2.52225353273 	0.204743598973 	0.783650262705 	2.32427790824 	0.170126970073 	0.0911353266334
11.85 	0 	3.16766917293 	2.52225353273 	0.204743598973 	0.783650262705 	2.32427790824 	0.170126970073 	0.0911353266334
11.85 	0 	3.15864661654 	2.3897215552 	0.483792869868 	0.904561678286 	2.29115086367 	0.187043009422 	0.0947570580157
11.85 	0 	3.14962406015 	2.3897215552 	0.483792869868 	0.904561678286 	2.29115086367 	0.187043009422 	0.0947570580157
11.85 	0 	3.14060150376 	2.3897215552 	0.483792869868 	0.904561678286 	2.29115086367 	0.187043009422 	0.0947570580157
11.85 	0 	3.13157894737 	2.29589285828 	0.437820717082 	0.821185711057 	2.24908976962 	0.194011926649 	0.0972381093266
11.85 	0 	3.12255639098 	2.29589285828 	0.437820717082 	0.821185711057 	2.24908976962 	0.194011926649 	0.0972381093266
11.85 	0 	3.11353383459 	2.29589285828 	0.437820717082 	0.821185711057 	2.24908976962 	0.194011926649 	0.0972381093266
11.85 	0 	3.1045112782 	2.29589285828 	0.437820717082 	0.821185711057 	2.24908976962 	0.194011926649 	0.0972381093266
11.85 	0 	3.0954887218 	2.24260970742 	0.370340258941 	0.745561408771 	2.21486681591 	0.220653066786 	0.0975738698554
11.85 	0 	3.08646616541 	2.24260970742 	0.370340258941 	0.745561408771 	2.21486681591 	0.220653066786 	0.0975738698554
11.85 	0 	3.07744360902 	2.24260970742 	0.370340258941 	0.745561408771 	2.21486681591 	0.220653066786 	0.0975738698554
11.85 	0 	3.06842105263 	2.1380530738 	0.207589005629 	0.659840298642 	2.18838557958 	0.256580811565 	0.105937931351
11.85 	0 	3.05939849624 	2.51097206206 	0.190809056984 	1.04842246343 	2.19414233219 	0.253687666716 	0.10156242665
11.85 	0 	3.05037593985 	2.51097206206 	0.190809056984 	1.04842246343 	2.19414233219 	0.253687666716 	0.10156242665
11.85 	0 	3.04135338346 	2.51097206206 	0.190809056984 	1.04842246343 	2.19414233219 	0.253687666716 	0.10156242665
11.85 	0 	3.03233082707 	2.43447680317 	0.330203496153 	1.16172357772 	2.17276343149 	0.287037949506 	0.1100976371
11.85 	0 	3.02330827068 	2.43447680317 	0.330203496153 	1.16172357772 	2.17276343149 	0.287037949506 	0.1100976371
11.85 	0 	3.01428571429 	2.43447680317 	0.330203496153 	1.16172357772 	2.17276343149 	0.287037949506 	0.1100976371
11.85 	0 	3.00526315789 	2.34703303475 	0.41926469544 	0.796139408422 	2.16531300454 	0.297230372014 	0.118506502502
11.85 	0 	2.9962406015 	2.34703303475 	0.41926469544 	0.796139408422 	2.16531300454 	0.297230372014 	0.118506502502
11.85 	0 	2.98721804511 	2.34703303475 	0.41926469544 	0.796139408422 	2.16531300454 	0.297230372014 	0.118506502502
11.85 	0 	2.97819548872 	2.34703303475 	0.41926469544 	0.796139408422 	2.16531300454 	0.297230372014 	0.118506502502
11.85 	0 	2.96917293233 	2.5324257735 	0.357702342114 	0.831584744834 	2.14015171852 	0.308682567463 	0.123889807473
11.85 	0 	2.96015037594 	2.5324257735 	0.357702342114 	0.831584744834 	2.14015171852 	0.308682567463 	0.123889807473
11.85 	0 	2.95112781955 	2.5324257735 	0.357702342114 	0.831584744834 	2.14015171852 	0.308682567463 	0.123889807473
11.85 	0 	2.94210526316 	2.6641277782 	0.261917814178 	0.875401428595 	2.13225202426 	0.300020745253 	0.125595021067
11.85 	0 	2.93308270677 	2.6641277782 	0.261917814178 	0.875401428595 	2.13225202426 	0.300020745253 	0.125595021067
11.85 	0 	2.92406015038 	2.6641277782 	0.261917814178 	0.875401428595 	2.13225202426 	0.300020745253 	0.125595021067
11.85 	0 	2.91503759398 	2.6641277782 	0.261917814178 	0.875401428595 	2.13225202426 	0.300020745253 	0.125595021067
11.85 	0 	2.90601503759 	2.83440909674 	0.405659838445 	0.511981799123 	2.10625214112 	0.285843297733 	0.0934807838181
11.85 	0 	2.8969924812 	2.83440909674 	0.405659838445 	0.511981799123 	2.10625214112 	0.285843297733 	0.0934807838181
11.85 	0 	2.88796992481 	2.83440909674 	0.405659838445 	0.511981799123 	2.10625214112 	0.285843297733 	0.0934807838181
11.85 	0 	2.87894736842 	2.61778346538 	0.5330578681 	0.367103724003 	2.09658948133 	0.277629901459 	0.104157065654
11.85 	0 	2.86992481203 	2.61778346538 	0.5330578681 	0.367103724003 	2.09658948133 	0.277629901459 	0.104157065654
11.85 	0 	2.86090225564 	2.61778346538 	0.5330578681 	0.367103724003 	2.09658948133 	0.277629901459 	0.104157065654
11.85 	0 	2.85187969925 	2.61778346538 	0.5330578681 	0.367103724003 	2.09658948133 	0.277629901459 	0.104157065654
11.85 	0 	2.84285714286 	2.84598171594 	0.0308592268772 	0.599768116631 	2.10219699428 	0.262265698342 	0.116319730155
11.85 	0 	2.83383458647 	2.84598171594 	0.0308592268772 	0.599768116631 	2.10219699428 	0.262265698342 	0.116319730155
11.85 	0 	2.82481203008 	2.84598171594 	0.0308592268772 	0.599768116631 	2.10219699428 	0.262265698342 	0.116319730155
11.85 	0 	2.81578947368 	2.74452308913 	0.200881350779 	0.629136147701 	2.10195044756 	0.246694051671 	0.136144279473
11.85 	0 	2.80676691729 	2.74452308913 	0.200881350779 	0.629136147701 	2.10195044756 	0.246694051671 	0.136144279473
11.85 	0 	2.7977443609 	2.74452308913 	0.200881350779 	0.629136147701 	2.10195044756 	0.246694051671 	0.136144279473
11.85 	0 	2.78872180451 	2.74452308913 	0.200881350779 	0.629136147701 	2.10195044756 	0.246694051671 	0.136144279473
11.85 	0 	2.77969924812 	2.6074051158 	0.253996298853 	0.495055521433 	2.0848592859 	0.229494758239 	0.148032578566
11.85 	0 	2.77067669173 	2.6074051158 	0.253996298853 	0.495055521433 	2.0848592859 	0.229494758239 	0.148032578566
11.85 	0 	2.76165413534 	2.6074051158 	0.253996298853 	0.495055521433 	2.0848592859 	0.229494758239 	0.148032578566
11.85 	0 	2.75263157895 	2.40966829624 	0.440032717565 	0.672666268308 	2.08296916043 	0.213777792871 	0.152605812018
11.85 	0 	2.74360902256 	2.40966829624 	0.440032717565 	0.672666268308 	2.08296916043 	0.213777792871 	0.152605812018
11.85 	0 	2.73458646617 	2.40966829624 	0.440032717565 	0.672666268308 	2.08296916043 	0.213777792871 	0.152605812018
11.85 	0 	2.72556390977 	2.40966829624 	0.440032717565 	0.672666268308 	2.08296916043 	0.213777792871 	0.152605812018
11.85 	0 	2.71654135338 	2.4246190076 	0.4653941602 	0.714516288058 	2.07875715684 	0.208667369022 	0.159046938811
11.85 	0 	2.70751879699 	2.4246190076 	0.4653941602 	0.714516288058 	2.07875715684 	0.208667369022 	0.159046938811
11.85 	0 	2.6984962406 	2.4246190076 	0.4653941602 	0.714516288058 	2.07875715684 	0.208667369022 	0.159046938811
11.85 	0 	2.68947368421 	2.38234243993 	0.56410423369 	0.551181565563 	2.06601644029 	0.193611165314 	0.161448808089
11.85 	0 	2.68045112782 	2.38234243993 	0.56410423369 	0.551181565563 	2.06601644029 	0.193611165314 	0.161448808089
11.85 	0 	2.67142857143 	2.38234243993 	0.56410423369 	0.551181565563 	2.06601644029 	0.193611165314 	0.161448808089
11.85 	0 	2.66240601504 	2.38234243993 	0.56410423369 	0.551181565563 	2.06601644029 	0.193611165314 	0.161448808089
11.85 	0 	2.65338345865 	2.4888888432 	0.429622259133 	0.218029166434 	2.07001720036 	0.185879418528 	0.16028402506
11.85 	0 	2.64436090226 	2.4888888432 	0.429622259133 	0.218029166434 	2.07001720036 	0.185879418528 	0.16028402506
11.85 	0 	2.63533834586 	2.4888888432 	0.429622259133 	0.218029166434 	2.07001720036 	0.185879418528 	0.16028402506
11.85 	0 	2.62631578947 	2.74891886572 	0.0449345860035 	0.420689246586 	2.07720516486 	0.175322510469 	0.156534860588
11.85 	0 	2.61729323308 	2.74891886572 	0.0449345860035 	0.420689246586 	2.07720516486 	0.175322510469 	0.156534860588
11.85 	0 	2.60827067669 	2.74891886572 	0.0449345860035 	0.420689246586 	2.07720516486 	0.175322510469 	0.156534860588
11.85 	0 	2.5992481203 	2.74891886572 	0.0449345860035 	0.420689246586 	2.07720516486 	0.175322510469 	0.156534860588
11.85 	0 	2.59022556391 	1.97486142681 	0.0746455711968 	0.290219938184 	2.07381608581 	0.155461464955 	0.154238740174
11.85 	0 	2.58120300752 	1.97486142681 	0.0746455711968 	0.290219938184 	2.07381608581 	0.155461464955 	0.154238740174
11.85 	0 	2.57218045113 	1.97486142681 	0.0746455711968 	0.290219938184 	2.07381608581 	0.155461464955 	0.154238740174
11.85 	0 	2.56315789474 	1.95263860456 	0.12557819576 	0.309736014757 	2.06289483442 	0.13441653654 	0.138844731827
11.85 	0 	2.55413533835 	1.95263860456 	0.12557819576 	0.309736014757 	2.06289483442 	0.13441653654 	0.138844731827
11.85 	0 	2.54511278195 	1.95263860456 	0.12557819576 	0.309736014757 	2.06289483442 	0.13441653654 	0.138844731827
11.85 	0 	2.53609022556 	1.95263860456 	0.12557819576 	0.309736014757 	2.06289483442 	0.13441653654 	0.138844731827
11.85 	0 	2.52706766917 	2.12678340102 	0.135438263936 	0.438212308719 	2.05617015129 	0.113045758793 	0.134121272613
11.85 	0 	2.51804511278 	2.12678340102 	0.135438263936 	0.438212308719 	2.05617015129 	0.113045758793 	0.134121272613
11.85 	0 	2.50902255639 	2.12678340102 	0.135438263936 	0.438212308719 	2.05617015129 	0.113045758793 	0.134121272613
11.85 	0 	2.5 	2.16843530087 	-0.0302540415306 	0.416934676747 	2.04349554161 	0.0920512028758 	0.131672286856
11.85 	0 	2.49097744361 	2.16843530087 	-0.0302540415306 	0.416934676747 	2.04349554161 	0.0920512028758 	0.131672286856
11.85 	0 	2.48195488722 	2.16843530087 	-0.0302540415306 	0.416934676747 	2.04349554161 	0.0920512028758 	0.131672286856
11.85 	0 	2.47293233083 	2.16843530087 	-0.0302540415306 	0.416934676747 	2.04349554161 	0.0920512028758 	0.131672286856
11.85 	0 	2.46390977444 	1.90215079631 	-0.344839066708 	0.347741766191 	2.03632625218 	0.0747400384749 	0.136738640182
11.85 	0 	2.45488721805 	1.90215079631 	-0.344839066708 	0.347741766191 	2.03632625218 	0.0747400384749 	0.136738640182
11.85 	0 	2.44586466165 	1.90215079631 	-0.344839066708 	0.347741766191 	2.03632625218 	0.0747400384749 	0.136738640182
11.85 	0 	2.43684210526 	1.89654480244 	-0.389842831714 	0.37816486995 	2.04124805753 	0.0468411921309 	0.135702687351
11.85 	0 	2.42781954887 	1.89654480244 	-0.389842831714 	0.37816486995 	2.04124805753 	0.0468411921309 	0.135702687351
11.85 	0 	2.41879699248 	1.89654480244 	-0.389842831714 	0.37816486995 	2.04124805753 	0.0468411921309 	0.135702687351
11.85 	0 	2.40977443609 	1.89654480244 	-0.389842831714 	0.37816486995 	2.04124805753 	0.0468411921309 	0.135702687351
11.85 	0 	2.4007518797 	1.97052806904 	-0.477006624919 	0.323288481503 	2.03880390464 	0.0242216914798 	0.130461252084
11.85 	0 	2.39172932331 	1.97052806904 	-0.477006624919 	0.323288481503 	2.03880390464 	0.0242216914798 	0.130461252084
11.85 	0 	2.38270676692 	1.97052806904 	-0.477006624919 	0.323288481503 	2.03880390464 	0.0242216914798 	0.130461252084
11.85 	0 	2.37368421053 	2.04343578232 	-0.5391131647 	0.312953857267 	2.03350446115 	0.014659624804 	0.121385474895
11.85 	0 	2.36466165414 	2.04343578232 	-0.5391131647 	0.312953857267 	2.03350446115 	0.014659624804 	0.121385474895
11.85 	0 	2.35563909774 	2.04343578232 	-0.5391131647 	0.312953857267 	2.03350446115 	0.014659624804 	0.121385474895
11.85 	0 	2.34661654135 	2.04343578232 	-0.5391131647 	0.312953857267 	2.03350446115 	0.014659624804 	0.121385474895
11.85 	0 	2.33759398496 	2.35890812126 	-0.372124760379 	0.271429828823 	2.03952617534 	-0.00649558174374 	0.128745994633
11.85 	0 	2.32857142857 	2.35890812126 	-0.372124760379 	0.271429828823 	2.03952617534 	-0.00649558174374 	0.128745994633
11.85 	0 	2.31954887218 	2.35890812126 	-0.372124760379 	0.271429828823 	2.03952617534 	-0.00649558174374 	0.128745994633
11.85 	0 	2.31052631579 	2.37073814938 	-0.473232305318 	0.420212682401 	2.0311136799 	-0.0427099061835 	0.122868424052
11.85 	0 	2.3015037594 	2.37073814938 	-0.473232305318 	0.420212682401 	2.0311136799 	-0.0427099061835 	0.122868424052
11.85 	0 	2.29248120301 	2.37073814938 	-0.473232305318 	0.420212682401 	2.0311136799 	-0.0427099061835 	0.122868424052
11.85 	0 	2.28345864662 	2.37073814938 	-0.473232305318 	0.420212682401 	2.0311136799 	-0.0427099061835 	0.122868424052
11.85 	0 	2.27443609023 	2.05698173429 	-0.606125718582 	0.315380331414 	2.01820196584 	-0.0711817979112 	0.121587633399
11.85 	0 	2.26541353383 	2.05698173429 	-0.606125718582 	0.315380331414 	2.01820196584 	-0.0711817979112 	0.121587633399
11.85 	0 	2.25639097744 	2.05698173429 	-0.606125718582 	0.315380331414 	2.01820196584 	-0.0711817979112 	0.121587633399
11.85 	0 	2.24736842105 	1.98906016234 	-0.512321278654 	0.25699093601 	2.0260379448 	-0.0936897653133 	0.121393826097
11.85 	0 	2.23834586466 	1.98906016234 	-0.512321278654 	0.25699093601 	2.0260379448 	-0.0936897653133 	0.121393826097
11.85 	0 	2.22932330827 	1.98906016234 	-0.512321278654 	0.25699093601 	2.0260379448 	-0.0936897653133 	0.121393826097
11.85 	0 	2.22030075188 	1.98906016234 	-0.512321278654 	0.25699093601 	2.0260379448 	-0.0936897653133 	0.121393826097
11.85 	0 	2.21127819549 	1.99850912821 	-0.620439258836 	0.252592112837 	2.03781062019 	-0.111176901092 	0.117019939597
11.85 	0 	2.2022556391 	1.99850912821 	-0.620439258836 	0.252592112837 	2.03781062019 	-0.111176901092 	0.117019939597
11.85 	0 	2.19323308271 	1.99850912821 	-0.620439258836 	0.252592112837 	2.03781062019 	-0.111176901092 	0.117019939597
11.85 	0 	2.18421052632 	2.15451272376 	-0.97641522861 	0.133078225668 	2.05276845908 	-0.127356854956 	0.124859399854
11.85 	0 	2.17518796992 	2.15451272376 	-0.97641522861 	0.133078225668 	2.05276845908 	-0.127356854956 	0.124859399854
11.85 	0 	2.16616541353 	2.15451272376 	-0.97641522861 	0.133078225668 	2.05276845908 	-0.127356854956 	0.124859399854
11.85 	0 	2.15714285714 	2.15451272376 	-0.97641522861 	0.133078225668 	2.05276845908 	-0.127356854956 	0.124859399854
11.85 	0 	2.14812030075 	2.18621120617 	-1.0933720866 	0.0517063909582 	2.06361302702 	-0.141231775532 	0.113975989958
11.85 	0 	2.13909774436 	2.18621120617 	-1.0933720866 	0.0517063909582 	2.06361302702 	-0.141231775532 	0.113975989958
11.85 	0 	2.13007518797 	2.18621120617 	-1.0933720866 	0.0517063909582 	2.06361302702 	-0.141231775532 	0.113975989958
11.85 	0 	2.12105263158 	2.20481062403 	-1.267546888 	0.0720972591182 	2.08063432958 	-0.154634341286 	0.11061268635
11.85 	0 	2.11203007519 	2.20481062403 	-1.267546888 	0.0720972591182 	2.08063432958 	-0.154634341286 	0.11061268635
11.85 	0 	2.1030075188 	2.20481062403 	-1.267546888 	0.0720972591182 	2.08063432958 	-0.154634341286 	0.11061268635
11.85 	0 	2.09398496241 	2.20481062403 	-1.267546888 	0.0720972591182 	2.08063432958 	-0.154634341286 	0.11061268635
11.85 	0 	2.08496240602 	2.21256158421 	-0.917562963534 	-0.0108369438028 	2.10691370729 	-0.163427715633 	0.103446326183
11.85 	0 	2.07593984962 	2.21256158421 	-0.917562963534 	-0.0108369438028 	2.10691370729 	-0.163427715633 	0.103446326183
11.85 	0 	2.06691729323 	2.21256158421 	-0.917562963534 	-0.0108369438028 	2.10691370729 	-0.163427715633 	0.103446326183
11.85 	0 	2.05789473684 	2.15109434452 	-0.940184196666 	-0.042274777649 	2.11456174824 	-0.174586326436 	0.0976122242172
11.85 	0 	2.04887218045 	2.15109434452 	-0.940184196666 	-0.042274777649 	2.11456174824 	-0.174586326436 	0.0976122242172
11.85 	0 	2.03984962406 	2.15109434452 	-0.940184196666 	-0.042274777649 	2.11456174824 	-0.174586326436 	0.0976122242172
11.85 	0 	2.03082706767 	2.15109434452 	-0.940184196666 	-0.042274777649 	2.11456174824 	-0.174586326436 	0.0976122242172
11.85 	0 	2.02180451128 	1.98398908907 	-0.584608670743 	-0.287347803776 	2.12558435756 	-0.183857872848 	0.0869017967788
11.85 	0 	2.01278195489 	1.98398908907 	-0.584608670743 	-0.287347803776 	2.12558435756 	-0.183857872848 	0.0869017967788
11.85 	0 	2.0037593985 	1.98398908907 	-0.584608670743 	-0.287347803776 	2.12558435756 	-0.183857872848 	0.0869017967788
11.85 	0 	1.99473684211 	2.34611978486 	-0.884125509644 	-0.0554429824247 	2.13347447204 	-0.183731721328 	0.0781305924037
11.85 	0 	1.98571428571 	2.34611978486 	-0.884125509644 	-0.0554429824247 	2.13347447204 	-0.183731721328 	0.0781305924037
11.85 	0 	1.97669172932 	2.34611978486 	-0.884125509644 	-0.0554429824247 	2.13347447204 	-0.183731721328 	0.0781305924037
11.85 	0 	1.96766917293 	2.34611978486 	-0.884125509644 	-0.0554429824247 	2.13347447204 	-0.183731721328 	0.0781305924037
11.85 	0 	1.95864661654 	2.04480491173 	-0.636208479935 	-0.346050028871 	2.14749091866 	-0.187479177816 	0.0815498117428
11.85 	0 	1.94962406015 	2.04480491173 	-0.636208479935 	-0.346050028871 	2.14749091866 	-0.187479177816 	0.0815498117428
11.85 	0 	1.94060150376 	2.04480491173 	-0.636208479935 	-0.346050028871 	2.14749091866 	-0.187479177816 	0.0815498117428
11.85 	0 	1.93157894737 	2.15275103426 	-0.761577781014 	-0.237031509638 	2.17203940267 	-0.191987033693 	0.0809485074879
11.85 	0 	1.92255639098 	2.15275103426 	-0.761577781014 	-0.237031509638 	2.17203940267 	-0.191987033693 	0.0809485074879
11.85 	0 	1.91353383459 	2.15275103426 	-0.761577781014 	-0.237031509638 	2.17203940267 	-0.191987033693 	0.0809485074879
11.85 	0 	1.9045112782 	2.15275103426 	-0.761577781014 	-0.237031509638 	2.17203940267 	-0.191987033693 	0.0809485074879
11.85 	0 	1.8954887218 	2.42905049162 	-0.933121854593 	-0.210493894717 	2.20416945809 	-0.19749448896 	0.0765793104523
11.85 	0 	1.88646616541 	2.42905049162 	-0.933121854593 	-0.210493894717 	2.20416945809 	-0.19749448896 	0.0765793104523
11.85 	0 	1.87744360902 	2.42905049162 	-0.933121854593 	-0.210493894717 	2.20416945809 	-0.19749448896 	0.0765793104523
11.85 	0 	1.86842105263 	2.42905049162 	-0.933121854593 	-0.210493894717 	2.20416945809 	-0.19749448896 	0.0765793104523
11.85 	0 	1.85939849624 	2.08540127581 	-0.6588780047 	-0.542614392669 	2.21716280484 	-0.195887332563 	0.0761122236936
11.85 	0 	1.85037593985 	2.08540127581 	-0.6588780047 	-0.542614392669 	2.21716280484 	-0.195887332563 	0.0761122236936
11.85 	0 	1.84135338346 	2.08540127581 	-0.6588780047 	-0.542614392669 	2.21716280484 	-0.195887332563 	0.0761122236936
11.85 	0 	1.83233082707 	2.49043845578 	-0.960257253617 	-0.277806018277 	2.23999923075 	-0.194377253139 	0.0766432450216
11.85 	0 	1.82330827068 	2.49043845578 	-0.960257253617 	-0.277806018277 	2.23999923075 	-0.194377253139 	0.0766432450216
11.85 	0 	1.81428571429 	2.49043845578 	-0.960257253617 	-0.277806018277 	2.23999923075 	-0.194377253139 	0.0766432450216
11.85 	0 	1.80526315789 	2.49043845578 	-0.960257253617 	-0.277806018277 	2.23999923075 	-0.194377253139 	0.0766432450216
11.85 	0 	1.7962406015 	2.50595309075 	-0.97693367701 	-0.188079908861 	2.2600875649 	-0.201624930779 	0.0753155369311
11.85 	0 	1.78721804511 	2.50595309075 	-0.97693367701 	-0.188079908861 	2.2600875649 	-0.201624930779 	0.0753155369311
11.85 	0 	1.77819548872 	2.50595309075 	-0.97693367701 	-0.188079908861 	2.2600875649 	-0.201624930779 	0.0753155369311
11.85 	0 	1.76917293233 	2.44496404802 	-0.749807151589 	-0.261523996214 	2.2791262588 	-0.192294433013 	0.07256745541
11.85 	0 	1.76015037594 	2.44496404802 	-0.749807151589 	-0.261523996214 	2.2791262588 	-0.192294433013 	0.07256745541
11.85 	0 	1.75112781955 	2.44496404802 	-0.749807151589 	-0.261523996214 	2.2791262588 	-0.192294433013 	0.07256745541
11.85 	0 	1.74210526316 	2.47635779356 	-0.862398680185 	-0.262121143499 	2.28166493136 	-0.188526621336 	0.084366255191
11.85 	0 	1.73308270677 	2.31769381731 	-0.760405062569 	-0.178973865732 	2.27764493444 	-0.182156904957 	0.0828078960585
11.85 	0 	1.72406015038 	2.31769381731 	-0.760405062569 	-0.178973865732 	2.27764493444 	-0.182156904957 	0.0828078960585
11.85 	0 	1.71503759398 	2.31769381731 	-0.760405062569 	-0.178973865732 	2.27764493444 	-0.182156904957 	0.0828078960585
11.85 	0 	1.70601503759 	2.42687875286 	-0.956441285057 	-0.211918020231 	2.2942327924 	-0.179163402747 	0.0733938994356
11.85 	0 	1.6969924812 	2.42687875286 	-0.956441285057 	-0.211918020231 	2.2942327924 	-0.179163402747 	0.0733938994356
11.85 	0 	1.68796992481 	2.42687875286 	-0.956441285057 	-0.211918020231 	2.2942327924 	-0.179163402747 	0.0733938994356
11.85 	0 	1.67894736842 	2.42687875286 	-0.956441285057 	-0.211918020231 	2.2942327924 	-0.179163402747 	0.0733938994356
11.85 	0 	1.66992481203 	2.60865458928 	-0.969280580026 	-0.133590319779 	2.31639526527 	-0.168248633173 	0.0775462979958
11.85 	0 	1.66090225564 	2.60865458928 	-0.969280580026 	-0.133590319779 	2.31639526527 	-0.168248633173 	0.0775462979958
11.85 	0 	1.65187969925 	2.60865458928 	-0.969280580026 	-0.133590319779 	2.31639526527 	-0.168248633173 	0.0775462979958
11.85 	0 	1.64285714286 	2.37653452713 	-0.803365827326 	-0.16001199468 	2.34227026082 	-0.152095163943 	0.0770421134413
11.85 	0 	1.63383458647 	2.37653452713 	-0.803365827326 	-0.16001199468 	2.34227026082 	-0.152095163943 	0.0770421134413
11.85 	0 	1.62481203008 	2.37653452713 	-0.803365827326 	-0.16001199468 	2.34227026082 	-0.152095163943 	0.0770421134413
11.85 	0 	1.61578947368 	2.37653452713 	-0.803365827326 	-0.16001199468 	2.34227026082 	-0.152095163943 	0.0770421134413
11.85 	0 	1.60676691729 	2.35244648894 	-0.781488881825 	-0.328655696187 	2.37165947656 	-0.143642055827 	0.0874280818738
11.85 	0 	1.5977443609 	2.35244648894 	-0.781488881825 	-0.328655696187 	2.37165947656 	-0.143642055827 	0.0874280818738
11.85 	0 	1.58872180451 	2.35244648894 	-0.781488881825 	-0.328655696187 	2.37165947656 	-0.143642055827 	0.0874280818738
11.85 	0 	1.57969924812 	2.431246771 	-0.93265441117 	-0.518796464116 	2.39257844854 	-0.142224401731 	0.0858793678318
11.85 	0 	1.57067669173 	2.431246771 	-0.93265441117 	-0.518796464116 	2.39257844854 	-0.142224401731 	0.0858793678318
11.85 	0 	1.56165413534 	2.431246771 	-0.93265441117 	-0.518796464116 	2.39257844854 	-0.142224401731 	0.0858793678318
11.85 	0 	1.55263157895 	2.431246771 	-0.93265441117 	-0.518796464116 	2.39257844854 	-0.142224401731 	0.0858793678318
11.85 	0 	1.54360902256 	2.40999525726 	-0.890309711143 	-0.388671922422 	2.42952210964 	-0.133983373462 	0.0845873110024
11.85 	0 	1.53458646617 	2.40999525726 	-0.890309711143 	-0.388671922422 	2.42952210964 	-0.133983373462 	0.0845873110024
11.85 	0 	1.52556390977 	2.40999525726 	-0.890309711143 	-0.388671922422 	2.42952210964 	-0.133983373462 	0.0845873110024
11.85 	0 	1.51654135338 	2.4248694247 	-1.01745733284 	-0.296073622643 	2.46708553379 	-0.126603184233 	0.0884290090868
11.85 	0 	1.50751879699 	2.4248694247 	-1.01745733284 	-0.296073622643 	2.46708553379 	-0.126603184233 	0.0884290090868
11.85 	0 	1.4984962406 	2.4248694247 	-1.01745733284 	-0.296073622643 	2.46708553379 	-0.126603184233 	0.0884290090868
11.85 	0 	1.48947368421 	2.4248694247 	-1.01745733284 	-0.296073622643 	2.46708553379 	-0.126603184233 	0.0884290090868
11.85 	0 	1.48045112782 	2.65051660986 	-1.19733658706 	0.0175662085257 	2.49593719729 	-0.108322082103 	0.0811413820063
11.85 	0 	1.47142857143 	2.65051660986 	-1.19733658706 	0.0175662085257 	2.49593719729 	-0.108322082103 	0.0811413820063
11.85 	0 	1.46240601504 	2.65051660986 	-1.19733658706 	0.0175662085257 	2.49593719729 	-0.108322082103 	0.0811413820063
11.85 	0 	1.45338345865 	2.48083329986 	-1.19193485744 	-0.298868914277 	2.51154829734 	-0.0994474086216 	0.0823263738037
11.85 	0 	1.44436090226 	2.48083329986 	-1.19193485744 	-0.298868914277 	2.51154829734 	-0.0994474086216 	0.0823263738037
11.85 	0 	1.43533834586 	2.48083329986 	-1.19193485744 	-0.298868914277 	2.51154829734 	-0.0994474086216 	0.0823263738037
11.85 	0 	1.42631578947 	2.48083329986 	-1.19193485744 	-0.298868914277 	2.51154829734 	-0.0994474086216 	0.0823263738037
11.85 	0 	1.41729323308 	2.48306093927 	-1.06487374881 	-0.241357461996 	2.54745355119 	-0.0838768758294 	0.0804884151031
11.85 	0 	1.40827067669 	2.48306093927 	-1.06487374881 	-0.241357461996 	2.54745355119 	-0.0838768758294 	0.0804884151031
11.85 	0 	1.3992481203 	2.48306093927 	-1.06487374881 	-0.241357461996 	2.54745355119 	-0.0838768758294 	0.0804884151031
11.85 	0 	1.39022556391 	2.5744217628 	-1.01380930158 	-0.162238722202 	2.57847648222 	-0.0748222220953 	0.0736087608334
11.85 	0 	1.38120300752 	2.5744217628 	-1.01380930158 	-0.162238722202 	2.57847648222 	-0.0748222220953 	0.0736087608334
11.85 	0 	1.37218045113 	2.5744217628 	-1.01380930158 	-0.162238722202 	2.57847648222 	-0.0748222220953 	0.0736087608334
11.85 	0 	1.36315789474 	2.5744217628 	-1.01380930158 	-0.162238722202 	2.57847648222 	-0.0748222220953 	0.0736087608334
11.85 	0 	1.35413533835 	2.45122248307 	-1.00775088517 	-0.198098730639 	2.61195984154 	-0.0729522425988 	0.0746823380482
11.85 	0 	1.34511278195 	2.45122248307 	-1.00775088517 	-0.198098730639 	2.61195984154 	-0.0729522425988 	0.0746823380482
11.85 	0 	1.33609022556 	2.45122248307 	-1.00775088517 	-0.198098730639 	2.61195984154 	-0.0729522425988 	0.0746823380482
11.85 	0 	1.32706766917 	2.76468652959 	-1.01589300571 	-0.079146278814 	2.64673309179 	-0.0614834780749 	0.0811205657946
11.85 	0 	1.31804511278 	2.76468652959 	-1.01589300571 	-0.079146278814 	2.64673309179 	-0.0614834780749 	0.0811205657946
11.85 	0 	1.30902255639 	2.76468652959 	-1.01589300571 	-0.079146278814 	2.64673309179 	-0.0614834780749 	0.0811205657946
11.85 	0 	1.3 	2.76468652959 	-1.01589300571 	-0.079146278814 	2.64673309179 	-0.0614834780749 	0.0811205657946
11.85 	0 	1.29097744361 	2.4826535643 	-1.12438271704 	-0.124400197336 	2.66420618495 	-0.0487430029225 	0.0823786336978
11.85 	0 	1.28195488722 	2.4826535643 	-1.12438271704 	-0.124400197336 	2.66420618495 	-0.0487430029225 	0.0823786336978
11.85 	0 	1.27293233083 	2.4826535643 	-1.12438271704 	-0.124400197336 	2.66420618495 	-0.0487430029225 	0.0823786336978
11.85 	0 	1.26390977444 	2.50675004735 	-1.0354351825 	-0.0281955355252 	2.70948386915 	-0.0384574211336 	0.0822240393496
11.85 	0 	1.25488721805 	2.50675004735 	-1.0354351825 	-0.0281955355252 	2.70948386915 	-0.0384574211336 	0.0822240393496
11.85 	0 	1.24586466165 	2.50675004735 	-1.0354351825 	-0.0281955355252 	2.70948386915 	-0.0384574211336 	0.0822240393496
11.85 	0 	1.23684210526 	2.50675004735 	-1.0354351825 	-0.0281955355252 	2.70948386915 	-0.0384574211336 	0.0822240393496
11.85 	0 	1.22781954887 	2.45387627515 	-0.819268265263 	-0.270076560973 	2.74533616328 	-0.0430052168628 	0.0843639205988
11.85 	0 	1.21879699248 	2.45387627515 	-0.819268265263 	-0.270076560973 	2.74533616328 	-0.0430052168628 	0.0843639205988
11.85 	0 	1.20977443609 	2.45387627515 	-0.819268265263 	-0.270076560973 	2.74533616328 	-0.0430052168628 	0.0843639205988
11.85 	0 	1.2007518797 	2.37783257393 	-0.671129122947 	-0.261652537461 	2.76520862394 	-0.0514757949831 	0.0936721647493
11.85 	0 	1.19172932331 	2.37783257393 	-0.671129122947 	-0.261652537461 	2.76520862394 	-0.0514757949831 	0.0936721647493
11.85 	0 	1.18270676692 	2.37783257393 	-0.671129122947 	-0.261652537461 	2.76520862394 	-0.0514757949831 	0.0936721647493
11.85 	0 	1.17368421053 	2.37783257393 	-0.671129122947 	-0.261652537461 	2.76520862394 	-0.0514757949831 	0.0936721647493
11.85 	0 	1.16466165414 	2.65452766673 	-0.812755054538 	-0.0784934778772 	2.78480607862 	-0.0565419592191 	0.0919152897225
11.85 	0 	1.15563909774 	2.65452766673 	-0.812755054538 	-0.0784934778772 	2.78480607862 	-0.0565419592191 	0.0919152897225
11.85 	0 	1.14661654135 	2.65452766673 	-0.812755054538 	-0.0784934778772 	2.78480607862 	-0.0565419592191 	0.0919152897225
11.85 	0 	1.13759398496 	2.53038189151 	-0.735239934771 	-0.073941577069 	2.80802723637 	-0.0472064912501 	0.0952243465664
11.85 	0 	1.12857142857 	2.53038189151 	-0.735239934771 	-0.073941577069 	2.80802723637 	-0.0472064912501 	0.0952243465664
11.85 	0 	1.11954887218 	2.53038189151 	-0.735239934771 	-0.073941577069 	2.80802723637 	-0.0472064912501 	0.0952243465664
11.85 	0 	1.11052631579 	2.53038189151 	-0.735239934771 	-0.073941577069 	2.80802723637 	-0.0472064912501 	0.0952243465664
11.85 	0 	1.1015037594 	2.42383768229 	-0.805289533851 	-0.241599610118 	2.83486148077 	-0.0536396261895 	0.0946476857989
11.85 	0 	1.09248120301 	2.42383768229 	-0.805289533851 	-0.241599610118 	2.83486148077 	-0.0536396261895 	0.0946476857989
11.85 	0 	1.08345864662 	2.42383768229 	-0.805289533851 	-0.241599610118 	2.83486148077 	-0.0536396261895 	0.0946476857989
11.85 	0 	1.07443609023 	2.55643122523 	-0.557558693718 	-0.451531799921 	2.86775494977 	-0.0647462592963 	0.0954556054426
11.85 	0 	1.06541353383 	2.55643122523 	-0.557558693718 	-0.451531799921 	2.86775494977 	-0.0647462592963 	0.0954556054426
11.85 	0 	1.05639097744 	2.55643122523 	-0.557558693718 	-0.451531799921 	2.86775494977 	-0.0647462592963 	0.0954556054426
11.85 	0 	1.04736842105 	2.55643122523 	-0.557558693718 	-0.451531799921 	2.86775494977 	-0.0647462592963 	0.0954556054426
11.85 	0 	1.03834586466 	2.51433671401 	-0.56613085843 	-0.378687803729 	2.89361909769 	-0.0702719301414 	0.0915968304193
11.85 	0 	1.02932330827 	2.51433671401 	-0.56613085843 	-0.378687803729 	2.89361909769 	-0.0702719301414 	0.0915968304193
11.85 	0 	1.02030075188 	2.51433671401 	-0.56613085843 	-0.378687803729 	2.89361909769 	-0.0702719301414 	0.0915968304193
11.85 	0 	1.01127819549 	2.57071245662 	-0.550137488239 	-0.23377949231 	2.90768817699 	-0.0776963062983 	0.0782416349891
11.85 	0 	1.0022556391 	2.57071245662 	-0.550137488239 	-0.23377949231 	2.90768817699 	-0.0776963062983 	0.0782416349891
11.85 	0 	0.993233082707 	2.57071245662 	-0.550137488239 	-0.23377949231 	2.90768817699 	-0.0776963062983 	0.0782416349891
11.85 	0 	0.984210526316 	2.57071245662 	-0.550137488239 	-0.23377949231 	2.90768817699 	-0.0776963062983 	0.0782416349891
11.85 	0 	0.975187969925 	2.52494386545 	-0.553497503741 	-0.0210075494964 	2.91280690208 	-0.0827892502285 	0.0704867568017
11.85 	0 	0.966165413534 	2.52494386545 	-0.553497503741 	-0.0210075494964 	2.91280690208 	-0.0827892502285 	0.0704867568017
11.85 	0 	0.957142857143 	2.52494386545 	-0.553497503741 	-0.0210075494964 	2.91280690208 	-0.0827892502285 	0.0704867568017
11.85 	0 	0.948120300752 	2.37406126262 	-0.416279358526 	0.0119336945005 	2.93511328827 	-0.0930800844742 	0.0643473577066
11.85 	0 	0.939097744361 	2.37406126262 	-0.416279358526 	0.0119336945005 	2.93511328827 	-0.0930800844742 	0.0643473577066
11.85 	0 	0.93007518797 	2.30277545515 	-0.267596817776 	-0.0499908614073 	2.93551718368 	-0.0836903391232 	0.0693071575322
11.85 	0 	0.921052631579 	2.30277545515 	-0.267596817776 	-0.0499908614073 	2.93551718368 	-0.0836903391232 	0.0693071575322
11.85 	0 	0.912030075188 	2.22432032512 	-0.0237288865215 	-0.134135141724 	2.94998591723 	-0.0900767869998 	0.0601848455761
11.85 	0 	0.903007518797 	2.22432032512 	-0.0237288865215 	-0.134135141724 	2.94998591723 	-0.0900767869998 	0.0601848455761
11.85 	0 	0.893984962406 	2.22432032512 	-0.0237288865215 	-0.134135141724 	2.94998591723 	-0.0900767869998 	0.0601848455761
11.85 	0 	0.884962406015 	2.22589139098 	0.0509865639832 	-0.206762887355 	2.95057257087 	-0.0886737056208 	0.0586951888476
11.85 	0 	0.875939849624 	2.22589139098 	0.0509865639832 	-0.206762887355 	2.95057257087 	-0.0886737056208 	0.0586951888476
11.85 	0 	0.866917293233 	2.22589139098 	0.0509865639832 	-0.206762887355 	2.95057257087 	-0.0886737056208 	0.0586951888476
11.85 	0 	0.857894736842 	2.22589139098 	0.0509865639832 	-0.206762887355 	2.95057257087 	-0.0886737056208 	0.0586951888476
11.85 	0 	0.848872180451 	2.23049524371 	-0.123032164113 	-0.37962111573 	2.95676111159 	-0.0851707723358 	0.0438884479104
11.85 	0 	0.83984962406 	2.23049524371 	-0.123032164113 	-0.37962111573 	2.95676111159 	-0.0851707723358 	0.0438884479104
11.85 	0 	0.830827067669 	2.23049524371 	-0.123032164113 	-0.37962111573 	2.95676111159 	-0.0851707723358 	0.0438884479104
11.85 	0 	0.821804511278 	2.29642276649 	-0.297621355018 	-0.345043251472 	2.94849079338 	-0.0715359184177 	0.0382601453414
11.85 	0 	0.812781954887 	2.29642276649 	-0.297621355018 	-0.345043251472 	2.94849079338 	-0.0715359184177 	0.0382601453414
11.85 	0 	0.803759398496 	2.29642276649 	-0.297621355018 	-0.345043251472 	2.94849079338 	-0.0715359184177 	0.0382601453414
11.85 	0 	0.794736842105 	2.29642276649 	-0.297621355018 	-0.345043251472 	2.94849079338 	-0.0715359184177 	0.0382601453414
11.85 	0 	0.785714285714 	2.43985794555 	-0.340864362607 	-0.161749127461 	2.95407165534 	-0.080089492316 	0.0352238337708
11.85 	0 	0.776691729323 	2.43985794555 	-0.340864362607 	-0.161749127461 	2.95407165534 	-0.080089492316 	0.0352238337708
11.85 	0 	0.767669172932 	2.43985794555 	-0.340864362607 	-0.161749127461 	2.95407165534 	-0.080089492316 	0.0352238337708
11.85 	0 	0.758646616541 	2.63459190841 	-0.391592922529 	0.00147165893667 	2.96623930906 	-0.0917876866348 	0.0283272822882
11.85 	0 	0.74962406015 	2.63459190841 	-0.391592922529 	0.00147165893667 	2.96623930906 	-0.0917876866348 	0.0283272822882
11.85 	0 	0.740601503759 	2.63459190841 	-0.391592922529 	0.00147165893667 	2.96623930906 	-0.0917876866348 	0.0283272822882
11.85 	0 	0.731578947368 	2.63459190841 	-0.391592922529 	0.00147165893667 	2.96623930906 	-0.0917876866348 	0.0283272822882
11.85 	0 	0.722556390977 	2.55064164641 	-0.433382923115 	0.0924733106288 	2.95873155393 	-0.0856014919369 	0.0273167040676
11.85 	0 	0.713533834586 	2.55064164641 	-0.433382923115 	0.0924733106288 	2.95873155393 	-0.0856014919369 	0.0273167040676
11.85 	0 	0.704511278195 	2.55064164641 	-0.433382923115 	0.0924733106288 	2.95873155393 	-0.0856014919369 	0.0273167040676
11.85 	0 	0.695488721804 	2.30863999128 	-0.146327166465 	0.225514377957 	2.95127420061 	-0.0831948712251 	0.0308697478377
11.85 	0 	0.686466165414 	2.30863999128 	-0.146327166465 	0.225514377957 	2.95127420061 	-0.0831948712251 	0.0308697478377
11.85 	0 	0.677443609023 	2.30863999128 	-0.146327166465 	0.225514377957 	2.95127420061 	-0.0831948712251 	0.0308697478377
11.85 	0 	0.668421052632 	2.30863999128 	-0.146327166465 	0.225514377957 	2.95127420061 	-0.0831948712251 	0.0308697478377
11.85 	0 	0.659398496241 	2.17366204292 	-0.159757493338 	0.546114540563 	2.94407416611 	-0.0785573409562 	0.0206095491146
11.85 	0 	0.65037593985 	2.17366204292 	-0.159757493338 	0.546114540563 	2.94407416611 	-0.0785573409562 	0.0206095491146
11.85 	0 	0.641353383459 	2.17366204292 	-0.159757493338 	0.546114540563 	2.94407416611 	-0.0785573409562 	0.0206095491146
11.85 	0 	0.632330827068 	2.2094471436 	-0.46321952284 	0.629720282615 	2.9271996021 	-0.0707636580683 	0.0275306896806
11.85 	0 	0.623308270677 	2.2094471436 	-0.46321952284 	0.629720282615 	2.9271996021 	-0.0707636580683 	0.0275306896806
11.85 	0 	0.614285714286 	2.2094471436 	-0.46321952284 	0.629720282615 	2.9271996021 	-0.0707636580683 	0.0275306896806
11.85 	0 	0.605263157895 	2.2094471436 	-0.46321952284 	0.629720282615 	2.9271996021 	-0.0707636580683 	0.0275306896806
11.85 	0 	0.596240601504 	2.39240236772 	-0.403949235301 	0.333585585608 	2.91860985457 	-0.0612009295264 	0.0171035540321
11.85 	0 	0.587218045113 	2.39240236772 	-0.403949235301 	0.333585585608 	2.91860985457 	-0.0612009295264 	0.0171035540321
11.85 	0 	0.578195488722 	2.48869098738 	-0.234107225676 	0.299930735302 	2.91779156542 	-0.0701264471956 	0.0131238390078
11.85 	0 	0.569172932331 	2.37620930318 	-0.134252915158 	0.280544601746 	2.90086436647 	-0.0551835058251 	0.0172009865391
11.85 	0 	0.56015037594 	2.37620930318 	-0.134252915158 	0.280544601746 	2.90086436647 	-0.0551835058251 	0.0172009865391
11.85 	0 	0.551127819549 	2.37620930318 	-0.134252915158 	0.280544601746 	2.90086436647 	-0.0551835058251 	0.0172009865391
11.85 	0 	0.542105263158 	2.37620930318 	-0.134252915158 	0.280544601746 	2.90086436647 	-0.0551835058251 	0.0172009865391
11.85 	0 	0.533082706767 	2.55316282772 	-0.100019328105 	0.183095730731 	2.87094574123 	-0.05054043002 	0.0094353583085
11.85 	0 	0.524060150376 	2.55316282772 	-0.100019328105 	0.183095730731 	2.87094574123 	-0.05054043002 	0.0094353583085
11.85 	0 	0.515037593985 	2.55316282772 	-0.100019328105 	0.183095730731 	2.87094574123 	-0.05054043002 	0.0094353583085
11.85 	0 	0.506015037594 	2.48602396742 	-0.127189509513 	0.231768213719 	2.84515648595 	-0.0425470037399 	0.00983121249717
11.85 	0 	0.496992481203 	2.48602396742 	-0.127189509513 	0.231768213719 	2.84515648595 	-0.0425470037399 	0.00983121249717
11.85 	0 	0.487969924812 	2.48602396742 	-0.127189509513 	0.231768213719 	2.84515648595 	-0.0425470037399 	0.00983121249717
11.85 	0 	0.478947368421 	2.48602396742 	-0.127189509513 	0.231768213719 	2.84515648595 	-0.0425470037399 	0.00983121249717
11.85 	0 	0.46992481203 	2.19329188398 	-0.298492735604 	0.413051311347 	2.81598187163 	-0.0390337277493 	0.00616467018227
11.85 	0 	0.460902255639 	2.19329188398 	-0.298492735604 	0.413051311347 	2.81598187163 	-0.0390337277493 	0.00616467018227
11.85 	0 	0.451879699248 	2.19329188398 	-0.298492735604 	0.413051311347 	2.81598187163 	-0.0390337277493 	0.00616467018227
11.85 	0 	0.442857142857 	2.3064879189 	-0.329438115219 	0.307602766806 	2.77763375339 	-0.0317351026912 	0.00503243581336
11.85 	0 	0.433834586466 	2.3064879189 	-0.329438115219 	0.307602766806 	2.77763375339 	-0.0317351026912 	0.00503243581336
11.85 	0 	0.424812030075 	2.3064879189 	-0.329438115219 	0.307602766806 	2.77763375339 	-0.0317351026912 	0.00503243581336
11.85 	0 	0.415789473684 	2.3064879189 	-0.329438115219 	0.307602766806 	2.77763375339 	-0.0317351026912 	0.00503243581336
11.85 	0 	0.406766917293 	2.42703098914 	-0.219843639252 	0.307054918913 	2.72808351691 	-0.0304958133109 	-0.00560022265973
11.85 	0 	0.397744360902 	2.42703098914 	-0.219843639252 	0.307054918913 	2.72808351691 	-0.0304958133109 	-0.00560022265973
11.85 	0 	0.388721804511 	2.42703098914 	-0.219843639252 	0.307054918913 	2.72808351691 	-0.0304958133109 	-0.00560022265973
11.85 	0 	0.37969924812 	2.3535060309 	-0.0573648810531 	0.141057275718 	2.65628130165 	-0.0336691187632 	-0.00130247965555
11.85 	0 	0.370676691729 	2.3535060309 	-0.0573648810531 	0.141057275718 	2.65628130165 	-0.0336691187632 	-0.00130247965555
11.85 	0 	0.361654135338 	2.3535060309 	-0.0573648810531 	0.141057275718 	2.65628130165 	-0.0336691187632 	-0.00130247965555
11.85 	0 	0.352631578947 	2.3535060309 	-0.0573648810531 	0.141057275718 	2.65628130165 	-0.0336691187632 	-0.00130247965555
11.85 	0 	0.343609022556 	2.5026453863 	0.237464588971 	-0.0533177612256 	2.58664216915 	-0.0267198612951 	0.00668626290995
11.85 	0 	0.334586466165 	2.5026453863 	0.237464588971 	-0.0533177612256 	2.58664216915 	-0.0267198612951 	0.00668626290995
11.85 	0 	0.325563909774 	2.5026453863 	0.237464588971 	-0.0533177612256 	2.58664216915 	-0.0267198612951 	0.00668626290995
11.85 	0 	0.316541353383 	2.43882121879 	0.274211592189 	-0.0625628716815 	2.52753578109 	-0.0128960024353 	0.0143345626643
11.85 	0 	0.307518796992 	2.43882121879 	0.274211592189 	-0.0625628716815 	2.52753578109 	-0.0128960024353 	0.0143345626643
11.85 	0 	0.298496240601 	2.43882121879 	0.274211592189 	-0.0625628716815 	2.52753578109 	-0.0128960024353 	0.0143345626643
11.85 	0 	0.289473684211 	2.43882121879 	0.274211592189 	-0.0625628716815 	2.52753578109 	-0.0128960024353 	0.0143345626643
11.85 	0 	0.28045112782 	2.30875145178 	0.276460955517 	-0.041964648466 	2.46470349078 	-0.00263131841838 	0.0209942943889
11.85 	0 	0.271428571429 	2.30875145178 	0.276460955517 	-0.041964648466 	2.46470349078 	-0.00263131841838 	0.0209942943889
11.85 	0 	0.262406015038 	2.30875145178 	0.276460955517 	-0.041964648466 	2.46470349078 	-0.00263131841838 	0.0209942943889
11.85 	0 	0.253383458647 	2.30875145178 	0.276460955517 	-0.041964648466 	2.46470349078 	-0.00263131841838 	0.0209942943889
11.85 	0 	0.244360902256 	2.35235078694 	0.286405164876 	-0.153342993762 	2.31892633346 	0.0182914667335 	0.0315475358891
11.85 	0 	0.235338345865 	2.35235078694 	0.286405164876 	-0.153342993762 	2.31892633346 	0.0182914667335 	0.0315475358891
11.85 	0 	0.226315789474 	2.35235078694 	0.286405164876 	-0.153342993762 	2.31892633346 	0.0182914667335 	0.0315475358891
11.85 	0 	0.217293233083 	2.35235078694 	0.286405164876 	-0.153342993762 	2.31892633346 	0.0182914667335 	0.0315475358891
11.85 	0 	0.208270676692 	2.35235078694 	0.286405164876 	-0.153342993762 	2.31892633346 	0.0182914667335 	0.0315475358891
11.85 	0 	0.199248120301 	2.35235078694 	0.286405164876 	-0.153342993762 	2.31892633346 	0.0182914667335 	0.0315475358891
11.85 	0 	0.19022556391 	2.35235078694 	0.286405164876 	-0.153342993762 	2.31892633346 	0.0182914667335 	0.0315475358891
11.85 	0 	0.181203007519 	2.35826918636 	0.308670897138 	-0.0297038472289 	2.1350201789 	0.0463170217424 	0.0310365858252
11.85 	0 	0.172180451128 	2.35826918636 	0.308670897138 	-0.0297038472289 	2.1350201789 	0.0463170217424 	0.0310365858252
11.85 	0 	0.163157894737 	2.35826918636 	0.308670897138 	-0.0297038472289 	2.1350201789 	0.0463170217424 	0.0310365858252
11.85 	0 	0.154135338346 	2.35826918636 	0.308670897138 	-0.0297038472289 	2.1350201789 	0.0463170217424 	0.0310365858252
11.85 	0 	0.145112781955 	2.35826918636 	0.308670897138 	-0.0297038472289 	2.1350201789 	0.0463170217424 	0.0310365858252
11.85 	0 	0.136090225564 	2.35826918636 	0.308670897138 	-0.0297038472289 	2.1350201789 	0.0463170217424 	0.0310365858252
11.85 	0 	0.127067669173 	2.35826918636 	0.308670897138 	-0.0297038472289 	2.1350201789 	0.0463170217424 	0.0310365858252
11.85 	0 	0.118045112782 	2.35999917139 	0.391746268561 	0.0996287026024 	1.80938107043 	0.0479287468533 	0.00440204014566
11.85 	0 	0.109022556391 	2.35999917139 	0.391746268561 	0.0996287026024 	1.80938107043 	0.0479287468533 	0.00440204014566
11.85 	0 	0.1 	2.35999917139 	0.391746268561 	0.0996287026024 	1.80938107043 	0.0479287468533 	0.00440204014566
