11.85 	0 	3.7 	0.278824969436 	-0.0169214698824 	0.045058442068 	0.191317915025 	-0.00964957413029 	0.117989235578
11.85 	0 	3.69097744361 	0.278824969436 	-0.0169214698824 	0.045058442068 	0.191317915025 	-0.00964957413029 	0.117989235578
11.85 	0 	3.68195488722 	0.278824969436 	-0.0169214698824 	0.045058442068 	0.191317915025 	-0.00964957413029 	0.117989235578
11.85 	0 	3.67293233083 	0.314935442429 	-0.00711412076347 	0.0408070162428 	0.191370709408 	-0.00591837878115 	0.134390320776
11.85 	0 	3.66390977444 	0.314935442429 	-0.00711412076347 	0.0408070162428 	0.191370709408 	-0.00591837878115 	0.134390320776
11.85 	0 	3.65488721805 	0.314935442429 	-0.00711412076347 	0.0408070162428 	0.191370709408 	-0.00591837878115 	0.134390320776
11.85 	0 	3.64586466165 	0.314935442429 	-0.00711412076347 	0.0408070162428 	0.191370709408 	-0.00591837878115 	0.134390320776
11.85 	0 	3.63684210526 	0.316849393767 	0.013072390033 	0.0367505813021 	0.188997475667 	0.00522789806691 	0.149189946717
11.85 	0 	3.62781954887 	0.316849393767 	0.013072390033 	0.0367505813021 	0.188997475667 	0.00522789806691 	0.149189946717
11.85 	0 	3.61879699248 	0.316849393767 	0.013072390033 	0.0367505813021 	0.188997475667 	0.00522789806691 	0.149189946717
11.85 	0 	3.60977443609 	0.312551643837 	0.017571603449 	0.0164983725778 	0.174366863341 	0.00572154303174 	0.156866509526
11.85 	0 	3.6007518797 	0.312551643837 	0.017571603449 	0.0164983725778 	0.174366863341 	0.00572154303174 	0.156866509526
11.85 	0 	3.59172932331 	0.312551643837 	0.017571603449 	0.0164983725778 	0.174366863341 	0.00572154303174 	0.156866509526
11.85 	0 	3.58270676692 	0.312551643837 	0.017571603449 	0.0164983725778 	0.174366863341 	0.00572154303174 	0.156866509526
11.85 	0 	3.57368421053 	0.334694429684 	0.0198613544853 	0.000558673113897 	0.160611676209 	0.00363253661836 	0.171393201898
11.85 	0 	3.56466165414 	0.334694429684 	0.0198613544853 	0.000558673113897 	0.160611676209 	0.00363253661836 	0.171393201898
11.85 	0 	3.55563909774 	0.334694429684 	0.0198613544853 	0.000558673113897 	0.160611676209 	0.00363253661836 	0.171393201898
11.85 	0 	3.54661654135 	0.339621747311 	0.00681885762527 	-0.025757795946 	0.167968895495 	0.0133481849797 	0.186521425385
11.85 	0 	3.53759398496 	0.339621747311 	0.00681885762527 	-0.025757795946 	0.167968895495 	0.0133481849797 	0.186521425385
11.85 	0 	3.52857142857 	0.339621747311 	0.00681885762527 	-0.025757795946 	0.167968895495 	0.0133481849797 	0.186521425385
11.85 	0 	3.51954887218 	0.339621747311 	0.00681885762527 	-0.025757795946 	0.167968895495 	0.0133481849797 	0.186521425385
11.85 	0 	3.51052631579 	0.339338492208 	0.00799731891644 	-0.0397142432138 	0.172926075911 	0.00174055437898 	0.185458478813
11.85 	0 	3.5015037594 	0.339338492208 	0.00799731891644 	-0.0397142432138 	0.172926075911 	0.00174055437898 	0.185458478813
11.85 	0 	3.49248120301 	0.339338492208 	0.00799731891644 	-0.0397142432138 	0.172926075911 	0.00174055437898 	0.185458478813
11.85 	0 	3.48345864662 	0.339338492208 	0.00799731891644 	-0.0397142432138 	0.172926075911 	0.00174055437898 	0.185458478813
11.85 	0 	3.47443609023 	0.335248447014 	0.00520696846605 	-0.0609865091919 	0.185156925892 	0.0111123498037 	0.210310894629
11.85 	0 	3.46541353383 	0.335248447014 	0.00520696846605 	-0.0609865091919 	0.185156925892 	0.0111123498037 	0.210310894629
11.85 	0 	3.45639097744 	0.335248447014 	0.00520696846605 	-0.0609865091919 	0.185156925892 	0.0111123498037 	0.210310894629
11.85 	0 	3.44736842105 	0.337182423867 	-0.0233902545213 	-0.0716521589062 	0.182585970921 	0.0204582871188 	0.215757900532
11.85 	0 	3.43834586466 	0.337182423867 	-0.0233902545213 	-0.0716521589062 	0.182585970921 	0.0204582871188 	0.215757900532
11.85 	0 	3.42932330827 	0.337182423867 	-0.0233902545213 	-0.0716521589062 	0.182585970921 	0.0204582871188 	0.215757900532
11.85 	0 	3.42030075188 	0.337182423867 	-0.0233902545213 	-0.0716521589062 	0.182585970921 	0.0204582871188 	0.215757900532
11.85 	0 	3.41127819549 	0.328357961324 	-0.0221088087795 	-0.0842775392266 	0.187546064628 	0.0313834887148 	0.231427077167
11.85 	0 	3.4022556391 	0.328357961324 	-0.0221088087795 	-0.0842775392266 	0.187546064628 	0.0313834887148 	0.231427077167
11.85 	0 	3.39323308271 	0.328357961324 	-0.0221088087795 	-0.0842775392266 	0.187546064628 	0.0313834887148 	0.231427077167
11.85 	0 	3.38421052632 	0.304701961139 	-0.0190570010402 	-0.0879654951164 	0.1946878295 	0.0356684143031 	0.245867092184
11.85 	0 	3.37518796992 	0.304701961139 	-0.0190570010402 	-0.0879654951164 	0.1946878295 	0.0356684143031 	0.245867092184
11.85 	0 	3.36616541353 	0.304701961139 	-0.0190570010402 	-0.0879654951164 	0.1946878295 	0.0356684143031 	0.245867092184
11.85 	0 	3.35714285714 	0.304701961139 	-0.0190570010402 	-0.0879654951164 	0.1946878295 	0.0356684143031 	0.245867092184
11.85 	0 	3.34812030075 	0.27542119618 	-0.011738974284 	-0.084144549278 	0.194349827544 	0.0355379934197 	0.257157235683
11.85 	0 	3.33909774436 	0.27542119618 	-0.011738974284 	-0.084144549278 	0.194349827544 	0.0355379934197 	0.257157235683
11.85 	0 	3.33007518797 	0.27542119618 	-0.011738974284 	-0.084144549278 	0.194349827544 	0.0355379934197 	0.257157235683
11.85 	0 	3.32105263158 	0.250268265757 	0.00376188815641 	-0.0770662525838 	0.205633311926 	0.0385949522385 	0.261142677193
11.85 	0 	3.31203007519 	0.250268265757 	0.00376188815641 	-0.0770662525838 	0.205633311926 	0.0385949522385 	0.261142677193
11.85 	0 	3.3030075188 	0.250268265757 	0.00376188815641 	-0.0770662525838 	0.205633311926 	0.0385949522385 	0.261142677193
11.85 	0 	3.29398496241 	0.250268265757 	0.00376188815641 	-0.0770662525838 	0.205633311926 	0.0385949522385 	0.261142677193
11.85 	0 	3.28496240602 	0.231815755075 	0.0115448669141 	-0.0743090260727 	0.204868218752 	0.0384513248954 	0.264644377552
11.85 	0 	3.27593984962 	0.231815755075 	0.0115448669141 	-0.0743090260727 	0.204868218752 	0.0384513248954 	0.264644377552
11.85 	0 	3.26691729323 	0.231815755075 	0.0115448669141 	-0.0743090260727 	0.204868218752 	0.0384513248954 	0.264644377552
11.85 	0 	3.25789473684 	0.208984595021 	0.012434801594 	-0.0609176949378 	0.202438888706 	0.0409236565658 	0.255494041454
11.85 	0 	3.24887218045 	0.208984595021 	0.012434801594 	-0.0609176949378 	0.202438888706 	0.0409236565658 	0.255494041454
11.85 	0 	3.23984962406 	0.208984595021 	0.012434801594 	-0.0609176949378 	0.202438888706 	0.0409236565658 	0.255494041454
11.85 	0 	3.23082706767 	0.208984595021 	0.012434801594 	-0.0609176949378 	0.202438888706 	0.0409236565658 	0.255494041454
11.85 	0 	3.22180451128 	0.208381300132 	0.0126753349163 	-0.0583542891459 	0.18695235999 	0.0418729684185 	0.259963739829
11.85 	0 	3.21278195489 	0.208381300132 	0.0126753349163 	-0.0583542891459 	0.18695235999 	0.0418729684185 	0.259963739829
11.85 	0 	3.2037593985 	0.208381300132 	0.0126753349163 	-0.0583542891459 	0.18695235999 	0.0418729684185 	0.259963739829
11.85 	0 	3.19473684211 	0.186291017569 	0.0115326351257 	-0.0468496602983 	0.166413930842 	0.0311424981435 	0.256598831882
11.85 	0 	3.18571428571 	0.186291017569 	0.0115326351257 	-0.0468496602983 	0.166413930842 	0.0311424981435 	0.256598831882
11.85 	0 	3.17669172932 	0.186291017569 	0.0115326351257 	-0.0468496602983 	0.166413930842 	0.0311424981435 	0.256598831882
11.85 	0 	3.16766917293 	0.186291017569 	0.0115326351257 	-0.0468496602983 	0.166413930842 	0.0311424981435 	0.256598831882
11.85 	0 	3.15864661654 	0.177771191037 	0.0150273966145 	-0.0384208981464 	0.159495195096 	0.0317187694362 	0.247749895968
11.85 	0 	3.14962406015 	0.177771191037 	0.0150273966145 	-0.0384208981464 	0.159495195096 	0.0317187694362 	0.247749895968
11.85 	0 	3.14060150376 	0.177771191037 	0.0150273966145 	-0.0384208981464 	0.159495195096 	0.0317187694362 	0.247749895968
11.85 	0 	3.13157894737 	0.170796250118 	0.0144931701755 	-0.0274172934805 	0.153993485901 	0.026368512131 	0.243503014162
11.85 	0 	3.12255639098 	0.170796250118 	0.0144931701755 	-0.0274172934805 	0.153993485901 	0.026368512131 	0.243503014162
11.85 	0 	3.11353383459 	0.170796250118 	0.0144931701755 	-0.0274172934805 	0.153993485901 	0.026368512131 	0.243503014162
11.85 	0 	3.1045112782 	0.170796250118 	0.0144931701755 	-0.0274172934805 	0.153993485901 	0.026368512131 	0.243503014162
11.85 	0 	3.0954887218 	0.171359809689 	0.00293845847737 	-0.0236163586951 	0.138960918581 	0.0292644932319 	0.24681310573
11.85 	0 	3.08646616541 	0.171359809689 	0.00293845847737 	-0.0236163586951 	0.138960918581 	0.0292644932319 	0.24681310573
11.85 	0 	3.07744360902 	0.171359809689 	0.00293845847737 	-0.0236163586951 	0.138960918581 	0.0292644932319 	0.24681310573
11.85 	0 	3.06842105263 	0.162114889448 	0.00351463339735 	-0.0231293910533 	0.128105711735 	0.0222898140754 	0.242172701423
11.85 	0 	3.05939849624 	0.164036648689 	0.00494005921523 	-0.0170145953755 	0.136077392695 	0.0170060227818 	0.234401459889
11.85 	0 	3.05037593985 	0.164036648689 	0.00494005921523 	-0.0170145953755 	0.136077392695 	0.0170060227818 	0.234401459889
11.85 	0 	3.04135338346 	0.164036648689 	0.00494005921523 	-0.0170145953755 	0.136077392695 	0.0170060227818 	0.234401459889
11.85 	0 	3.03233082707 	0.160847297836 	0.00101538099749 	-0.011771444849 	0.125536226414 	0.0199605113794 	0.223411003361
11.85 	0 	3.02330827068 	0.160847297836 	0.00101538099749 	-0.011771444849 	0.125536226414 	0.0199605113794 	0.223411003361
11.85 	0 	3.01428571429 	0.160847297836 	0.00101538099749 	-0.011771444849 	0.125536226414 	0.0199605113794 	0.223411003361
11.85 	0 	3.00526315789 	0.156827831153 	-0.0022202038141 	-0.00726997147245 	0.123486386873 	0.0221040022588 	0.217439650632
11.85 	0 	2.9962406015 	0.156827831153 	-0.0022202038141 	-0.00726997147245 	0.123486386873 	0.0221040022588 	0.217439650632
11.85 	0 	2.98721804511 	0.156827831153 	-0.0022202038141 	-0.00726997147245 	0.123486386873 	0.0221040022588 	0.217439650632
11.85 	0 	2.97819548872 	0.156827831153 	-0.0022202038141 	-0.00726997147245 	0.123486386873 	0.0221040022588 	0.217439650632
11.85 	0 	2.96917293233 	0.14636837281 	0.000603908016588 	0.00358340340923 	0.120776274961 	0.0203643707523 	0.199163379166
11.85 	0 	2.96015037594 	0.14636837281 	0.000603908016588 	0.00358340340923 	0.120776274961 	0.0203643707523 	0.199163379166
11.85 	0 	2.95112781955 	0.14636837281 	0.000603908016588 	0.00358340340923 	0.120776274961 	0.0203643707523 	0.199163379166
11.85 	0 	2.94210526316 	0.139142091092 	0.00887178020351 	0.00765160671087 	0.119832817347 	0.0186886682428 	0.178534239062
11.85 	0 	2.93308270677 	0.139142091092 	0.00887178020351 	0.00765160671087 	0.119832817347 	0.0186886682428 	0.178534239062
11.85 	0 	2.92406015038 	0.139142091092 	0.00887178020351 	0.00765160671087 	0.119832817347 	0.0186886682428 	0.178534239062
11.85 	0 	2.91503759398 	0.139142091092 	0.00887178020351 	0.00765160671087 	0.119832817347 	0.0186886682428 	0.178534239062
11.85 	0 	2.90601503759 	0.129090918362 	0.00465130442048 	0.0106336896647 	0.110184777558 	0.0137636542445 	0.174326521851
11.85 	0 	2.8969924812 	0.129090918362 	0.00465130442048 	0.0106336896647 	0.110184777558 	0.0137636542445 	0.174326521851
11.85 	0 	2.88796992481 	0.129090918362 	0.00465130442048 	0.0106336896647 	0.110184777558 	0.0137636542445 	0.174326521851
11.85 	0 	2.87894736842 	0.128824878131 	0.00636480520201 	0.00724148916174 	0.11627841105 	0.0114661850158 	0.161948340655
11.85 	0 	2.86992481203 	0.128824878131 	0.00636480520201 	0.00724148916174 	0.11627841105 	0.0114661850158 	0.161948340655
11.85 	0 	2.86090225564 	0.128824878131 	0.00636480520201 	0.00724148916174 	0.11627841105 	0.0114661850158 	0.161948340655
11.85 	0 	2.85187969925 	0.128824878131 	0.00636480520201 	0.00724148916174 	0.11627841105 	0.0114661850158 	0.161948340655
11.85 	0 	2.84285714286 	0.117666536923 	0.00671555033517 	0.00296956642829 	0.123734938156 	0.00676008181399 	0.152918844987
11.85 	0 	2.83383458647 	0.117666536923 	0.00671555033517 	0.00296956642829 	0.123734938156 	0.00676008181399 	0.152918844987
11.85 	0 	2.82481203008 	0.117666536923 	0.00671555033517 	0.00296956642829 	0.123734938156 	0.00676008181399 	0.152918844987
11.85 	0 	2.81578947368 	0.112407575534 	0.00364736790461 	0.00627437895749 	0.130643328147 	0.00857787073997 	0.143782886216
11.85 	0 	2.80676691729 	0.112407575534 	0.00364736790461 	0.00627437895749 	0.130643328147 	0.00857787073997 	0.143782886216
11.85 	0 	2.7977443609 	0.112407575534 	0.00364736790461 	0.00627437895749 	0.130643328147 	0.00857787073997 	0.143782886216
11.85 	0 	2.78872180451 	0.112407575534 	0.00364736790461 	0.00627437895749 	0.130643328147 	0.00857787073997 	0.143782886216
11.85 	0 	2.77969924812 	0.114471426777 	0.00239973072505 	0.00788105458805 	0.127688457123 	0.01386010821 	0.14023616278
11.85 	0 	2.77067669173 	0.114471426777 	0.00239973072505 	0.00788105458805 	0.127688457123 	0.01386010821 	0.14023616278
11.85 	0 	2.76165413534 	0.114471426777 	0.00239973072505 	0.00788105458805 	0.127688457123 	0.01386010821 	0.14023616278
11.85 	0 	2.75263157895 	0.122648785035 	0.000720755941544 	0.00844395329083 	0.125379745648 	0.0107876651958 	0.135696660812
11.85 	0 	2.74360902256 	0.122648785035 	0.000720755941544 	0.00844395329083 	0.125379745648 	0.0107876651958 	0.135696660812
11.85 	0 	2.73458646617 	0.122648785035 	0.000720755941544 	0.00844395329083 	0.125379745648 	0.0107876651958 	0.135696660812
11.85 	0 	2.72556390977 	0.122648785035 	0.000720755941544 	0.00844395329083 	0.125379745648 	0.0107876651958 	0.135696660812
11.85 	0 	2.71654135338 	0.118242857282 	0.0063463858458 	0.00975076945339 	0.120429823851 	0.00488793917212 	0.134203278043
11.85 	0 	2.70751879699 	0.118242857282 	0.0063463858458 	0.00975076945339 	0.120429823851 	0.00488793917212 	0.134203278043
11.85 	0 	2.6984962406 	0.118242857282 	0.0063463858458 	0.00975076945339 	0.120429823851 	0.00488793917212 	0.134203278043
11.85 	0 	2.68947368421 	0.114553858385 	0.0101588761332 	0.00602429474544 	0.118653981237 	0.00252617752224 	0.131534287499
11.85 	0 	2.68045112782 	0.114553858385 	0.0101588761332 	0.00602429474544 	0.118653981237 	0.00252617752224 	0.131534287499
11.85 	0 	2.67142857143 	0.114553858385 	0.0101588761332 	0.00602429474544 	0.118653981237 	0.00252617752224 	0.131534287499
11.85 	0 	2.66240601504 	0.114553858385 	0.0101588761332 	0.00602429474544 	0.118653981237 	0.00252617752224 	0.131534287499
11.85 	0 	2.65338345865 	0.112620398562 	0.0107956821359 	0.00747611677326 	0.117647938569 	0.00035852715133 	0.133121761112
11.85 	0 	2.64436090226 	0.112620398562 	0.0107956821359 	0.00747611677326 	0.117647938569 	0.00035852715133 	0.133121761112
11.85 	0 	2.63533834586 	0.112620398562 	0.0107956821359 	0.00747611677326 	0.117647938569 	0.00035852715133 	0.133121761112
11.85 	0 	2.62631578947 	0.113608306591 	0.00884977953141 	0.0102149322299 	0.117941515696 	-0.00154939343849 	0.12274908811
11.85 	0 	2.61729323308 	0.113608306591 	0.00884977953141 	0.0102149322299 	0.117941515696 	-0.00154939343849 	0.12274908811
11.85 	0 	2.60827067669 	0.113608306591 	0.00884977953141 	0.0102149322299 	0.117941515696 	-0.00154939343849 	0.12274908811
11.85 	0 	2.5992481203 	0.113608306591 	0.00884977953141 	0.0102149322299 	0.117941515696 	-0.00154939343849 	0.12274908811
11.85 	0 	2.59022556391 	0.114617004537 	0.010231404982 	0.00753156892044 	0.109033653688 	-0.00693026939694 	0.120402319372
11.85 	0 	2.58120300752 	0.114617004537 	0.010231404982 	0.00753156892044 	0.109033653688 	-0.00693026939694 	0.120402319372
11.85 	0 	2.57218045113 	0.114617004537 	0.010231404982 	0.00753156892044 	0.109033653688 	-0.00693026939694 	0.120402319372
11.85 	0 	2.56315789474 	0.113584134068 	0.0127651714423 	0.0117638321981 	0.101697065859 	-0.00636093130959 	0.110477064275
11.85 	0 	2.55413533835 	0.113584134068 	0.0127651714423 	0.0117638321981 	0.101697065859 	-0.00636093130959 	0.110477064275
11.85 	0 	2.54511278195 	0.113584134068 	0.0127651714423 	0.0117638321981 	0.101697065859 	-0.00636093130959 	0.110477064275
11.85 	0 	2.53609022556 	0.113584134068 	0.0127651714423 	0.0117638321981 	0.101697065859 	-0.00636093130959 	0.110477064275
11.85 	0 	2.52706766917 	0.112577261303 	0.0176750313131 	0.0126177948414 	0.107889064496 	-0.00988632954053 	0.111794446003
11.85 	0 	2.51804511278 	0.112577261303 	0.0176750313131 	0.0126177948414 	0.107889064496 	-0.00988632954053 	0.111794446003
11.85 	0 	2.50902255639 	0.112577261303 	0.0176750313131 	0.0126177948414 	0.107889064496 	-0.00988632954053 	0.111794446003
11.85 	0 	2.5 	0.112213612005 	0.0166870005781 	0.0165803034762 	0.104816625894 	-0.00846105285391 	0.107799052636
11.85 	0 	2.49097744361 	0.112213612005 	0.0166870005781 	0.0165803034762 	0.104816625894 	-0.00846105285391 	0.107799052636
11.85 	0 	2.48195488722 	0.112213612005 	0.0166870005781 	0.0165803034762 	0.104816625894 	-0.00846105285391 	0.107799052636
11.85 	0 	2.47293233083 	0.112213612005 	0.0166870005781 	0.0165803034762 	0.104816625894 	-0.00846105285391 	0.107799052636
11.85 	0 	2.46390977444 	0.106253137819 	0.0179458245074 	0.0189033224309 	0.10097518018 	-0.00457832382111 	0.094482595333
11.85 	0 	2.45488721805 	0.106253137819 	0.0179458245074 	0.0189033224309 	0.10097518018 	-0.00457832382111 	0.094482595333
11.85 	0 	2.44586466165 	0.106253137819 	0.0179458245074 	0.0189033224309 	0.10097518018 	-0.00457832382111 	0.094482595333
11.85 	0 	2.43684210526 	0.102778270823 	0.025237250654 	0.0189120925457 	0.105083801814 	0.000308387488806 	0.0945897794156
11.85 	0 	2.42781954887 	0.102778270823 	0.025237250654 	0.0189120925457 	0.105083801814 	0.000308387488806 	0.0945897794156
11.85 	0 	2.41879699248 	0.102778270823 	0.025237250654 	0.0189120925457 	0.105083801814 	0.000308387488806 	0.0945897794156
11.85 	0 	2.40977443609 	0.102778270823 	0.025237250654 	0.0189120925457 	0.105083801814 	0.000308387488806 	0.0945897794156
11.85 	0 	2.4007518797 	0.104258237159 	0.0297741751072 	0.0172451996539 	0.103542489927 	0.00226279429603 	0.0883400720751
11.85 	0 	2.39172932331 	0.104258237159 	0.0297741751072 	0.0172451996539 	0.103542489927 	0.00226279429603 	0.0883400720751
11.85 	0 	2.38270676692 	0.104258237159 	0.0297741751072 	0.0172451996539 	0.103542489927 	0.00226279429603 	0.0883400720751
11.85 	0 	2.37368421053 	0.105925245124 	0.0328736201457 	0.0168108419715 	0.109167032876 	0.00470712264439 	0.0813033095047
11.85 	0 	2.36466165414 	0.105925245124 	0.0328736201457 	0.0168108419715 	0.109167032876 	0.00470712264439 	0.0813033095047
11.85 	0 	2.35563909774 	0.105925245124 	0.0328736201457 	0.0168108419715 	0.109167032876 	0.00470712264439 	0.0813033095047
11.85 	0 	2.34661654135 	0.105925245124 	0.0328736201457 	0.0168108419715 	0.109167032876 	0.00470712264439 	0.0813033095047
11.85 	0 	2.33759398496 	0.115227062503 	0.037526290145 	0.0161748660907 	0.116195476245 	0.00207555339508 	0.0762762777816
11.85 	0 	2.32857142857 	0.115227062503 	0.037526290145 	0.0161748660907 	0.116195476245 	0.00207555339508 	0.0762762777816
11.85 	0 	2.31954887218 	0.115227062503 	0.037526290145 	0.0161748660907 	0.116195476245 	0.00207555339508 	0.0762762777816
11.85 	0 	2.31052631579 	0.115709035708 	0.0363382820301 	0.0152844385145 	0.12048246777 	0.00625720787044 	0.0749118306891
11.85 	0 	2.3015037594 	0.115709035708 	0.0363382820301 	0.0152844385145 	0.12048246777 	0.00625720787044 	0.0749118306891
11.85 	0 	2.29248120301 	0.115709035708 	0.0363382820301 	0.0152844385145 	0.12048246777 	0.00625720787044 	0.0749118306891
11.85 	0 	2.28345864662 	0.115709035708 	0.0363382820301 	0.0152844385145 	0.12048246777 	0.00625720787044 	0.0749118306891
11.85 	0 	2.27443609023 	0.113142381601 	0.0309311879975 	0.0102925718092 	0.128855147892 	0.00837788623577 	0.0715166777983
11.85 	0 	2.26541353383 	0.113142381601 	0.0309311879975 	0.0102925718092 	0.128855147892 	0.00837788623577 	0.0715166777983
11.85 	0 	2.25639097744 	0.113142381601 	0.0309311879975 	0.0102925718092 	0.128855147892 	0.00837788623577 	0.0715166777983
11.85 	0 	2.24736842105 	0.118360314243 	0.0214094855693 	0.0130402850745 	0.117206192637 	0.00638136766329 	0.0726223995162
11.85 	0 	2.23834586466 	0.118360314243 	0.0214094855693 	0.0130402850745 	0.117206192637 	0.00638136766329 	0.0726223995162
11.85 	0 	2.22932330827 	0.118360314243 	0.0214094855693 	0.0130402850745 	0.117206192637 	0.00638136766329 	0.0726223995162
11.85 	0 	2.22030075188 	0.118360314243 	0.0214094855693 	0.0130402850745 	0.117206192637 	0.00638136766329 	0.0726223995162
11.85 	0 	2.21127819549 	0.117605389811 	0.00978586294886 	0.0140783851368 	0.122460201547 	0.00500419548228 	0.0704187666713
11.85 	0 	2.2022556391 	0.117605389811 	0.00978586294886 	0.0140783851368 	0.122460201547 	0.00500419548228 	0.0704187666713
11.85 	0 	2.19323308271 	0.117605389811 	0.00978586294886 	0.0140783851368 	0.122460201547 	0.00500419548228 	0.0704187666713
11.85 	0 	2.18421052632 	0.114236009565 	0.0112767432229 	0.0192701963354 	0.128687062408 	0.00609252007954 	0.0689129564422
11.85 	0 	2.17518796992 	0.114236009565 	0.0112767432229 	0.0192701963354 	0.128687062408 	0.00609252007954 	0.0689129564422
11.85 	0 	2.16616541353 	0.114236009565 	0.0112767432229 	0.0192701963354 	0.128687062408 	0.00609252007954 	0.0689129564422
11.85 	0 	2.15714285714 	0.114236009565 	0.0112767432229 	0.0192701963354 	0.128687062408 	0.00609252007954 	0.0689129564422
11.85 	0 	2.14812030075 	0.113684094427 	0.0103689860007 	0.0147785941583 	0.136158838178 	0.00506421675819 	0.0665180431796
11.85 	0 	2.13909774436 	0.113684094427 	0.0103689860007 	0.0147785941583 	0.136158838178 	0.00506421675819 	0.0665180431796
11.85 	0 	2.13007518797 	0.113684094427 	0.0103689860007 	0.0147785941583 	0.136158838178 	0.00506421675819 	0.0665180431796
11.85 	0 	2.12105263158 	0.115307352917 	0.00711778253029 	0.0114576714912 	0.133763331617 	0.00427350216786 	0.0617487400424
11.85 	0 	2.11203007519 	0.115307352917 	0.00711778253029 	0.0114576714912 	0.133763331617 	0.00427350216786 	0.0617487400424
11.85 	0 	2.1030075188 	0.115307352917 	0.00711778253029 	0.0114576714912 	0.133763331617 	0.00427350216786 	0.0617487400424
11.85 	0 	2.09398496241 	0.115307352917 	0.00711778253029 	0.0114576714912 	0.133763331617 	0.00427350216786 	0.0617487400424
11.85 	0 	2.08496240602 	0.115430916411 	0.0107505312922 	0.0173971730451 	0.122425869104 	0.00439658764351 	0.0647284812151
11.85 	0 	2.07593984962 	0.115430916411 	0.0107505312922 	0.0173971730451 	0.122425869104 	0.00439658764351 	0.0647284812151
11.85 	0 	2.06691729323 	0.115430916411 	0.0107505312922 	0.0173971730451 	0.122425869104 	0.00439658764351 	0.0647284812151
11.85 	0 	2.05789473684 	0.113612285355 	0.00454057736368 	0.0200970624767 	0.122371041473 	0.00214659742196 	0.0656140550647
11.85 	0 	2.04887218045 	0.113612285355 	0.00454057736368 	0.0200970624767 	0.122371041473 	0.00214659742196 	0.0656140550647
11.85 	0 	2.03984962406 	0.113612285355 	0.00454057736368 	0.0200970624767 	0.122371041473 	0.00214659742196 	0.0656140550647
11.85 	0 	2.03082706767 	0.113612285355 	0.00454057736368 	0.0200970624767 	0.122371041473 	0.00214659742196 	0.0656140550647
11.85 	0 	2.02180451128 	0.114941123529 	0.00655959961469 	0.021191542056 	0.119558116251 	0.00242482535861 	0.0700544641419
11.85 	0 	2.01278195489 	0.114941123529 	0.00655959961469 	0.021191542056 	0.119558116251 	0.00242482535861 	0.0700544641419
11.85 	0 	2.0037593985 	0.114941123529 	0.00655959961469 	0.021191542056 	0.119558116251 	0.00242482535861 	0.0700544641419
11.85 	0 	1.99473684211 	0.115185224292 	0.00354270751309 	0.0216224881917 	0.127191064771 	0.00213118562084 	0.0707249593939
11.85 	0 	1.98571428571 	0.115185224292 	0.00354270751309 	0.0216224881917 	0.127191064771 	0.00213118562084 	0.0707249593939
11.85 	0 	1.97669172932 	0.115185224292 	0.00354270751309 	0.0216224881917 	0.127191064771 	0.00213118562084 	0.0707249593939
11.85 	0 	1.96766917293 	0.115185224292 	0.00354270751309 	0.0216224881917 	0.127191064771 	0.00213118562084 	0.0707249593939
11.85 	0 	1.95864661654 	0.122238347418 	0.00265215729024 	0.023055139424 	0.125143384164 	0.00687844496381 	0.0741130976846
11.85 	0 	1.94962406015 	0.122238347418 	0.00265215729024 	0.023055139424 	0.125143384164 	0.00687844496381 	0.0741130976846
11.85 	0 	1.94060150376 	0.122238347418 	0.00265215729024 	0.023055139424 	0.125143384164 	0.00687844496381 	0.0741130976846
11.85 	0 	1.93157894737 	0.122304041464 	0.00027936279204 	0.0232666225903 	0.128899585808 	0.00344329663228 	0.0763913973564
11.85 	0 	1.92255639098 	0.122304041464 	0.00027936279204 	0.0232666225903 	0.128899585808 	0.00344329663228 	0.0763913973564
11.85 	0 	1.91353383459 	0.122304041464 	0.00027936279204 	0.0232666225903 	0.128899585808 	0.00344329663228 	0.0763913973564
11.85 	0 	1.9045112782 	0.122304041464 	0.00027936279204 	0.0232666225903 	0.128899585808 	0.00344329663228 	0.0763913973564
11.85 	0 	1.8954887218 	0.121850183654 	0.00724195919798 	0.0235696384105 	0.131214873273 	0.00525237488515 	0.0820749293893
11.85 	0 	1.88646616541 	0.121850183654 	0.00724195919798 	0.0235696384105 	0.131214873273 	0.00525237488515 	0.0820749293893
11.85 	0 	1.87744360902 	0.121850183654 	0.00724195919798 	0.0235696384105 	0.131214873273 	0.00525237488515 	0.0820749293893
11.85 	0 	1.86842105263 	0.121850183654 	0.00724195919798 	0.0235696384105 	0.131214873273 	0.00525237488515 	0.0820749293893
11.85 	0 	1.85939849624 	0.122116204484 	0.00653255603985 	0.0255154329361 	0.137365669671 	0.00617852715102 	0.0859134743867
11.85 	0 	1.85037593985 	0.122116204484 	0.00653255603985 	0.0255154329361 	0.137365669671 	0.00617852715102 	0.0859134743867
11.85 	0 	1.84135338346 	0.122116204484 	0.00653255603985 	0.0255154329361 	0.137365669671 	0.00617852715102 	0.0859134743867
11.85 	0 	1.83233082707 	0.126738104285 	0.00160334691976 	0.0248392096933 	0.149405134375 	0.00634694497264 	0.0896609394374
11.85 	0 	1.82330827068 	0.126738104285 	0.00160334691976 	0.0248392096933 	0.149405134375 	0.00634694497264 	0.0896609394374
11.85 	0 	1.81428571429 	0.126738104285 	0.00160334691976 	0.0248392096933 	0.149405134375 	0.00634694497264 	0.0896609394374
11.85 	0 	1.80526315789 	0.126738104285 	0.00160334691976 	0.0248392096933 	0.149405134375 	0.00634694497264 	0.0896609394374
11.85 	0 	1.7962406015 	0.130081323684 	-0.00797266116172 	0.0275790464074 	0.15023419124 	0.00378991448828 	0.0901620532533
11.85 	0 	1.78721804511 	0.130081323684 	-0.00797266116172 	0.0275790464074 	0.15023419124 	0.00378991448828 	0.0901620532533
11.85 	0 	1.77819548872 	0.130081323684 	-0.00797266116172 	0.0275790464074 	0.15023419124 	0.00378991448828 	0.0901620532533
11.85 	0 	1.76917293233 	0.133432517859 	-0.00953704805252 	0.0301228043603 	0.143021447219 	0.00107831344361 	0.0929279952046
11.85 	0 	1.76015037594 	0.133432517859 	-0.00953704805252 	0.0301228043603 	0.143021447219 	0.00107831344361 	0.0929279952046
11.85 	0 	1.75112781955 	0.133432517859 	-0.00953704805252 	0.0301228043603 	0.143021447219 	0.00107831344361 	0.0929279952046
11.85 	0 	1.74210526316 	0.132447832848 	-0.00522208022426 	0.0273950955387 	0.140299164333 	-0.000349963514935 	0.0941519639504
11.85 	0 	1.73308270677 	0.131969623865 	-0.00450660180141 	0.028776596887 	0.134392474384 	0.00515765513397 	0.0978284991683
11.85 	0 	1.72406015038 	0.131969623865 	-0.00450660180141 	0.028776596887 	0.134392474384 	0.00515765513397 	0.0978284991683
11.85 	0 	1.71503759398 	0.131969623865 	-0.00450660180141 	0.028776596887 	0.134392474384 	0.00515765513397 	0.0978284991683
11.85 	0 	1.70601503759 	0.123127325098 	-0.000171906671924 	0.0259160987392 	0.131120618296 	0.00451818488628 	0.0975199662106
11.85 	0 	1.6969924812 	0.123127325098 	-0.000171906671924 	0.0259160987392 	0.131120618296 	0.00451818488628 	0.0975199662106
11.85 	0 	1.68796992481 	0.123127325098 	-0.000171906671924 	0.0259160987392 	0.131120618296 	0.00451818488628 	0.0975199662106
11.85 	0 	1.67894736842 	0.123127325098 	-0.000171906671924 	0.0259160987392 	0.131120618296 	0.00451818488628 	0.0975199662106
11.85 	0 	1.66992481203 	0.119300169059 	0.00175543146959 	0.0288592648403 	0.120591310656 	0.00305820443729 	0.105490927195
11.85 	0 	1.66090225564 	0.119300169059 	0.00175543146959 	0.0288592648403 	0.120591310656 	0.00305820443729 	0.105490927195
11.85 	0 	1.65187969925 	0.119300169059 	0.00175543146959 	0.0288592648403 	0.120591310656 	0.00305820443729 	0.105490927195
11.85 	0 	1.64285714286 	0.120748435813 	-0.00322326223854 	0.0319359029544 	0.123778476631 	0.00245897773433 	0.109258884832
11.85 	0 	1.63383458647 	0.120748435813 	-0.00322326223854 	0.0319359029544 	0.123778476631 	0.00245897773433 	0.109258884832
11.85 	0 	1.62481203008 	0.120748435813 	-0.00322326223854 	0.0319359029544 	0.123778476631 	0.00245897773433 	0.109258884832
11.85 	0 	1.61578947368 	0.120748435813 	-0.00322326223854 	0.0319359029544 	0.123778476631 	0.00245897773433 	0.109258884832
11.85 	0 	1.60676691729 	0.123131941287 	-0.00172284563304 	0.0342547491445 	0.135093207764 	-2.87348044131e-05 	0.113811263928
11.85 	0 	1.5977443609 	0.123131941287 	-0.00172284563304 	0.0342547491445 	0.135093207764 	-2.87348044131e-05 	0.113811263928
11.85 	0 	1.58872180451 	0.123131941287 	-0.00172284563304 	0.0342547491445 	0.135093207764 	-2.87348044131e-05 	0.113811263928
11.85 	0 	1.57969924812 	0.127985895129 	0.00062440552363 	0.039486261565 	0.142095692065 	-0.00150380776805 	0.121983575597
11.85 	0 	1.57067669173 	0.127985895129 	0.00062440552363 	0.039486261565 	0.142095692065 	-0.00150380776805 	0.121983575597
11.85 	0 	1.56165413534 	0.127985895129 	0.00062440552363 	0.039486261565 	0.142095692065 	-0.00150380776805 	0.121983575597
11.85 	0 	1.55263157895 	0.127985895129 	0.00062440552363 	0.039486261565 	0.142095692065 	-0.00150380776805 	0.121983575597
11.85 	0 	1.54360902256 	0.12999261534 	0.0034103637612 	0.0424139147344 	0.146528588153 	0.000876270284532 	0.129813133856
11.85 	0 	1.53458646617 	0.12999261534 	0.0034103637612 	0.0424139147344 	0.146528588153 	0.000876270284532 	0.129813133856
11.85 	0 	1.52556390977 	0.12999261534 	0.0034103637612 	0.0424139147344 	0.146528588153 	0.000876270284532 	0.129813133856
11.85 	0 	1.51654135338 	0.125029267492 	0.00517105214577 	0.0494208175822 	0.148760942739 	0.00207001806903 	0.141923619464
11.85 	0 	1.50751879699 	0.125029267492 	0.00517105214577 	0.0494208175822 	0.148760942739 	0.00207001806903 	0.141923619464
11.85 	0 	1.4984962406 	0.125029267492 	0.00517105214577 	0.0494208175822 	0.148760942739 	0.00207001806903 	0.141923619464
11.85 	0 	1.48947368421 	0.125029267492 	0.00517105214577 	0.0494208175822 	0.148760942739 	0.00207001806903 	0.141923619464
11.85 	0 	1.48045112782 	0.125927769146 	0.00759042741852 	0.0490768840026 	0.164030702825 	-0.00566457916243 	0.144435668931
11.85 	0 	1.47142857143 	0.125927769146 	0.00759042741852 	0.0490768840026 	0.164030702825 	-0.00566457916243 	0.144435668931
11.85 	0 	1.46240601504 	0.125927769146 	0.00759042741852 	0.0490768840026 	0.164030702825 	-0.00566457916243 	0.144435668931
11.85 	0 	1.45338345865 	0.133608729314 	0.0184621948522 	0.048365517261 	0.174788496828 	-0.00128947533434 	0.143684726729
11.85 	0 	1.44436090226 	0.133608729314 	0.0184621948522 	0.048365517261 	0.174788496828 	-0.00128947533434 	0.143684726729
11.85 	0 	1.43533834586 	0.133608729314 	0.0184621948522 	0.048365517261 	0.174788496828 	-0.00128947533434 	0.143684726729
11.85 	0 	1.42631578947 	0.133608729314 	0.0184621948522 	0.048365517261 	0.174788496828 	-0.00128947533434 	0.143684726729
11.85 	0 	1.41729323308 	0.128017770786 	0.0229747765808 	0.046532397785 	0.171253541326 	-0.00215045868154 	0.141711382575
11.85 	0 	1.40827067669 	0.128017770786 	0.0229747765808 	0.046532397785 	0.171253541326 	-0.00215045868154 	0.141711382575
11.85 	0 	1.3992481203 	0.128017770786 	0.0229747765808 	0.046532397785 	0.171253541326 	-0.00215045868154 	0.141711382575
11.85 	0 	1.39022556391 	0.131417927799 	0.018395378772 	0.0484840364485 	0.165782117695 	0.00247104584276 	0.148942014853
11.85 	0 	1.38120300752 	0.131417927799 	0.018395378772 	0.0484840364485 	0.165782117695 	0.00247104584276 	0.148942014853
11.85 	0 	1.37218045113 	0.131417927799 	0.018395378772 	0.0484840364485 	0.165782117695 	0.00247104584276 	0.148942014853
11.85 	0 	1.36315789474 	0.131417927799 	0.018395378772 	0.0484840364485 	0.165782117695 	0.00247104584276 	0.148942014853
11.85 	0 	1.35413533835 	0.133739083854 	0.0231412720529 	0.0547396659229 	0.158648129305 	0.00927600689329 	0.153926558836
11.85 	0 	1.34511278195 	0.133739083854 	0.0231412720529 	0.0547396659229 	0.158648129305 	0.00927600689329 	0.153926558836
11.85 	0 	1.33609022556 	0.133739083854 	0.0231412720529 	0.0547396659229 	0.158648129305 	0.00927600689329 	0.153926558836
11.85 	0 	1.32706766917 	0.142014102852 	0.0268789914464 	0.0576064817102 	0.149070293018 	0.0153238960457 	0.153133626218
11.85 	0 	1.31804511278 	0.142014102852 	0.0268789914464 	0.0576064817102 	0.149070293018 	0.0153238960457 	0.153133626218
11.85 	0 	1.30902255639 	0.142014102852 	0.0268789914464 	0.0576064817102 	0.149070293018 	0.0153238960457 	0.153133626218
11.85 	0 	1.3 	0.142014102852 	0.0268789914464 	0.0576064817102 	0.149070293018 	0.0153238960457 	0.153133626218
11.85 	0 	1.29097744361 	0.14944278484 	0.0234404826651 	0.056448095153 	0.14218755604 	0.0176413951944 	0.152513065379
11.85 	0 	1.28195488722 	0.14944278484 	0.0234404826651 	0.056448095153 	0.14218755604 	0.0176413951944 	0.152513065379
11.85 	0 	1.27293233083 	0.14944278484 	0.0234404826651 	0.056448095153 	0.14218755604 	0.0176413951944 	0.152513065379
11.85 	0 	1.26390977444 	0.148655670849 	0.0292209703204 	0.0557863134831 	0.134499153738 	0.0242722316837 	0.15586122567
11.85 	0 	1.25488721805 	0.148655670849 	0.0292209703204 	0.0557863134831 	0.134499153738 	0.0242722316837 	0.15586122567
11.85 	0 	1.24586466165 	0.148655670849 	0.0292209703204 	0.0557863134831 	0.134499153738 	0.0242722316837 	0.15586122567
11.85 	0 	1.23684210526 	0.148655670849 	0.0292209703204 	0.0557863134831 	0.134499153738 	0.0242722316837 	0.15586122567
11.85 	0 	1.22781954887 	0.148329263071 	0.0255810910533 	0.0559118406317 	0.134870484532 	0.0230006257128 	0.157110329087
11.85 	0 	1.21879699248 	0.148329263071 	0.0255810910533 	0.0559118406317 	0.134870484532 	0.0230006257128 	0.157110329087
11.85 	0 	1.20977443609 	0.148329263071 	0.0255810910533 	0.0559118406317 	0.134870484532 	0.0230006257128 	0.157110329087
11.85 	0 	1.2007518797 	0.144982644577 	0.0276731543975 	0.0541422005459 	0.135131659627 	0.026238586498 	0.158027709675
11.85 	0 	1.19172932331 	0.144982644577 	0.0276731543975 	0.0541422005459 	0.135131659627 	0.026238586498 	0.158027709675
11.85 	0 	1.18270676692 	0.144982644577 	0.0276731543975 	0.0541422005459 	0.135131659627 	0.026238586498 	0.158027709675
11.85 	0 	1.17368421053 	0.144982644577 	0.0276731543975 	0.0541422005459 	0.135131659627 	0.026238586498 	0.158027709675
11.85 	0 	1.16466165414 	0.142883040241 	0.0204249021759 	0.054347984493 	0.130519463778 	0.0207437270412 	0.150460909458
11.85 	0 	1.15563909774 	0.142883040241 	0.0204249021759 	0.054347984493 	0.130519463778 	0.0207437270412 	0.150460909458
11.85 	0 	1.14661654135 	0.142883040241 	0.0204249021759 	0.054347984493 	0.130519463778 	0.0207437270412 	0.150460909458
11.85 	0 	1.13759398496 	0.136309610645 	0.0159780703723 	0.0549266352672 	0.130338196397 	0.0194300122642 	0.149102148596
11.85 	0 	1.12857142857 	0.136309610645 	0.0159780703723 	0.0549266352672 	0.130338196397 	0.0194300122642 	0.149102148596
11.85 	0 	1.11954887218 	0.136309610645 	0.0159780703723 	0.0549266352672 	0.130338196397 	0.0194300122642 	0.149102148596
11.85 	0 	1.11052631579 	0.136309610645 	0.0159780703723 	0.0549266352672 	0.130338196397 	0.0194300122642 	0.149102148596
11.85 	0 	1.1015037594 	0.147056748983 	0.0169794653044 	0.0495052559309 	0.135778788787 	0.0208125130975 	0.146126667194
11.85 	0 	1.09248120301 	0.147056748983 	0.0169794653044 	0.0495052559309 	0.135778788787 	0.0208125130975 	0.146126667194
11.85 	0 	1.08345864662 	0.147056748983 	0.0169794653044 	0.0495052559309 	0.135778788787 	0.0208125130975 	0.146126667194
11.85 	0 	1.07443609023 	0.144385129029 	0.0219449159761 	0.0436381918934 	0.139177993175 	0.0196642953044 	0.13594343144
11.85 	0 	1.06541353383 	0.144385129029 	0.0219449159761 	0.0436381918934 	0.139177993175 	0.0196642953044 	0.13594343144
11.85 	0 	1.05639097744 	0.144385129029 	0.0219449159761 	0.0436381918934 	0.139177993175 	0.0196642953044 	0.13594343144
11.85 	0 	1.04736842105 	0.144385129029 	0.0219449159761 	0.0436381918934 	0.139177993175 	0.0196642953044 	0.13594343144
11.85 	0 	1.03834586466 	0.143159716417 	0.0282763627266 	0.0399976404345 	0.138579194781 	0.020099038745 	0.134409977193
11.85 	0 	1.02932330827 	0.143159716417 	0.0282763627266 	0.0399976404345 	0.138579194781 	0.020099038745 	0.134409977193
11.85 	0 	1.02030075188 	0.143159716417 	0.0282763627266 	0.0399976404345 	0.138579194781 	0.020099038745 	0.134409977193
11.85 	0 	1.01127819549 	0.136588811089 	0.023926877043 	0.0350844964577 	0.14171298365 	0.0247612504114 	0.129530129292
11.85 	0 	1.0022556391 	0.136588811089 	0.023926877043 	0.0350844964577 	0.14171298365 	0.0247612504114 	0.129530129292
11.85 	0 	0.993233082707 	0.136588811089 	0.023926877043 	0.0350844964577 	0.14171298365 	0.0247612504114 	0.129530129292
11.85 	0 	0.984210526316 	0.136588811089 	0.023926877043 	0.0350844964577 	0.14171298365 	0.0247612504114 	0.129530129292
11.85 	0 	0.975187969925 	0.141867666146 	0.0176502412856 	0.0340818688242 	0.1390089849 	0.0204465690776 	0.126527419654
11.85 	0 	0.966165413534 	0.141867666146 	0.0176502412856 	0.0340818688242 	0.1390089849 	0.0204465690776 	0.126527419654
11.85 	0 	0.957142857143 	0.141867666146 	0.0176502412856 	0.0340818688242 	0.1390089849 	0.0204465690776 	0.126527419654
11.85 	0 	0.948120300752 	0.133133575023 	0.0111227715864 	0.0330535652285 	0.125884986335 	0.019440015436 	0.122348599307
11.85 	0 	0.939097744361 	0.133133575023 	0.0111227715864 	0.0330535652285 	0.125884986335 	0.019440015436 	0.122348599307
11.85 	0 	0.93007518797 	0.130114665352 	0.00836267979513 	0.0351196618959 	0.128498059437 	0.0191242659273 	0.120502701401
11.85 	0 	0.921052631579 	0.130114665352 	0.00836267979513 	0.0351196618959 	0.128498059437 	0.0191242659273 	0.120502701401
11.85 	0 	0.912030075188 	0.128120454661 	0.00792227559588 	0.0346964484319 	0.122274305147 	0.014392682649 	0.118919164685
11.85 	0 	0.903007518797 	0.128120454661 	0.00792227559588 	0.0346964484319 	0.122274305147 	0.014392682649 	0.118919164685
11.85 	0 	0.893984962406 	0.128120454661 	0.00792227559588 	0.0346964484319 	0.122274305147 	0.014392682649 	0.118919164685
11.85 	0 	0.884962406015 	0.128051694915 	0.00946147811674 	0.0307212544423 	0.119211147284 	0.0110573353513 	0.121992482676
11.85 	0 	0.875939849624 	0.128051694915 	0.00946147811674 	0.0307212544423 	0.119211147284 	0.0110573353513 	0.121992482676
11.85 	0 	0.866917293233 	0.128051694915 	0.00946147811674 	0.0307212544423 	0.119211147284 	0.0110573353513 	0.121992482676
11.85 	0 	0.857894736842 	0.128051694915 	0.00946147811674 	0.0307212544423 	0.119211147284 	0.0110573353513 	0.121992482676
11.85 	0 	0.848872180451 	0.125525178276 	0.0114610903295 	0.026530440229 	0.112204080139 	0.0150992638053 	0.122656898234
11.85 	0 	0.83984962406 	0.125525178276 	0.0114610903295 	0.026530440229 	0.112204080139 	0.0150992638053 	0.122656898234
11.85 	0 	0.830827067669 	0.125525178276 	0.0114610903295 	0.026530440229 	0.112204080139 	0.0150992638053 	0.122656898234
11.85 	0 	0.821804511278 	0.117244326514 	0.00910262657308 	0.0217994467238 	0.103093099967 	0.0174222108548 	0.11690993683
11.85 	0 	0.812781954887 	0.117244326514 	0.00910262657308 	0.0217994467238 	0.103093099967 	0.0174222108548 	0.11690993683
11.85 	0 	0.803759398496 	0.117244326514 	0.00910262657308 	0.0217994467238 	0.103093099967 	0.0174222108548 	0.11690993683
11.85 	0 	0.794736842105 	0.117244326514 	0.00910262657308 	0.0217994467238 	0.103093099967 	0.0174222108548 	0.11690993683
11.85 	0 	0.785714285714 	0.118808337897 	0.00296568387205 	0.0175877592675 	0.103396783968 	0.0195607406573 	0.109814198455
11.85 	0 	0.776691729323 	0.118808337897 	0.00296568387205 	0.0175877592675 	0.103396783968 	0.0195607406573 	0.109814198455
11.85 	0 	0.767669172932 	0.118808337897 	0.00296568387205 	0.0175877592675 	0.103396783968 	0.0195607406573 	0.109814198455
11.85 	0 	0.758646616541 	0.11353736276 	-0.000940900370993 	0.016728677076 	0.105595020356 	0.0157399594906 	0.10267585139
11.85 	0 	0.74962406015 	0.11353736276 	-0.000940900370993 	0.016728677076 	0.105595020356 	0.0157399594906 	0.10267585139
11.85 	0 	0.740601503759 	0.11353736276 	-0.000940900370993 	0.016728677076 	0.105595020356 	0.0157399594906 	0.10267585139
11.85 	0 	0.731578947368 	0.11353736276 	-0.000940900370993 	0.016728677076 	0.105595020356 	0.0157399594906 	0.10267585139
11.85 	0 	0.722556390977 	0.105880275864 	-0.000923641130878 	0.0136783847525 	0.103528769791 	0.0136333985669 	0.0958001761834
11.85 	0 	0.713533834586 	0.105880275864 	-0.000923641130878 	0.0136783847525 	0.103528769791 	0.0136333985669 	0.0958001761834
11.85 	0 	0.704511278195 	0.105880275864 	-0.000923641130878 	0.0136783847525 	0.103528769791 	0.0136333985669 	0.0958001761834
11.85 	0 	0.695488721804 	0.109536940561 	0.00110887402217 	0.00868975089491 	0.0972812570915 	0.00992134333889 	0.0917670704712
11.85 	0 	0.686466165414 	0.109536940561 	0.00110887402217 	0.00868975089491 	0.0972812570915 	0.00992134333889 	0.0917670704712
11.85 	0 	0.677443609023 	0.109536940561 	0.00110887402217 	0.00868975089491 	0.0972812570915 	0.00992134333889 	0.0917670704712
11.85 	0 	0.668421052632 	0.109536940561 	0.00110887402217 	0.00868975089491 	0.0972812570915 	0.00992134333889 	0.0917670704712
11.85 	0 	0.659398496241 	0.107609820735 	0.000691376047974 	0.00617257299297 	0.100825318895 	0.00475851968041 	0.081785153354
11.85 	0 	0.65037593985 	0.107609820735 	0.000691376047974 	0.00617257299297 	0.100825318895 	0.00475851968041 	0.081785153354
11.85 	0 	0.641353383459 	0.107609820735 	0.000691376047974 	0.00617257299297 	0.100825318895 	0.00475851968041 	0.081785153354
11.85 	0 	0.632330827068 	0.103253646613 	0.001308379539 	0.00191723939667 	0.0975070427609 	0.00469432646182 	0.0790127268553
11.85 	0 	0.623308270677 	0.103253646613 	0.001308379539 	0.00191723939667 	0.0975070427609 	0.00469432646182 	0.0790127268553
11.85 	0 	0.614285714286 	0.103253646613 	0.001308379539 	0.00191723939667 	0.0975070427609 	0.00469432646182 	0.0790127268553
11.85 	0 	0.605263157895 	0.103253646613 	0.001308379539 	0.00191723939667 	0.0975070427609 	0.00469432646182 	0.0790127268553
11.85 	0 	0.596240601504 	0.0996345847663 	0.000587472311974 	-0.00232456282492 	0.0959404767618 	0.00409495972432 	0.0761993925086
11.85 	0 	0.587218045113 	0.0996345847663 	0.000587472311974 	-0.00232456282492 	0.0959404767618 	0.00409495972432 	0.0761993925086
11.85 	0 	0.578195488722 	0.105078422707 	-0.000199678521986 	-0.00324909369174 	0.0968416571932 	0.00457850556887 	0.0737662081728
11.85 	0 	0.569172932331 	0.110514161896 	-0.000807998892237 	-0.00804203160503 	0.0932996875935 	0.00342822879749 	0.0703936674019
11.85 	0 	0.56015037594 	0.110514161896 	-0.000807998892237 	-0.00804203160503 	0.0932996875935 	0.00342822879749 	0.0703936674019
11.85 	0 	0.551127819549 	0.110514161896 	-0.000807998892237 	-0.00804203160503 	0.0932996875935 	0.00342822879749 	0.0703936674019
11.85 	0 	0.542105263158 	0.110514161896 	-0.000807998892237 	-0.00804203160503 	0.0932996875935 	0.00342822879749 	0.0703936674019
11.85 	0 	0.533082706767 	0.11158338563 	0.00144528788895 	-0.00951604352463 	0.0901957235393 	0.0021232407156 	0.0676846742862
11.85 	0 	0.524060150376 	0.11158338563 	0.00144528788895 	-0.00951604352463 	0.0901957235393 	0.0021232407156 	0.0676846742862
11.85 	0 	0.515037593985 	0.11158338563 	0.00144528788895 	-0.00951604352463 	0.0901957235393 	0.0021232407156 	0.0676846742862
11.85 	0 	0.506015037594 	0.115839224853 	0.00257674510138 	-0.0132730939837 	0.0867262815228 	0.000793388743579 	0.0683626090207
11.85 	0 	0.496992481203 	0.115839224853 	0.00257674510138 	-0.0132730939837 	0.0867262815228 	0.000793388743579 	0.0683626090207
11.85 	0 	0.487969924812 	0.115839224853 	0.00257674510138 	-0.0132730939837 	0.0867262815228 	0.000793388743579 	0.0683626090207
11.85 	0 	0.478947368421 	0.115839224853 	0.00257674510138 	-0.0132730939837 	0.0867262815228 	0.000793388743579 	0.0683626090207
11.85 	0 	0.46992481203 	0.118462288239 	0.000918143204985 	-0.012768082186 	0.0864682838869 	-0.00191530071699 	0.0660860458341
11.85 	0 	0.460902255639 	0.118462288239 	0.000918143204985 	-0.012768082186 	0.0864682838869 	-0.00191530071699 	0.0660860458341
11.85 	0 	0.451879699248 	0.118462288239 	0.000918143204985 	-0.012768082186 	0.0864682838869 	-0.00191530071699 	0.0660860458341
11.85 	0 	0.442857142857 	0.121193836061 	0.0044832289486 	-0.0186646479192 	0.0838968216207 	-0.00326160142999 	0.0649739110637
11.85 	0 	0.433834586466 	0.121193836061 	0.0044832289486 	-0.0186646479192 	0.0838968216207 	-0.00326160142999 	0.0649739110637
11.85 	0 	0.424812030075 	0.121193836061 	0.0044832289486 	-0.0186646479192 	0.0838968216207 	-0.00326160142999 	0.0649739110637
11.85 	0 	0.415789473684 	0.121193836061 	0.0044832289486 	-0.0186646479192 	0.0838968216207 	-0.00326160142999 	0.0649739110637
11.85 	0 	0.406766917293 	0.125696816312 	0.00267958064707 	-0.0202401130781 	0.0838309605971 	-0.00233664458444 	0.0624001184038
11.85 	0 	0.397744360902 	0.125696816312 	0.00267958064707 	-0.0202401130781 	0.0838309605971 	-0.00233664458444 	0.0624001184038
11.85 	0 	0.388721804511 	0.125696816312 	0.00267958064707 	-0.0202401130781 	0.0838309605971 	-0.00233664458444 	0.0624001184038
11.85 	0 	0.37969924812 	0.13740100807 	0.00325176500481 	-0.0243052235619 	0.0810772184498 	-0.00323917249443 	0.0589945729442
11.85 	0 	0.370676691729 	0.13740100807 	0.00325176500481 	-0.0243052235619 	0.0810772184498 	-0.00323917249443 	0.0589945729442
11.85 	0 	0.361654135338 	0.13740100807 	0.00325176500481 	-0.0243052235619 	0.0810772184498 	-0.00323917249443 	0.0589945729442
11.85 	0 	0.352631578947 	0.13740100807 	0.00325176500481 	-0.0243052235619 	0.0810772184498 	-0.00323917249443 	0.0589945729442
11.85 	0 	0.343609022556 	0.14558327706 	0.00145921753454 	-0.0280704200729 	0.0771768481914 	-0.00371176196646 	0.054178147193
11.85 	0 	0.334586466165 	0.14558327706 	0.00145921753454 	-0.0280704200729 	0.0771768481914 	-0.00371176196646 	0.054178147193
11.85 	0 	0.325563909774 	0.14558327706 	0.00145921753454 	-0.0280704200729 	0.0771768481914 	-0.00371176196646 	0.054178147193
11.85 	0 	0.316541353383 	0.145275791659 	0.00157004074084 	-0.0288521690721 	0.0759656756021 	-0.00183715369572 	0.0503269497099
11.85 	0 	0.307518796992 	0.145275791659 	0.00157004074084 	-0.0288521690721 	0.0759656756021 	-0.00183715369572 	0.0503269497099
11.85 	0 	0.298496240601 	0.145275791659 	0.00157004074084 	-0.0288521690721 	0.0759656756021 	-0.00183715369572 	0.0503269497099
11.85 	0 	0.289473684211 	0.145275791659 	0.00157004074084 	-0.0288521690721 	0.0759656756021 	-0.00183715369572 	0.0503269497099
11.85 	0 	0.28045112782 	0.157811913896 	-0.00180637176099 	-0.0310528306969 	0.076204663869 	-0.000849414708051 	0.0486507383819
11.85 	0 	0.271428571429 	0.157811913896 	-0.00180637176099 	-0.0310528306969 	0.076204663869 	-0.000849414708051 	0.0486507383819
11.85 	0 	0.262406015038 	0.157811913896 	-0.00180637176099 	-0.0310528306969 	0.076204663869 	-0.000849414708051 	0.0486507383819
11.85 	0 	0.253383458647 	0.157811913896 	-0.00180637176099 	-0.0310528306969 	0.076204663869 	-0.000849414708051 	0.0486507383819
11.85 	0 	0.244360902256 	0.180743621328 	0.00760423172433 	-0.0319198106468 	0.0898421029243 	-0.000838123511594 	0.043038820834
11.85 	0 	0.235338345865 	0.180743621328 	0.00760423172433 	-0.0319198106468 	0.0898421029243 	-0.000838123511594 	0.043038820834
11.85 	0 	0.226315789474 	0.180743621328 	0.00760423172433 	-0.0319198106468 	0.0898421029243 	-0.000838123511594 	0.043038820834
11.85 	0 	0.217293233083 	0.180743621328 	0.00760423172433 	-0.0319198106468 	0.0898421029243 	-0.000838123511594 	0.043038820834
11.85 	0 	0.208270676692 	0.180743621328 	0.00760423172433 	-0.0319198106468 	0.0898421029243 	-0.000838123511594 	0.043038820834
11.85 	0 	0.199248120301 	0.180743621328 	0.00760423172433 	-0.0319198106468 	0.0898421029243 	-0.000838123511594 	0.043038820834
11.85 	0 	0.19022556391 	0.180743621328 	0.00760423172433 	-0.0319198106468 	0.0898421029243 	-0.000838123511594 	0.043038820834
11.85 	0 	0.181203007519 	0.20049416821 	0.0180974991783 	-0.03356015877 	0.0854857216504 	0.00396857976914 	0.0386458655028
11.85 	0 	0.172180451128 	0.20049416821 	0.0180974991783 	-0.03356015877 	0.0854857216504 	0.00396857976914 	0.0386458655028
11.85 	0 	0.163157894737 	0.20049416821 	0.0180974991783 	-0.03356015877 	0.0854857216504 	0.00396857976914 	0.0386458655028
11.85 	0 	0.154135338346 	0.20049416821 	0.0180974991783 	-0.03356015877 	0.0854857216504 	0.00396857976914 	0.0386458655028
11.85 	0 	0.145112781955 	0.20049416821 	0.0180974991783 	-0.03356015877 	0.0854857216504 	0.00396857976914 	0.0386458655028
11.85 	0 	0.136090225564 	0.20049416821 	0.0180974991783 	-0.03356015877 	0.0854857216504 	0.00396857976914 	0.0386458655028
11.85 	0 	0.127067669173 	0.20049416821 	0.0180974991783 	-0.03356015877 	0.0854857216504 	0.00396857976914 	0.0386458655028
11.85 	0 	0.118045112782 	0.205067643565 	0.011676318004 	-0.0224748270517 	0.0759526904444 	0.00460459293033 	0.0192694294691
11.85 	0 	0.109022556391 	0.205067643565 	0.011676318004 	-0.0224748270517 	0.0759526904444 	0.00460459293033 	0.0192694294691
11.85 	0 	0.1 	0.205067643565 	0.011676318004 	-0.0224748270517 	0.0759526904444 	0.00460459293033 	0.0192694294691
