7.11 	0 	3.7 	2.29160792346 	0.0727991844038 	-0.0549410979898 	2.20660532878 	0.0160693013507 	-0.0228648231198
7.11 	0 	3.69097744361 	2.29160792346 	0.0727991844038 	-0.0549410979898 	2.20660532878 	0.0160693013507 	-0.0228648231198
7.11 	0 	3.68195488722 	2.29160792346 	0.0727991844038 	-0.0549410979898 	2.20660532878 	0.0160693013507 	-0.0228648231198
7.11 	0 	3.67293233083 	2.99981651727 	-0.0489458403211 	-0.0673352275296 	2.82246350194 	0.0145122780146 	-0.0285509718042
7.11 	0 	3.66390977444 	2.99981651727 	-0.0489458403211 	-0.0673352275296 	2.82246350194 	0.0145122780146 	-0.0285509718042
7.11 	0 	3.65488721805 	2.99981651727 	-0.0489458403211 	-0.0673352275296 	2.82246350194 	0.0145122780146 	-0.0285509718042
7.11 	0 	3.64586466165 	2.99981651727 	-0.0489458403211 	-0.0673352275296 	2.82246350194 	0.0145122780146 	-0.0285509718042
7.11 	0 	3.63684210526 	3.46421054408 	-0.0840903758589 	-0.0572711343094 	3.22819154618 	0.00859925344038 	-0.0332600477817
7.11 	0 	3.62781954887 	3.46421054408 	-0.0840903758589 	-0.0572711343094 	3.22819154618 	0.00859925344038 	-0.0332600477817
7.11 	0 	3.61879699248 	3.46421054408 	-0.0840903758589 	-0.0572711343094 	3.22819154618 	0.00859925344038 	-0.0332600477817
7.11 	0 	3.60977443609 	3.71026633289 	-0.0761684210464 	-0.0486881564567 	3.49711852865 	0.00784508463889 	-0.0317989070613
7.11 	0 	3.6007518797 	3.71026633289 	-0.0761684210464 	-0.0486881564567 	3.49711852865 	0.00784508463889 	-0.0317989070613
7.11 	0 	3.59172932331 	3.71026633289 	-0.0761684210464 	-0.0486881564567 	3.49711852865 	0.00784508463889 	-0.0317989070613
7.11 	0 	3.58270676692 	3.71026633289 	-0.0761684210464 	-0.0486881564567 	3.49711852865 	0.00784508463889 	-0.0317989070613
7.11 	0 	3.57368421053 	3.97809580023 	-0.050916618749 	-0.0169092924569 	3.73994170448 	0.00842977640492 	-0.0328631605236
7.11 	0 	3.56466165414 	3.97809580023 	-0.050916618749 	-0.0169092924569 	3.73994170448 	0.00842977640492 	-0.0328631605236
7.11 	0 	3.55563909774 	3.97809580023 	-0.050916618749 	-0.0169092924569 	3.73994170448 	0.00842977640492 	-0.0328631605236
7.11 	0 	3.54661654135 	4.14472400644 	-0.0625871314681 	-0.00119361428984 	3.93693907524 	0.00530603051772 	-0.0343320589818
7.11 	0 	3.53759398496 	4.14472400644 	-0.0625871314681 	-0.00119361428984 	3.93693907524 	0.00530603051772 	-0.0343320589818
7.11 	0 	3.52857142857 	4.14932472825 	-0.0536480367654 	-0.00717099137305 	3.93929974074 	0.00799990403464 	-0.0332482551104
7.11 	0 	3.51954887218 	4.14932472825 	-0.0536480367654 	-0.00717099137305 	3.93929974074 	0.00799990403464 	-0.0332482551104
7.11 	0 	3.51052631579 	4.07551470914 	-0.0276943506635 	0.0110625808129 	3.95380319757 	0.0119784817641 	-0.0294677543299
7.11 	0 	3.5015037594 	4.07551470914 	-0.0276943506635 	0.0110625808129 	3.95380319757 	0.0119784817641 	-0.0294677543299
7.11 	0 	3.49248120301 	4.07551470914 	-0.0276943506635 	0.0110625808129 	3.95380319757 	0.0119784817641 	-0.0294677543299
7.11 	0 	3.48345864662 	4.07551470914 	-0.0276943506635 	0.0110625808129 	3.95380319757 	0.0119784817641 	-0.0294677543299
7.11 	0 	3.47443609023 	3.80364794877 	-0.00963486494422 	-0.0134691481692 	3.72183953649 	0.0482738803663 	-0.0349287507754
7.11 	0 	3.46541353383 	3.80364794877 	-0.00963486494422 	-0.0134691481692 	3.72183953649 	0.0482738803663 	-0.0349287507754
7.11 	0 	3.45639097744 	3.80364794877 	-0.00963486494422 	-0.0134691481692 	3.72183953649 	0.0482738803663 	-0.0349287507754
7.11 	0 	3.44736842105 	3.35936134746 	0.189904302956 	0.0323363698322 	3.32551675998 	0.0809335501723 	-0.0350536537709
7.11 	0 	3.43834586466 	3.35936134746 	0.189904302956 	0.0323363698322 	3.32551675998 	0.0809335501723 	-0.0350536537709
7.11 	0 	3.42932330827 	3.35936134746 	0.189904302956 	0.0323363698322 	3.32551675998 	0.0809335501723 	-0.0350536537709
7.11 	0 	3.42030075188 	3.35936134746 	0.189904302956 	0.0323363698322 	3.32551675998 	0.0809335501723 	-0.0350536537709
7.11 	0 	3.41127819549 	2.91837788339 	0.311836017854 	0.0649623953677 	2.895900411 	0.117894969273 	-0.0337207315167
7.11 	0 	3.4022556391 	2.91837788339 	0.311836017854 	0.0649623953677 	2.895900411 	0.117894969273 	-0.0337207315167
7.11 	0 	3.39323308271 	2.91837788339 	0.311836017854 	0.0649623953677 	2.895900411 	0.117894969273 	-0.0337207315167
7.11 	0 	3.38421052632 	2.39614137195 	0.402822508747 	0.101830158009 	2.49414629438 	0.159176958975 	-0.0282529207944
7.11 	0 	3.37518796992 	2.39614137195 	0.402822508747 	0.101830158009 	2.49414629438 	0.159176958975 	-0.0282529207944
7.11 	0 	3.36616541353 	2.39614137195 	0.402822508747 	0.101830158009 	2.49414629438 	0.159176958975 	-0.0282529207944
7.11 	0 	3.35714285714 	2.39614137195 	0.402822508747 	0.101830158009 	2.49414629438 	0.159176958975 	-0.0282529207944
7.11 	0 	3.34812030075 	2.01124862394 	0.385918086463 	0.142801300341 	2.13129896635 	0.173459600949 	-0.0219791427313
7.11 	0 	3.33909774436 	2.01124862394 	0.385918086463 	0.142801300341 	2.13129896635 	0.173459600949 	-0.0219791427313
7.11 	0 	3.33007518797 	2.01124862394 	0.385918086463 	0.142801300341 	2.13129896635 	0.173459600949 	-0.0219791427313
7.11 	0 	3.32105263158 	1.72927368865 	0.408951779139 	0.136743882375 	1.86953755076 	0.196649281499 	-0.0157461134126
7.11 	0 	3.31203007519 	1.72927368865 	0.408951779139 	0.136743882375 	1.86953755076 	0.196649281499 	-0.0157461134126
7.11 	0 	3.3030075188 	1.72927368865 	0.408951779139 	0.136743882375 	1.86953755076 	0.196649281499 	-0.0157461134126
7.11 	0 	3.29398496241 	1.72927368865 	0.408951779139 	0.136743882375 	1.86953755076 	0.196649281499 	-0.0157461134126
7.11 	0 	3.28496240602 	1.55904696929 	0.449387166882 	0.11669015218 	1.71049401345 	0.206722324482 	-0.00767037937421
7.11 	0 	3.27593984962 	1.55904696929 	0.449387166882 	0.11669015218 	1.71049401345 	0.206722324482 	-0.00767037937421
7.11 	0 	3.26691729323 	1.55904696929 	0.449387166882 	0.11669015218 	1.71049401345 	0.206722324482 	-0.00767037937421
7.11 	0 	3.25789473684 	1.53514717528 	0.456657098684 	0.10143439889 	1.6331638138 	0.210579488398 	0.000285727255621
7.11 	0 	3.24887218045 	1.53514717528 	0.456657098684 	0.10143439889 	1.6331638138 	0.210579488398 	0.000285727255621
7.11 	0 	3.23984962406 	1.53514717528 	0.456657098684 	0.10143439889 	1.6331638138 	0.210579488398 	0.000285727255621
7.11 	0 	3.23082706767 	1.53514717528 	0.456657098684 	0.10143439889 	1.6331638138 	0.210579488398 	0.000285727255621
7.11 	0 	3.22180451128 	1.57102305614 	0.428659603617 	0.0921666971292 	1.60324239265 	0.216274841581 	0.00883344841877
7.11 	0 	3.21278195489 	1.57102305614 	0.428659603617 	0.0921666971292 	1.60324239265 	0.216274841581 	0.00883344841877
7.11 	0 	3.2037593985 	1.57102305614 	0.428659603617 	0.0921666971292 	1.60324239265 	0.216274841581 	0.00883344841877
7.11 	0 	3.19473684211 	1.56366515275 	0.375908009476 	0.0456796660833 	1.5620626803 	0.225801947581 	0.0135820040008
7.11 	0 	3.18571428571 	1.56366515275 	0.375908009476 	0.0456796660833 	1.5620626803 	0.225801947581 	0.0135820040008
7.11 	0 	3.17669172932 	1.56366515275 	0.375908009476 	0.0456796660833 	1.5620626803 	0.225801947581 	0.0135820040008
7.11 	0 	3.16766917293 	1.56366515275 	0.375908009476 	0.0456796660833 	1.5620626803 	0.225801947581 	0.0135820040008
7.11 	0 	3.15864661654 	1.58791577147 	0.334262102573 	0.040040716959 	1.55947428977 	0.238195300674 	0.0197780432526
7.11 	0 	3.14962406015 	1.58791577147 	0.334262102573 	0.040040716959 	1.55947428977 	0.238195300674 	0.0197780432526
7.11 	0 	3.14060150376 	1.58791577147 	0.334262102573 	0.040040716959 	1.55947428977 	0.238195300674 	0.0197780432526
7.11 	0 	3.13157894737 	1.62689128775 	0.30455332431 	0.0485917054886 	1.58505159424 	0.241692737374 	0.028292030974
7.11 	0 	3.12255639098 	1.62689128775 	0.30455332431 	0.0485917054886 	1.58505159424 	0.241692737374 	0.028292030974
7.11 	0 	3.11353383459 	1.62689128775 	0.30455332431 	0.0485917054886 	1.58505159424 	0.241692737374 	0.028292030974
7.11 	0 	3.1045112782 	1.62689128775 	0.30455332431 	0.0485917054886 	1.58505159424 	0.241692737374 	0.028292030974
7.11 	0 	3.0954887218 	1.66458699935 	0.30567374416 	0.0234189957569 	1.5975644408 	0.247652249747 	0.0346174402404
7.11 	0 	3.08646616541 	1.66458699935 	0.30567374416 	0.0234189957569 	1.5975644408 	0.247652249747 	0.0346174402404
7.11 	0 	3.07744360902 	1.66458699935 	0.30567374416 	0.0234189957569 	1.5975644408 	0.247652249747 	0.0346174402404
7.11 	0 	3.06842105263 	1.6583076024 	0.403725940647 	0.0360695864521 	1.62013819268 	0.256615326256 	0.0421666179014
7.11 	0 	3.05939849624 	1.6583076024 	0.403725940647 	0.0360695864521 	1.62013819268 	0.256615326256 	0.0421666179014
7.11 	0 	3.05037593985 	1.64526828484 	0.398532213563 	0.010022996245 	1.62763932779 	0.252639480983 	0.0500978072535
7.11 	0 	3.04135338346 	1.64526828484 	0.398532213563 	0.010022996245 	1.62763932779 	0.252639480983 	0.0500978072535
7.11 	0 	3.03233082707 	1.67049880141 	0.437194985701 	-0.0238808627385 	1.65968282912 	0.258924951184 	0.0547822873118
7.11 	0 	3.02330827068 	1.67049880141 	0.437194985701 	-0.0238808627385 	1.65968282912 	0.258924951184 	0.0547822873118
7.11 	0 	3.01428571429 	1.67049880141 	0.437194985701 	-0.0238808627385 	1.65968282912 	0.258924951184 	0.0547822873118
7.11 	0 	3.00526315789 	1.63799750864 	0.435135571137 	-0.0537090758542 	1.67133202444 	0.270791263843 	0.0570126735367
7.11 	0 	2.9962406015 	1.63799750864 	0.435135571137 	-0.0537090758542 	1.67133202444 	0.270791263843 	0.0570126735367
7.11 	0 	2.98721804511 	1.63799750864 	0.435135571137 	-0.0537090758542 	1.67133202444 	0.270791263843 	0.0570126735367
7.11 	0 	2.97819548872 	1.63799750864 	0.435135571137 	-0.0537090758542 	1.67133202444 	0.270791263843 	0.0570126735367
7.11 	0 	2.96917293233 	1.52795397205 	0.425307583014 	-0.0748761923637 	1.68716599766 	0.281753174546 	0.0598008970015
7.11 	0 	2.96015037594 	1.52795397205 	0.425307583014 	-0.0748761923637 	1.68716599766 	0.281753174546 	0.0598008970015
7.11 	0 	2.95112781955 	1.52795397205 	0.425307583014 	-0.0748761923637 	1.68716599766 	0.281753174546 	0.0598008970015
7.11 	0 	2.94210526316 	1.46734761927 	0.367625741197 	-0.0308973207077 	1.69542559689 	0.293946854202 	0.0634121512299
7.11 	0 	2.93308270677 	1.46734761927 	0.367625741197 	-0.0308973207077 	1.69542559689 	0.293946854202 	0.0634121512299
7.11 	0 	2.92406015038 	1.46734761927 	0.367625741197 	-0.0308973207077 	1.69542559689 	0.293946854202 	0.0634121512299
7.11 	0 	2.91503759398 	1.46734761927 	0.367625741197 	-0.0308973207077 	1.69542559689 	0.293946854202 	0.0634121512299
7.11 	0 	2.90601503759 	1.51190846565 	0.31239783869 	0.074588667342 	1.69787124114 	0.315615672055 	0.064763781785
7.11 	0 	2.8969924812 	1.51190846565 	0.31239783869 	0.074588667342 	1.69787124114 	0.315615672055 	0.064763781785
7.11 	0 	2.88796992481 	1.51190846565 	0.31239783869 	0.074588667342 	1.69787124114 	0.315615672055 	0.064763781785
7.11 	0 	2.87894736842 	1.50153747896 	0.256238346022 	0.132153732596 	1.6803857772 	0.331044263344 	0.0644777393438
7.11 	0 	2.86992481203 	1.50153747896 	0.256238346022 	0.132153732596 	1.6803857772 	0.331044263344 	0.0644777393438
7.11 	0 	2.86090225564 	1.50153747896 	0.256238346022 	0.132153732596 	1.6803857772 	0.331044263344 	0.0644777393438
7.11 	0 	2.85187969925 	1.50153747896 	0.256238346022 	0.132153732596 	1.6803857772 	0.331044263344 	0.0644777393438
7.11 	0 	2.84285714286 	1.51581243211 	0.35726934067 	0.176590182766 	1.67177036912 	0.344409397789 	0.0599683454214
7.11 	0 	2.83383458647 	1.51581243211 	0.35726934067 	0.176590182766 	1.67177036912 	0.344409397789 	0.0599683454214
7.11 	0 	2.82481203008 	1.51581243211 	0.35726934067 	0.176590182766 	1.67177036912 	0.344409397789 	0.0599683454214
7.11 	0 	2.81578947368 	1.55809018542 	0.428464873763 	0.189430923807 	1.66425046027 	0.351808972121 	0.0594079854195
7.11 	0 	2.80676691729 	1.55809018542 	0.428464873763 	0.189430923807 	1.66425046027 	0.351808972121 	0.0594079854195
7.11 	0 	2.7977443609 	1.55809018542 	0.428464873763 	0.189430923807 	1.66425046027 	0.351808972121 	0.0594079854195
7.11 	0 	2.78872180451 	1.55809018542 	0.428464873763 	0.189430923807 	1.66425046027 	0.351808972121 	0.0594079854195
7.11 	0 	2.77969924812 	1.53511726481 	0.389201453554 	0.150681515827 	1.65616323171 	0.359450617934 	0.0613793128462
7.11 	0 	2.77067669173 	1.53511726481 	0.389201453554 	0.150681515827 	1.65616323171 	0.359450617934 	0.0613793128462
7.11 	0 	2.76165413534 	1.53511726481 	0.389201453554 	0.150681515827 	1.65616323171 	0.359450617934 	0.0613793128462
7.11 	0 	2.75263157895 	1.56062730898 	0.386118967511 	0.121511634137 	1.64705576213 	0.366245685636 	0.0592387900845
7.11 	0 	2.74360902256 	1.56062730898 	0.386118967511 	0.121511634137 	1.64705576213 	0.366245685636 	0.0592387900845
7.11 	0 	2.73458646617 	1.56062730898 	0.386118967511 	0.121511634137 	1.64705576213 	0.366245685636 	0.0592387900845
7.11 	0 	2.72556390977 	1.56062730898 	0.386118967511 	0.121511634137 	1.64705576213 	0.366245685636 	0.0592387900845
7.11 	0 	2.71654135338 	1.63258269629 	0.464950600937 	0.113296334166 	1.63035598029 	0.372848594879 	0.0564616326263
7.11 	0 	2.70751879699 	1.63258269629 	0.464950600937 	0.113296334166 	1.63035598029 	0.372848594879 	0.0564616326263
7.11 	0 	2.6984962406 	1.63258269629 	0.464950600937 	0.113296334166 	1.63035598029 	0.372848594879 	0.0564616326263
7.11 	0 	2.68947368421 	1.56586135465 	0.475365774161 	0.170363617463 	1.63819640449 	0.385642718055 	0.0559171927002
7.11 	0 	2.68045112782 	1.56586135465 	0.475365774161 	0.170363617463 	1.63819640449 	0.385642718055 	0.0559171927002
7.11 	0 	2.67142857143 	1.56586135465 	0.475365774161 	0.170363617463 	1.63819640449 	0.385642718055 	0.0559171927002
7.11 	0 	2.66240601504 	1.56586135465 	0.475365774161 	0.170363617463 	1.63819640449 	0.385642718055 	0.0559171927002
7.11 	0 	2.65338345865 	1.5312700842 	0.522737386978 	0.193741607773 	1.64944119519 	0.393509522323 	0.0478103878499
7.11 	0 	2.64436090226 	1.5312700842 	0.522737386978 	0.193741607773 	1.64944119519 	0.393509522323 	0.0478103878499
7.11 	0 	2.63533834586 	1.5312700842 	0.522737386978 	0.193741607773 	1.64944119519 	0.393509522323 	0.0478103878499
7.11 	0 	2.62631578947 	1.67916196345 	0.603826044959 	0.086378850065 	1.65989311282 	0.395037231083 	0.0511675553852
7.11 	0 	2.61729323308 	1.67916196345 	0.603826044959 	0.086378850065 	1.65989311282 	0.395037231083 	0.0511675553852
7.11 	0 	2.60827067669 	1.67916196345 	0.603826044959 	0.086378850065 	1.65989311282 	0.395037231083 	0.0511675553852
7.11 	0 	2.5992481203 	1.67916196345 	0.603826044959 	0.086378850065 	1.65989311282 	0.395037231083 	0.0511675553852
7.11 	0 	2.59022556391 	1.64726307549 	0.612170726225 	0.206453515949 	1.67978875751 	0.39140790038 	0.0491504793829
7.11 	0 	2.58120300752 	1.64726307549 	0.612170726225 	0.206453515949 	1.67978875751 	0.39140790038 	0.0491504793829
7.11 	0 	2.57218045113 	1.64726307549 	0.612170726225 	0.206453515949 	1.67978875751 	0.39140790038 	0.0491504793829
7.11 	0 	2.56315789474 	1.61149313195 	0.409728001483 	0.188416573064 	1.71903646407 	0.391718890573 	0.0465306578357
7.11 	0 	2.55413533835 	1.61149313195 	0.409728001483 	0.188416573064 	1.71903646407 	0.391718890573 	0.0465306578357
7.11 	0 	2.54511278195 	1.61149313195 	0.409728001483 	0.188416573064 	1.71903646407 	0.391718890573 	0.0465306578357
7.11 	0 	2.53609022556 	1.61149313195 	0.409728001483 	0.188416573064 	1.71903646407 	0.391718890573 	0.0465306578357
7.11 	0 	2.52706766917 	1.75227861857 	0.116592259227 	0.227498866327 	1.75070199236 	0.375400651693 	0.0450353204827
7.11 	0 	2.51804511278 	1.75227861857 	0.116592259227 	0.227498866327 	1.75070199236 	0.375400651693 	0.0450353204827
7.11 	0 	2.50902255639 	1.75227861857 	0.116592259227 	0.227498866327 	1.75070199236 	0.375400651693 	0.0450353204827
7.11 	0 	2.5 	1.79919292104 	0.202602660564 	0.31305236047 	1.78400008498 	0.335379752733 	0.0366221919484
7.11 	0 	2.49097744361 	1.79919292104 	0.202602660564 	0.31305236047 	1.78400008498 	0.335379752733 	0.0366221919484
7.11 	0 	2.48195488722 	1.79919292104 	0.202602660564 	0.31305236047 	1.78400008498 	0.335379752733 	0.0366221919484
7.11 	0 	2.47293233083 	1.79919292104 	0.202602660564 	0.31305236047 	1.78400008498 	0.335379752733 	0.0366221919484
7.11 	0 	2.46390977444 	1.98183171143 	0.308116821661 	0.0787969167166 	1.85389739217 	0.307904534366 	0.0350222317825
7.11 	0 	2.45488721805 	1.98183171143 	0.308116821661 	0.0787969167166 	1.85389739217 	0.307904534366 	0.0350222317825
7.11 	0 	2.44586466165 	1.98183171143 	0.308116821661 	0.0787969167166 	1.85389739217 	0.307904534366 	0.0350222317825
7.11 	0 	2.43684210526 	2.27656978809 	0.0630615492567 	0.301016199153 	1.92647322415 	0.272397211367 	0.0357725985194
7.11 	0 	2.42781954887 	2.27656978809 	0.0630615492567 	0.301016199153 	1.92647322415 	0.272397211367 	0.0357725985194
7.11 	0 	2.41879699248 	2.27656978809 	0.0630615492567 	0.301016199153 	1.92647322415 	0.272397211367 	0.0357725985194
7.11 	0 	2.40977443609 	2.27656978809 	0.0630615492567 	0.301016199153 	1.92647322415 	0.272397211367 	0.0357725985194
7.11 	0 	2.4007518797 	2.0715928027 	-0.250595788965 	0.0323114674706 	1.99410449299 	0.225024127644 	0.0363364903402
7.11 	0 	2.39172932331 	2.0715928027 	-0.250595788965 	0.0323114674706 	1.99410449299 	0.225024127644 	0.0363364903402
7.11 	0 	2.38270676692 	2.0715928027 	-0.250595788965 	0.0323114674706 	1.99410449299 	0.225024127644 	0.0363364903402
7.11 	0 	2.37368421053 	2.10654971973 	-0.162964988973 	0.0223103352916 	2.03383153221 	0.171815214027 	0.034462578294
7.11 	0 	2.36466165414 	2.10654971973 	-0.162964988973 	0.0223103352916 	2.03383153221 	0.171815214027 	0.034462578294
7.11 	0 	2.35563909774 	2.10654971973 	-0.162964988973 	0.0223103352916 	2.03383153221 	0.171815214027 	0.034462578294
7.11 	0 	2.34661654135 	2.10654971973 	-0.162964988973 	0.0223103352916 	2.03383153221 	0.171815214027 	0.034462578294
7.11 	0 	2.33759398496 	2.19875784523 	-0.27403316304 	-0.120581387594 	2.09227489981 	0.125898986145 	0.0307320669092
7.11 	0 	2.32857142857 	2.19875784523 	-0.27403316304 	-0.120581387594 	2.09227489981 	0.125898986145 	0.0307320669092
7.11 	0 	2.31954887218 	2.19875784523 	-0.27403316304 	-0.120581387594 	2.09227489981 	0.125898986145 	0.0307320669092
7.11 	0 	2.31052631579 	2.41401087232 	-0.370137450981 	-0.083483963435 	2.12328169381 	0.0833161845472 	0.0304285844548
7.11 	0 	2.3015037594 	2.41401087232 	-0.370137450981 	-0.083483963435 	2.12328169381 	0.0833161845472 	0.0304285844548
7.11 	0 	2.29248120301 	2.41401087232 	-0.370137450981 	-0.083483963435 	2.12328169381 	0.0833161845472 	0.0304285844548
7.11 	0 	2.28345864662 	2.41401087232 	-0.370137450981 	-0.083483963435 	2.12328169381 	0.0833161845472 	0.0304285844548
7.11 	0 	2.27443609023 	2.10465348944 	-0.331186483165 	-0.204832311402 	2.15850833447 	0.0331831163321 	0.0360802567324
7.11 	0 	2.26541353383 	2.10465348944 	-0.331186483165 	-0.204832311402 	2.15850833447 	0.0331831163321 	0.0360802567324
7.11 	0 	2.25639097744 	2.10465348944 	-0.331186483165 	-0.204832311402 	2.15850833447 	0.0331831163321 	0.0360802567324
7.11 	0 	2.24736842105 	2.1382872206 	-0.356625204193 	-0.0568090933548 	2.20317325992 	-0.0189941413401 	0.0243108799401
7.11 	0 	2.23834586466 	2.1382872206 	-0.356625204193 	-0.0568090933548 	2.20317325992 	-0.0189941413401 	0.0243108799401
7.11 	0 	2.22932330827 	2.1382872206 	-0.356625204193 	-0.0568090933548 	2.20317325992 	-0.0189941413401 	0.0243108799401
7.11 	0 	2.22030075188 	2.1382872206 	-0.356625204193 	-0.0568090933548 	2.20317325992 	-0.0189941413401 	0.0243108799401
7.11 	0 	2.21127819549 	2.06787841994 	-0.351287326625 	-0.115471577885 	2.23548920947 	-0.0558589658814 	0.029470102116
7.11 	0 	2.2022556391 	2.06787841994 	-0.351287326625 	-0.115471577885 	2.23548920947 	-0.0558589658814 	0.029470102116
7.11 	0 	2.19323308271 	2.06787841994 	-0.351287326625 	-0.115471577885 	2.23548920947 	-0.0558589658814 	0.029470102116
7.11 	0 	2.18421052632 	2.06794967983 	-0.518232837798 	-0.0519049758593 	2.26989236132 	-0.0890199466182 	0.026083742422
7.11 	0 	2.17518796992 	2.06794967983 	-0.518232837798 	-0.0519049758593 	2.26989236132 	-0.0890199466182 	0.026083742422
7.11 	0 	2.16616541353 	2.06794967983 	-0.518232837798 	-0.0519049758593 	2.26989236132 	-0.0890199466182 	0.026083742422
7.11 	0 	2.15714285714 	2.06794967983 	-0.518232837798 	-0.0519049758593 	2.26989236132 	-0.0890199466182 	0.026083742422
7.11 	0 	2.14812030075 	2.03083709602 	-0.678735159086 	-0.167268323184 	2.28547876538 	-0.125859519335 	0.0228038584216
7.11 	0 	2.13909774436 	2.03083709602 	-0.678735159086 	-0.167268323184 	2.28547876538 	-0.125859519335 	0.0228038584216
7.11 	0 	2.13007518797 	2.03083709602 	-0.678735159086 	-0.167268323184 	2.28547876538 	-0.125859519335 	0.0228038584216
7.11 	0 	2.12105263158 	2.30157932383 	-0.295713567386 	0.0286666254037 	2.28297874085 	-0.164436064323 	0.0201891382412
7.11 	0 	2.11203007519 	2.30157932383 	-0.295713567386 	0.0286666254037 	2.28297874085 	-0.164436064323 	0.0201891382412
7.11 	0 	2.1030075188 	2.30157932383 	-0.295713567386 	0.0286666254037 	2.28297874085 	-0.164436064323 	0.0201891382412
7.11 	0 	2.09398496241 	2.30157932383 	-0.295713567386 	0.0286666254037 	2.28297874085 	-0.164436064323 	0.0201891382412
7.11 	0 	2.08496240602 	2.84971957744 	-0.0387038334453 	0.0297871376387 	2.28584765481 	-0.206946766821 	0.0266607953653
7.11 	0 	2.07593984962 	2.84971957744 	-0.0387038334453 	0.0297871376387 	2.28584765481 	-0.206946766821 	0.0266607953653
7.11 	0 	2.06691729323 	2.84971957744 	-0.0387038334453 	0.0297871376387 	2.28584765481 	-0.206946766821 	0.0266607953653
7.11 	0 	2.05789473684 	2.58028930409 	-0.0266117149982 	0.00226002621531 	2.28203113979 	-0.234084458879 	0.0121024569998
7.11 	0 	2.04887218045 	2.58028930409 	-0.0266117149982 	0.00226002621531 	2.28203113979 	-0.234084458879 	0.0121024569998
7.11 	0 	2.03984962406 	2.58028930409 	-0.0266117149982 	0.00226002621531 	2.28203113979 	-0.234084458879 	0.0121024569998
7.11 	0 	2.03082706767 	2.58028930409 	-0.0266117149982 	0.00226002621531 	2.28203113979 	-0.234084458879 	0.0121024569998
7.11 	0 	2.02180451128 	2.39104564442 	0.00630723543739 	-0.157102027417 	2.25557808242 	-0.25599933693 	0.017894234426
7.11 	0 	2.01278195489 	2.39104564442 	0.00630723543739 	-0.157102027417 	2.25557808242 	-0.25599933693 	0.017894234426
7.11 	0 	2.0037593985 	2.39104564442 	0.00630723543739 	-0.157102027417 	2.25557808242 	-0.25599933693 	0.017894234426
7.11 	0 	1.99473684211 	2.75590582293 	-0.0807291119911 	-0.244235954721 	2.21920278917 	-0.285787962393 	0.0174081819014
7.11 	0 	1.98571428571 	2.75590582293 	-0.0807291119911 	-0.244235954721 	2.21920278917 	-0.285787962393 	0.0174081819014
7.11 	0 	1.97669172932 	2.75590582293 	-0.0807291119911 	-0.244235954721 	2.21920278917 	-0.285787962393 	0.0174081819014
7.11 	0 	1.96766917293 	2.75590582293 	-0.0807291119911 	-0.244235954721 	2.21920278917 	-0.285787962393 	0.0174081819014
7.11 	0 	1.95864661654 	2.84384167339 	-0.0638037103336 	-0.202333309282 	2.18763009196 	-0.320183062224 	0.0254424314263
7.11 	0 	1.94962406015 	2.84384167339 	-0.0638037103336 	-0.202333309282 	2.18763009196 	-0.320183062224 	0.0254424314263
7.11 	0 	1.94060150376 	2.84384167339 	-0.0638037103336 	-0.202333309282 	2.18763009196 	-0.320183062224 	0.0254424314263
7.11 	0 	1.93157894737 	2.35371746467 	-0.13045881519 	-0.104439112662 	2.14605671276 	-0.344205308754 	0.0416162754226
7.11 	0 	1.92255639098 	2.35371746467 	-0.13045881519 	-0.104439112662 	2.14605671276 	-0.344205308754 	0.0416162754226
7.11 	0 	1.91353383459 	2.35371746467 	-0.13045881519 	-0.104439112662 	2.14605671276 	-0.344205308754 	0.0416162754226
7.11 	0 	1.9045112782 	2.35371746467 	-0.13045881519 	-0.104439112662 	2.14605671276 	-0.344205308754 	0.0416162754226
7.11 	0 	1.8954887218 	1.83091855605 	-0.353590757252 	0.123886400928 	2.09613876795 	-0.363976747192 	0.0446321513708
7.11 	0 	1.88646616541 	1.83091855605 	-0.353590757252 	0.123886400928 	2.09613876795 	-0.363976747192 	0.0446321513708
7.11 	0 	1.87744360902 	1.83091855605 	-0.353590757252 	0.123886400928 	2.09613876795 	-0.363976747192 	0.0446321513708
7.11 	0 	1.86842105263 	1.83091855605 	-0.353590757252 	0.123886400928 	2.09613876795 	-0.363976747192 	0.0446321513708
7.11 	0 	1.85939849624 	1.50611685357 	-0.581585748365 	0.224620044691 	2.05068861475 	-0.390677267809 	0.0385330393236
7.11 	0 	1.85037593985 	1.50611685357 	-0.581585748365 	0.224620044691 	2.05068861475 	-0.390677267809 	0.0385330393236
7.11 	0 	1.84135338346 	1.50611685357 	-0.581585748365 	0.224620044691 	2.05068861475 	-0.390677267809 	0.0385330393236
7.11 	0 	1.83233082707 	1.36142025028 	-0.625427882081 	0.181532488545 	2.007915521 	-0.402693128326 	0.0382763944364
7.11 	0 	1.82330827068 	1.36142025028 	-0.625427882081 	0.181532488545 	2.007915521 	-0.402693128326 	0.0382763944364
7.11 	0 	1.81428571429 	1.36142025028 	-0.625427882081 	0.181532488545 	2.007915521 	-0.402693128326 	0.0382763944364
7.11 	0 	1.80526315789 	1.36142025028 	-0.625427882081 	0.181532488545 	2.007915521 	-0.402693128326 	0.0382763944364
7.11 	0 	1.7962406015 	1.25657870254 	-0.648275332723 	0.231895714229 	1.95792737496 	-0.421403537715 	0.0409944419371
7.11 	0 	1.78721804511 	1.25657870254 	-0.648275332723 	0.231895714229 	1.95792737496 	-0.421403537715 	0.0409944419371
7.11 	0 	1.77819548872 	1.25657870254 	-0.648275332723 	0.231895714229 	1.95792737496 	-0.421403537715 	0.0409944419371
7.11 	0 	1.76917293233 	1.35290329218 	-0.521987846385 	0.18457202 	1.9080607959 	-0.431830130593 	0.0425675000255
7.11 	0 	1.76015037594 	1.35290329218 	-0.521987846385 	0.18457202 	1.9080607959 	-0.431830130593 	0.0425675000255
7.11 	0 	1.75112781955 	1.35290329218 	-0.521987846385 	0.18457202 	1.9080607959 	-0.431830130593 	0.0425675000255
7.11 	0 	1.74210526316 	1.35290329218 	-0.521987846385 	0.18457202 	1.9080607959 	-0.431830130593 	0.0425675000255
7.11 	0 	1.73308270677 	1.55059176689 	-0.450915008353 	0.15888036997 	1.87729222491 	-0.434364555916 	0.0449877867723
7.11 	0 	1.72406015038 	1.55059176689 	-0.450915008353 	0.15888036997 	1.87729222491 	-0.434364555916 	0.0449877867723
7.11 	0 	1.71503759398 	1.55059176689 	-0.450915008353 	0.15888036997 	1.87729222491 	-0.434364555916 	0.0449877867723
7.11 	0 	1.70601503759 	1.40894917429 	-0.497669180412 	0.057606773332 	1.85970599559 	-0.432375561412 	0.0537635208677
7.11 	0 	1.6969924812 	1.40894917429 	-0.497669180412 	0.057606773332 	1.85970599559 	-0.432375561412 	0.0537635208677
7.11 	0 	1.68796992481 	1.40894917429 	-0.497669180412 	0.057606773332 	1.85970599559 	-0.432375561412 	0.0537635208677
7.11 	0 	1.67894736842 	1.40894917429 	-0.497669180412 	0.057606773332 	1.85970599559 	-0.432375561412 	0.0537635208677
7.11 	0 	1.66992481203 	1.24361912228 	-0.518590887897 	0.196229072042 	1.84774179126 	-0.418162795317 	0.0584960350177
7.11 	0 	1.66090225564 	1.24361912228 	-0.518590887897 	0.196229072042 	1.84774179126 	-0.418162795317 	0.0584960350177
7.11 	0 	1.65187969925 	1.24361912228 	-0.518590887897 	0.196229072042 	1.84774179126 	-0.418162795317 	0.0584960350177
7.11 	0 	1.64285714286 	1.11985904833 	-0.557705974472 	0.339351268375 	1.857689356 	-0.402611492233 	0.0624669523152
7.11 	0 	1.63383458647 	1.11985904833 	-0.557705974472 	0.339351268375 	1.857689356 	-0.402611492233 	0.0624669523152
7.11 	0 	1.62481203008 	1.11985904833 	-0.557705974472 	0.339351268375 	1.857689356 	-0.402611492233 	0.0624669523152
7.11 	0 	1.61578947368 	1.11985904833 	-0.557705974472 	0.339351268375 	1.857689356 	-0.402611492233 	0.0624669523152
7.11 	0 	1.60676691729 	1.35595860643 	-0.385275808336 	0.334143481201 	1.86542165013 	-0.383602890202 	0.0671662678198
7.11 	0 	1.5977443609 	1.35595860643 	-0.385275808336 	0.334143481201 	1.86542165013 	-0.383602890202 	0.0671662678198
7.11 	0 	1.58872180451 	1.35595860643 	-0.385275808336 	0.334143481201 	1.86542165013 	-0.383602890202 	0.0671662678198
7.11 	0 	1.57969924812 	1.69327216333 	-0.322622420407 	0.00285169690477 	1.87146860486 	-0.354218136586 	0.058017031935
7.11 	0 	1.57067669173 	1.69327216333 	-0.322622420407 	0.00285169690477 	1.87146860486 	-0.354218136586 	0.058017031935
7.11 	0 	1.56165413534 	1.69327216333 	-0.322622420407 	0.00285169690477 	1.87146860486 	-0.354218136586 	0.058017031935
7.11 	0 	1.55263157895 	1.69327216333 	-0.322622420407 	0.00285169690477 	1.87146860486 	-0.354218136586 	0.058017031935
7.11 	0 	1.54360902256 	1.80199825869 	-0.419083693025 	-0.083870522425 	1.88204997671 	-0.331827210064 	0.0577009542255
7.11 	0 	1.53458646617 	1.80199825869 	-0.419083693025 	-0.083870522425 	1.88204997671 	-0.331827210064 	0.0577009542255
7.11 	0 	1.52556390977 	1.80199825869 	-0.419083693025 	-0.083870522425 	1.88204997671 	-0.331827210064 	0.0577009542255
7.11 	0 	1.51654135338 	2.00025739123 	0.0359940091513 	-0.239313730834 	1.89966457734 	-0.311850587592 	0.0622552779854
7.11 	0 	1.50751879699 	2.00025739123 	0.0359940091513 	-0.239313730834 	1.89966457734 	-0.311850587592 	0.0622552779854
7.11 	0 	1.4984962406 	2.00025739123 	0.0359940091513 	-0.239313730834 	1.89966457734 	-0.311850587592 	0.0622552779854
7.11 	0 	1.48947368421 	2.00025739123 	0.0359940091513 	-0.239313730834 	1.89966457734 	-0.311850587592 	0.0622552779854
7.11 	0 	1.48045112782 	1.90860819659 	0.0835377643788 	-0.186648764528 	1.9263377735 	-0.292631563523 	0.0714221765591
7.11 	0 	1.47142857143 	1.90860819659 	0.0835377643788 	-0.186648764528 	1.9263377735 	-0.292631563523 	0.0714221765591
7.11 	0 	1.46240601504 	1.90860819659 	0.0835377643788 	-0.186648764528 	1.9263377735 	-0.292631563523 	0.0714221765591
7.11 	0 	1.45338345865 	1.91957915799 	-0.156976513474 	-0.201100185445 	1.94217154259 	-0.273201352679 	0.0785698703912
7.11 	0 	1.44436090226 	1.91957915799 	-0.156976513474 	-0.201100185445 	1.94217154259 	-0.273201352679 	0.0785698703912
7.11 	0 	1.43533834586 	1.91957915799 	-0.156976513474 	-0.201100185445 	1.94217154259 	-0.273201352679 	0.0785698703912
7.11 	0 	1.42631578947 	1.91957915799 	-0.156976513474 	-0.201100185445 	1.94217154259 	-0.273201352679 	0.0785698703912
7.11 	0 	1.41729323308 	1.90054692846 	-0.215569469525 	-0.127380343266 	1.98328714178 	-0.248631074147 	0.101231768167
7.11 	0 	1.40827067669 	1.90054692846 	-0.215569469525 	-0.127380343266 	1.98328714178 	-0.248631074147 	0.101231768167
7.11 	0 	1.3992481203 	1.90054692846 	-0.215569469525 	-0.127380343266 	1.98328714178 	-0.248631074147 	0.101231768167
7.11 	0 	1.39022556391 	1.83204282579 	-0.355925960513 	-0.350841695626 	2.03201067019 	-0.227065461706 	0.10967250456
7.11 	0 	1.38120300752 	1.83204282579 	-0.355925960513 	-0.350841695626 	2.03201067019 	-0.227065461706 	0.10967250456
7.11 	0 	1.37218045113 	1.83204282579 	-0.355925960513 	-0.350841695626 	2.03201067019 	-0.227065461706 	0.10967250456
7.11 	0 	1.36315789474 	1.83204282579 	-0.355925960513 	-0.350841695626 	2.03201067019 	-0.227065461706 	0.10967250456
7.11 	0 	1.35413533835 	1.96479978907 	-0.538384488264 	-0.489404040489 	2.08280515364 	-0.216373062309 	0.11876534831
7.11 	0 	1.34511278195 	1.96479978907 	-0.538384488264 	-0.489404040489 	2.08280515364 	-0.216373062309 	0.11876534831
7.11 	0 	1.33609022556 	1.96479978907 	-0.538384488264 	-0.489404040489 	2.08280515364 	-0.216373062309 	0.11876534831
7.11 	0 	1.32706766917 	2.09820947771 	-0.310388647922 	-0.332534445104 	2.12251338179 	-0.197724893458 	0.117267992224
7.11 	0 	1.31804511278 	2.09820947771 	-0.310388647922 	-0.332534445104 	2.12251338179 	-0.197724893458 	0.117267992224
7.11 	0 	1.30902255639 	2.09820947771 	-0.310388647922 	-0.332534445104 	2.12251338179 	-0.197724893458 	0.117267992224
7.11 	0 	1.3 	2.09820947771 	-0.310388647922 	-0.332534445104 	2.12251338179 	-0.197724893458 	0.117267992224
7.11 	0 	1.29097744361 	2.13025063012 	-0.135591413022 	-0.242926750728 	2.15898829088 	-0.177008594938 	0.120011412939
7.11 	0 	1.28195488722 	2.13025063012 	-0.135591413022 	-0.242926750728 	2.15898829088 	-0.177008594938 	0.120011412939
7.11 	0 	1.27293233083 	2.13025063012 	-0.135591413022 	-0.242926750728 	2.15898829088 	-0.177008594938 	0.120011412939
7.11 	0 	1.26390977444 	2.01284766784 	-0.255773321766 	-0.341127043152 	2.18898570209 	-0.171848708736 	0.116130121514
7.11 	0 	1.25488721805 	2.01284766784 	-0.255773321766 	-0.341127043152 	2.18898570209 	-0.171848708736 	0.116130121514
7.11 	0 	1.24586466165 	2.01284766784 	-0.255773321766 	-0.341127043152 	2.18898570209 	-0.171848708736 	0.116130121514
7.11 	0 	1.23684210526 	2.01284766784 	-0.255773321766 	-0.341127043152 	2.18898570209 	-0.171848708736 	0.116130121514
7.11 	0 	1.22781954887 	1.80128170954 	-0.237918347195 	-0.444357438363 	2.23218568421 	-0.156841195857 	0.116721082726
7.11 	0 	1.21879699248 	1.80128170954 	-0.237918347195 	-0.444357438363 	2.23218568421 	-0.156841195857 	0.116721082726
7.11 	0 	1.20977443609 	1.80128170954 	-0.237918347195 	-0.444357438363 	2.23218568421 	-0.156841195857 	0.116721082726
7.11 	0 	1.2007518797 	2.03033615939 	-0.353395706673 	-0.492405868588 	2.28824858333 	-0.120722872046 	0.121427587527
7.11 	0 	1.19172932331 	2.03033615939 	-0.353395706673 	-0.492405868588 	2.28824858333 	-0.120722872046 	0.121427587527
7.11 	0 	1.18270676692 	2.03033615939 	-0.353395706673 	-0.492405868588 	2.28824858333 	-0.120722872046 	0.121427587527
7.11 	0 	1.17368421053 	2.03033615939 	-0.353395706673 	-0.492405868588 	2.28824858333 	-0.120722872046 	0.121427587527
7.11 	0 	1.16466165414 	2.4120859361 	-0.0236439516329 	-0.620618131751 	2.34339794579 	-0.1043510231 	0.124280305256
7.11 	0 	1.15563909774 	2.4120859361 	-0.0236439516329 	-0.620618131751 	2.34339794579 	-0.1043510231 	0.124280305256
7.11 	0 	1.14661654135 	2.4120859361 	-0.0236439516329 	-0.620618131751 	2.34339794579 	-0.1043510231 	0.124280305256
7.11 	0 	1.13759398496 	2.55109634171 	0.235957502545 	-0.801425691496 	2.39920725935 	-0.090245733018 	0.137077313616
7.11 	0 	1.12857142857 	2.55109634171 	0.235957502545 	-0.801425691496 	2.39920725935 	-0.090245733018 	0.137077313616
7.11 	0 	1.11954887218 	2.55109634171 	0.235957502545 	-0.801425691496 	2.39920725935 	-0.090245733018 	0.137077313616
7.11 	0 	1.11052631579 	2.55109634171 	0.235957502545 	-0.801425691496 	2.39920725935 	-0.090245733018 	0.137077313616
7.11 	0 	1.1015037594 	2.42948681431 	0.27353092555 	-1.05341500871 	2.45153637784 	-0.0747567078201 	0.140840766557
7.11 	0 	1.09248120301 	2.42948681431 	0.27353092555 	-1.05341500871 	2.45153637784 	-0.0747567078201 	0.140840766557
7.11 	0 	1.08345864662 	2.42948681431 	0.27353092555 	-1.05341500871 	2.45153637784 	-0.0747567078201 	0.140840766557
7.11 	0 	1.07443609023 	2.28452161022 	0.198741663734 	-1.09135339755 	2.51085617324 	-0.0805451873869 	0.140428740727
7.11 	0 	1.06541353383 	2.28452161022 	0.198741663734 	-1.09135339755 	2.51085617324 	-0.0805451873869 	0.140428740727
7.11 	0 	1.05639097744 	2.28452161022 	0.198741663734 	-1.09135339755 	2.51085617324 	-0.0805451873869 	0.140428740727
7.11 	0 	1.04736842105 	2.28452161022 	0.198741663734 	-1.09135339755 	2.51085617324 	-0.0805451873869 	0.140428740727
7.11 	0 	1.03834586466 	2.21167949019 	0.244195095473 	-0.997586073389 	2.57439726463 	-0.0782538845579 	0.149973383894
7.11 	0 	1.02932330827 	2.21167949019 	0.244195095473 	-0.997586073389 	2.57439726463 	-0.0782538845579 	0.149973383894
7.11 	0 	1.02030075188 	2.21167949019 	0.244195095473 	-0.997586073389 	2.57439726463 	-0.0782538845579 	0.149973383894
7.11 	0 	1.01127819549 	2.26060490107 	0.245175113806 	-0.598431473646 	2.61737911649 	-0.089381523506 	0.149211850821
7.11 	0 	1.0022556391 	2.26060490107 	0.245175113806 	-0.598431473646 	2.61737911649 	-0.089381523506 	0.149211850821
7.11 	0 	0.993233082707 	2.26060490107 	0.245175113806 	-0.598431473646 	2.61737911649 	-0.089381523506 	0.149211850821
7.11 	0 	0.984210526316 	2.26060490107 	0.245175113806 	-0.598431473646 	2.61737911649 	-0.089381523506 	0.149211850821
7.11 	0 	0.975187969925 	2.55876296925 	-0.190111954636 	-0.274111061455 	2.70780264201 	-0.102080201457 	0.154214047109
7.11 	0 	0.966165413534 	2.55876296925 	-0.190111954636 	-0.274111061455 	2.70780264201 	-0.102080201457 	0.154214047109
7.11 	0 	0.957142857143 	2.55876296925 	-0.190111954636 	-0.274111061455 	2.70780264201 	-0.102080201457 	0.154214047109
7.11 	0 	0.948120300752 	2.72511679444 	-0.533837905718 	-0.140347491692 	2.77513600798 	-0.101169140147 	0.165799062972
7.11 	0 	0.939097744361 	2.72511679444 	-0.533837905718 	-0.140347491692 	2.77513600798 	-0.101169140147 	0.165799062972
7.11 	0 	0.93007518797 	2.72511679444 	-0.533837905718 	-0.140347491692 	2.77513600798 	-0.101169140147 	0.165799062972
7.11 	0 	0.921052631579 	2.72511679444 	-0.533837905718 	-0.140347491692 	2.77513600798 	-0.101169140147 	0.165799062972
7.11 	0 	0.912030075188 	2.92809666363 	-0.277497270276 	-0.274579231642 	2.80969599838 	-0.0996167515708 	0.171111509248
7.11 	0 	0.903007518797 	2.92809666363 	-0.277497270276 	-0.274579231642 	2.80969599838 	-0.0996167515708 	0.171111509248
7.11 	0 	0.893984962406 	2.92809666363 	-0.277497270276 	-0.274579231642 	2.80969599838 	-0.0996167515708 	0.171111509248
7.11 	0 	0.884962406015 	3.02785153743 	0.0485278287015 	-0.296449384806 	2.851078733 	-0.106417275965 	0.152624064202
7.11 	0 	0.875939849624 	3.02785153743 	0.0485278287015 	-0.296449384806 	2.851078733 	-0.106417275965 	0.152624064202
7.11 	0 	0.866917293233 	3.02785153743 	0.0485278287015 	-0.296449384806 	2.851078733 	-0.106417275965 	0.152624064202
7.11 	0 	0.857894736842 	3.02785153743 	0.0485278287015 	-0.296449384806 	2.851078733 	-0.106417275965 	0.152624064202
7.11 	0 	0.848872180451 	2.95752997161 	-0.263639303041 	-0.215425441565 	2.9066702876 	-0.110938974366 	0.149120616735
7.11 	0 	0.83984962406 	2.95752997161 	-0.263639303041 	-0.215425441565 	2.9066702876 	-0.110938974366 	0.149120616735
7.11 	0 	0.830827067669 	2.95752997161 	-0.263639303041 	-0.215425441565 	2.9066702876 	-0.110938974366 	0.149120616735
7.11 	0 	0.821804511278 	2.90124811089 	0.0638082772458 	-0.139494253878 	2.96418039455 	-0.119856884316 	0.155479698901
7.11 	0 	0.812781954887 	2.90124811089 	0.0638082772458 	-0.139494253878 	2.96418039455 	-0.119856884316 	0.155479698901
7.11 	0 	0.803759398496 	2.90124811089 	0.0638082772458 	-0.139494253878 	2.96418039455 	-0.119856884316 	0.155479698901
7.11 	0 	0.794736842105 	2.90124811089 	0.0638082772458 	-0.139494253878 	2.96418039455 	-0.119856884316 	0.155479698901
7.11 	0 	0.785714285714 	2.80108597405 	0.0494116698653 	-0.0136795301745 	3.00028394868 	-0.121441662825 	0.14166106888
7.11 	0 	0.776691729323 	2.80108597405 	0.0494116698653 	-0.0136795301745 	3.00028394868 	-0.121441662825 	0.14166106888
7.11 	0 	0.767669172932 	2.80108597405 	0.0494116698653 	-0.0136795301745 	3.00028394868 	-0.121441662825 	0.14166106888
7.11 	0 	0.758646616541 	2.87240041941 	-0.20309856265 	-0.126749468409 	3.02001960275 	-0.105188503526 	0.130501780273
7.11 	0 	0.74962406015 	2.87240041941 	-0.20309856265 	-0.126749468409 	3.02001960275 	-0.105188503526 	0.130501780273
7.11 	0 	0.740601503759 	2.87240041941 	-0.20309856265 	-0.126749468409 	3.02001960275 	-0.105188503526 	0.130501780273
7.11 	0 	0.731578947368 	2.87240041941 	-0.20309856265 	-0.126749468409 	3.02001960275 	-0.105188503526 	0.130501780273
7.11 	0 	0.722556390977 	2.58780099878 	-0.399016752671 	0.34209941877 	3.04580598498 	-0.0923740318113 	0.123620676703
7.11 	0 	0.713533834586 	2.58780099878 	-0.399016752671 	0.34209941877 	3.04580598498 	-0.0923740318113 	0.123620676703
7.11 	0 	0.704511278195 	2.58780099878 	-0.399016752671 	0.34209941877 	3.04580598498 	-0.0923740318113 	0.123620676703
7.11 	0 	0.695488721804 	2.47909490469 	-0.367286101549 	0.18634886953 	3.06815538678 	-0.0982220718321 	0.11289186257
7.11 	0 	0.686466165414 	2.47909490469 	-0.367286101549 	0.18634886953 	3.06815538678 	-0.0982220718321 	0.11289186257
7.11 	0 	0.677443609023 	2.47909490469 	-0.367286101549 	0.18634886953 	3.06815538678 	-0.0982220718321 	0.11289186257
7.11 	0 	0.668421052632 	2.47909490469 	-0.367286101549 	0.18634886953 	3.06815538678 	-0.0982220718321 	0.11289186257
7.11 	0 	0.659398496241 	2.76262408892 	0.0428088063781 	-0.0416125315459 	3.08557138689 	-0.0959099436218 	0.100807850545
7.11 	0 	0.65037593985 	2.76262408892 	0.0428088063781 	-0.0416125315459 	3.08557138689 	-0.0959099436218 	0.100807850545
7.11 	0 	0.641353383459 	2.76262408892 	0.0428088063781 	-0.0416125315459 	3.08557138689 	-0.0959099436218 	0.100807850545
7.11 	0 	0.632330827068 	2.80078296765 	-0.114849127745 	0.0620604768841 	3.08133081423 	-0.0885090942038 	0.0883486311155
7.11 	0 	0.623308270677 	2.80078296765 	-0.114849127745 	0.0620604768841 	3.08133081423 	-0.0885090942038 	0.0883486311155
7.11 	0 	0.614285714286 	2.80078296765 	-0.114849127745 	0.0620604768841 	3.08133081423 	-0.0885090942038 	0.0883486311155
7.11 	0 	0.605263157895 	2.80078296765 	-0.114849127745 	0.0620604768841 	3.08133081423 	-0.0885090942038 	0.0883486311155
7.11 	0 	0.596240601504 	2.74784923231 	-0.567598608785 	-0.214180867934 	3.07798409955 	-0.0737411628964 	0.0767705911014
7.11 	0 	0.587218045113 	2.74784923231 	-0.567598608785 	-0.214180867934 	3.07798409955 	-0.0737411628964 	0.0767705911014
7.11 	0 	0.578195488722 	2.74784923231 	-0.567598608785 	-0.214180867934 	3.07798409955 	-0.0737411628964 	0.0767705911014
7.11 	0 	0.569172932331 	3.03526771764 	-0.00552246416232 	-0.00551173575028 	3.06161090873 	-0.0610110754522 	0.0616635863814
7.11 	0 	0.56015037594 	3.03526771764 	-0.00552246416232 	-0.00551173575028 	3.06161090873 	-0.0610110754522 	0.0616635863814
7.11 	0 	0.551127819549 	3.03526771764 	-0.00552246416232 	-0.00551173575028 	3.06161090873 	-0.0610110754522 	0.0616635863814
7.11 	0 	0.542105263158 	3.03526771764 	-0.00552246416232 	-0.00551173575028 	3.06161090873 	-0.0610110754522 	0.0616635863814
7.11 	0 	0.533082706767 	3.07054220158 	-0.0752247913458 	0.369853715858 	3.03013129444 	-0.0440901445385 	0.0561208337438
7.11 	0 	0.524060150376 	3.07054220158 	-0.0752247913458 	0.369853715858 	3.03013129444 	-0.0440901445385 	0.0561208337438
7.11 	0 	0.515037593985 	3.07054220158 	-0.0752247913458 	0.369853715858 	3.03013129444 	-0.0440901445385 	0.0561208337438
7.11 	0 	0.506015037594 	2.90434847536 	-0.18907899525 	-0.174490452643 	3.00602995427 	-0.0483991969569 	0.0472007902007
7.11 	0 	0.496992481203 	2.90434847536 	-0.18907899525 	-0.174490452643 	3.00602995427 	-0.0483991969569 	0.0472007902007
7.11 	0 	0.487969924812 	2.90434847536 	-0.18907899525 	-0.174490452643 	3.00602995427 	-0.0483991969569 	0.0472007902007
7.11 	0 	0.478947368421 	2.90434847536 	-0.18907899525 	-0.174490452643 	3.00602995427 	-0.0483991969569 	0.0472007902007
7.11 	0 	0.46992481203 	3.31632536059 	-0.469960285233 	0.077640196197 	2.97466371673 	-0.0389059279232 	0.0384756122864
7.11 	0 	0.460902255639 	3.31632536059 	-0.469960285233 	0.077640196197 	2.97466371673 	-0.0389059279232 	0.0384756122864
7.11 	0 	0.451879699248 	3.31632536059 	-0.469960285233 	0.077640196197 	2.97466371673 	-0.0389059279232 	0.0384756122864
7.11 	0 	0.442857142857 	3.04161972086 	-0.29819567268 	-0.127266113625 	2.92969924214 	-0.0243897141604 	0.0283224010567
7.11 	0 	0.433834586466 	3.04161972086 	-0.29819567268 	-0.127266113625 	2.92969924214 	-0.0243897141604 	0.0283224010567
7.11 	0 	0.424812030075 	3.04161972086 	-0.29819567268 	-0.127266113625 	2.92969924214 	-0.0243897141604 	0.0283224010567
7.11 	0 	0.415789473684 	3.04161972086 	-0.29819567268 	-0.127266113625 	2.92969924214 	-0.0243897141604 	0.0283224010567
7.11 	0 	0.406766917293 	2.92094748087 	-0.21192112772 	-0.126042668794 	2.87882674193 	-0.0141129166429 	0.0216082098335
7.11 	0 	0.397744360902 	2.92094748087 	-0.21192112772 	-0.126042668794 	2.87882674193 	-0.0141129166429 	0.0216082098335
7.11 	0 	0.388721804511 	2.92094748087 	-0.21192112772 	-0.126042668794 	2.87882674193 	-0.0141129166429 	0.0216082098335
7.11 	0 	0.37969924812 	2.89097948587 	-0.12107748225 	-0.0181641300722 	2.81271322414 	-0.0196392490904 	0.0182327049896
7.11 	0 	0.370676691729 	2.89097948587 	-0.12107748225 	-0.0181641300722 	2.81271322414 	-0.0196392490904 	0.0182327049896
7.11 	0 	0.361654135338 	2.89097948587 	-0.12107748225 	-0.0181641300722 	2.81271322414 	-0.0196392490904 	0.0182327049896
7.11 	0 	0.352631578947 	2.89097948587 	-0.12107748225 	-0.0181641300722 	2.81271322414 	-0.0196392490904 	0.0182327049896
7.11 	0 	0.343609022556 	2.53775080562 	-0.166624200878 	0.104285514234 	2.73441262623 	-0.0239958834725 	0.0173357720628
7.11 	0 	0.334586466165 	2.53775080562 	-0.166624200878 	0.104285514234 	2.73441262623 	-0.0239958834725 	0.0173357720628
7.11 	0 	0.325563909774 	2.53775080562 	-0.166624200878 	0.104285514234 	2.73441262623 	-0.0239958834725 	0.0173357720628
7.11 	0 	0.316541353383 	2.28880443432 	-0.272211493477 	0.173680513935 	2.6405329238 	-0.0184750120359 	0.0154617078003
7.11 	0 	0.307518796992 	2.28880443432 	-0.272211493477 	0.173680513935 	2.6405329238 	-0.0184750120359 	0.0154617078003
7.11 	0 	0.298496240601 	2.28880443432 	-0.272211493477 	0.173680513935 	2.6405329238 	-0.0184750120359 	0.0154617078003
7.11 	0 	0.289473684211 	2.28880443432 	-0.272211493477 	0.173680513935 	2.6405329238 	-0.0184750120359 	0.0154617078003
7.11 	0 	0.28045112782 	2.36131200748 	-0.110736079578 	0.223020755649 	2.55556292207 	-0.0114790709345 	0.00980559574978
7.11 	0 	0.271428571429 	2.36131200748 	-0.110736079578 	0.223020755649 	2.55556292207 	-0.0114790709345 	0.00980559574978
7.11 	0 	0.262406015038 	2.36131200748 	-0.110736079578 	0.223020755649 	2.55556292207 	-0.0114790709345 	0.00980559574978
7.11 	0 	0.253383458647 	2.36131200748 	-0.110736079578 	0.223020755649 	2.55556292207 	-0.0114790709345 	0.00980559574978
7.11 	0 	0.244360902256 	1.61864526519 	-0.00325591963291 	0.409303907701 	2.36330439522 	0.0149937227875 	-0.00518593509298
7.11 	0 	0.235338345865 	1.61864526519 	-0.00325591963291 	0.409303907701 	2.36330439522 	0.0149937227875 	-0.00518593509298
7.11 	0 	0.226315789474 	1.61864526519 	-0.00325591963291 	0.409303907701 	2.36330439522 	0.0149937227875 	-0.00518593509298
7.11 	0 	0.217293233083 	1.61864526519 	-0.00325591963291 	0.409303907701 	2.36330439522 	0.0149937227875 	-0.00518593509298
7.11 	0 	0.208270676692 	1.61864526519 	-0.00325591963291 	0.409303907701 	2.36330439522 	0.0149937227875 	-0.00518593509298
7.11 	0 	0.199248120301 	1.61864526519 	-0.00325591963291 	0.409303907701 	2.36330439522 	0.0149937227875 	-0.00518593509298
7.11 	0 	0.19022556391 	1.61864526519 	-0.00325591963291 	0.409303907701 	2.36330439522 	0.0149937227875 	-0.00518593509298
7.11 	0 	0.181203007519 	1.68917780738 	0.474102093605 	0.635937777089 	2.11011488535 	0.031169496501 	0.0202881127414
7.11 	0 	0.172180451128 	1.68917780738 	0.474102093605 	0.635937777089 	2.11011488535 	0.031169496501 	0.0202881127414
7.11 	0 	0.163157894737 	1.68917780738 	0.474102093605 	0.635937777089 	2.11011488535 	0.031169496501 	0.0202881127414
7.11 	0 	0.154135338346 	1.68917780738 	0.474102093605 	0.635937777089 	2.11011488535 	0.031169496501 	0.0202881127414
7.11 	0 	0.145112781955 	1.68917780738 	0.474102093605 	0.635937777089 	2.11011488535 	0.031169496501 	0.0202881127414
7.11 	0 	0.136090225564 	1.68917780738 	0.474102093605 	0.635937777089 	2.11011488535 	0.031169496501 	0.0202881127414
7.11 	0 	0.127067669173 	1.68917780738 	0.474102093605 	0.635937777089 	2.11011488535 	0.031169496501 	0.0202881127414
7.11 	0 	0.118045112782 	1.12423770318 	0.165544349194 	0.238660094888 	1.80774429164 	0.0221974383035 	0.00554335180666
7.11 	0 	0.109022556391 	1.12423770318 	0.165544349194 	0.238660094888 	1.80774429164 	0.0221974383035 	0.00554335180666
7.11 	0 	0.1 	1.12423770318 	0.165544349194 	0.238660094888 	1.80774429164 	0.0221974383035 	0.00554335180666
