14.22 	0 	3.7 	2.25296646085 	0.489885499717 	-0.34294228965 	2.48720904434 	0.0764641898833 	0.0283388139798
14.22 	0 	3.69097744361 	2.25296646085 	0.489885499717 	-0.34294228965 	2.48720904434 	0.0764641898833 	0.0283388139798
14.22 	0 	3.68195488722 	2.25296646085 	0.489885499717 	-0.34294228965 	2.48720904434 	0.0764641898833 	0.0283388139798
14.22 	0 	3.67293233083 	2.51436665186 	0.479852772645 	-0.258970148211 	2.56222159381 	0.0842527967946 	0.0243360374341
14.22 	0 	3.66390977444 	2.51436665186 	0.479852772645 	-0.258970148211 	2.56222159381 	0.0842527967946 	0.0243360374341
14.22 	0 	3.65488721805 	2.51436665186 	0.479852772645 	-0.258970148211 	2.56222159381 	0.0842527967946 	0.0243360374341
14.22 	0 	3.64586466165 	2.51436665186 	0.479852772645 	-0.258970148211 	2.56222159381 	0.0842527967946 	0.0243360374341
14.22 	0 	3.63684210526 	2.70778908225 	-0.100767683602 	-0.213230963324 	2.6411091678 	0.103395319252 	0.0379545567342
14.22 	0 	3.62781954887 	2.70778908225 	-0.100767683602 	-0.213230963324 	2.6411091678 	0.103395319252 	0.0379545567342
14.22 	0 	3.61879699248 	2.70778908225 	-0.100767683602 	-0.213230963324 	2.6411091678 	0.103395319252 	0.0379545567342
14.22 	0 	3.60977443609 	2.77647526524 	-0.177864885447 	-0.309492037236 	2.66550220511 	0.103960425498 	0.0372242383922
14.22 	0 	3.6007518797 	2.77647526524 	-0.177864885447 	-0.309492037236 	2.66550220511 	0.103960425498 	0.0372242383922
14.22 	0 	3.59172932331 	2.77647526524 	-0.177864885447 	-0.309492037236 	2.66550220511 	0.103960425498 	0.0372242383922
14.22 	0 	3.58270676692 	2.77647526524 	-0.177864885447 	-0.309492037236 	2.66550220511 	0.103960425498 	0.0372242383922
14.22 	0 	3.57368421053 	2.46320952857 	0.103661399589 	-0.397889869868 	2.68617951461 	0.107436542447 	0.0462260383985
14.22 	0 	3.56466165414 	2.46320952857 	0.103661399589 	-0.397889869868 	2.68617951461 	0.107436542447 	0.0462260383985
14.22 	0 	3.55563909774 	2.46320952857 	0.103661399589 	-0.397889869868 	2.68617951461 	0.107436542447 	0.0462260383985
14.22 	0 	3.54661654135 	2.84832663909 	-0.165810475609 	-0.418128949196 	2.67142815355 	0.0972678337825 	0.0484144232366
14.22 	0 	3.53759398496 	2.84832663909 	-0.165810475609 	-0.418128949196 	2.67142815355 	0.0972678337825 	0.0484144232366
14.22 	0 	3.52857142857 	2.84832663909 	-0.165810475609 	-0.418128949196 	2.67142815355 	0.0972678337825 	0.0484144232366
14.22 	0 	3.51954887218 	2.84832663909 	-0.165810475609 	-0.418128949196 	2.67142815355 	0.0972678337825 	0.0484144232366
14.22 	0 	3.51052631579 	3.46050739152 	-0.107360919714 	-0.329071461094 	2.68105769526 	0.101292450625 	0.0519484959163
14.22 	0 	3.5015037594 	3.46050739152 	-0.107360919714 	-0.329071461094 	2.68105769526 	0.101292450625 	0.0519484959163
14.22 	0 	3.49248120301 	3.46050739152 	-0.107360919714 	-0.329071461094 	2.68105769526 	0.101292450625 	0.0519484959163
14.22 	0 	3.48345864662 	3.46050739152 	-0.107360919714 	-0.329071461094 	2.68105769526 	0.101292450625 	0.0519484959163
14.22 	0 	3.47443609023 	3.7071775266 	-0.412037696627 	-0.382817033428 	2.6616683811 	0.1078658415 	0.0550169236325
14.22 	0 	3.46541353383 	3.7071775266 	-0.412037696627 	-0.382817033428 	2.6616683811 	0.1078658415 	0.0550169236325
14.22 	0 	3.45639097744 	3.7071775266 	-0.412037696627 	-0.382817033428 	2.6616683811 	0.1078658415 	0.0550169236325
14.22 	0 	3.44736842105 	3.32031919046 	-0.412005359845 	-0.355679040845 	2.63849322911 	0.10559166393 	0.0477758761001
14.22 	0 	3.43834586466 	3.32031919046 	-0.412005359845 	-0.355679040845 	2.63849322911 	0.10559166393 	0.0477758761001
14.22 	0 	3.42932330827 	3.32031919046 	-0.412005359845 	-0.355679040845 	2.63849322911 	0.10559166393 	0.0477758761001
14.22 	0 	3.42030075188 	3.32031919046 	-0.412005359845 	-0.355679040845 	2.63849322911 	0.10559166393 	0.0477758761001
14.22 	0 	3.41127819549 	3.24023785754 	-0.530887909348 	-0.382495284369 	2.62605611942 	0.107092215711 	0.0470647309955
14.22 	0 	3.4022556391 	3.24023785754 	-0.530887909348 	-0.382495284369 	2.62605611942 	0.107092215711 	0.0470647309955
14.22 	0 	3.39323308271 	3.24023785754 	-0.530887909348 	-0.382495284369 	2.62605611942 	0.107092215711 	0.0470647309955
14.22 	0 	3.38421052632 	2.94674687661 	-0.699195898473 	-0.354314312086 	2.62322312213 	0.110743217305 	0.0431902970409
14.22 	0 	3.37518796992 	2.94674687661 	-0.699195898473 	-0.354314312086 	2.62322312213 	0.110743217305 	0.0431902970409
14.22 	0 	3.36616541353 	2.94674687661 	-0.699195898473 	-0.354314312086 	2.62322312213 	0.110743217305 	0.0431902970409
14.22 	0 	3.35714285714 	2.94674687661 	-0.699195898473 	-0.354314312086 	2.62322312213 	0.110743217305 	0.0431902970409
14.22 	0 	3.34812030075 	3.11304981202 	-0.602839913334 	-0.476885145728 	2.61814122231 	0.0870378682903 	0.0462105517484
14.22 	0 	3.33909774436 	3.11304981202 	-0.602839913334 	-0.476885145728 	2.61814122231 	0.0870378682903 	0.0462105517484
14.22 	0 	3.33007518797 	3.11304981202 	-0.602839913334 	-0.476885145728 	2.61814122231 	0.0870378682903 	0.0462105517484
14.22 	0 	3.32105263158 	3.04580826765 	-0.52336234134 	-0.570341442293 	2.60437593912 	0.0900079172418 	0.0526521665761
14.22 	0 	3.31203007519 	3.04580826765 	-0.52336234134 	-0.570341442293 	2.60437593912 	0.0900079172418 	0.0526521665761
14.22 	0 	3.3030075188 	3.04580826765 	-0.52336234134 	-0.570341442293 	2.60437593912 	0.0900079172418 	0.0526521665761
14.22 	0 	3.29398496241 	3.04580826765 	-0.52336234134 	-0.570341442293 	2.60437593912 	0.0900079172418 	0.0526521665761
14.22 	0 	3.28496240602 	2.58976593215 	-0.329298188441 	-0.399646938899 	2.57753590555 	0.0949636429676 	0.0509969805883
14.22 	0 	3.27593984962 	2.58976593215 	-0.329298188441 	-0.399646938899 	2.57753590555 	0.0949636429676 	0.0509969805883
14.22 	0 	3.26691729323 	2.58976593215 	-0.329298188441 	-0.399646938899 	2.57753590555 	0.0949636429676 	0.0509969805883
14.22 	0 	3.25789473684 	2.8594877515 	0.178359305112 	-0.457077694957 	2.55635559422 	0.105076087701 	0.0564495673783
14.22 	0 	3.24887218045 	2.8594877515 	0.178359305112 	-0.457077694957 	2.55635559422 	0.105076087701 	0.0564495673783
14.22 	0 	3.23984962406 	2.8594877515 	0.178359305112 	-0.457077694957 	2.55635559422 	0.105076087701 	0.0564495673783
14.22 	0 	3.23082706767 	2.8594877515 	0.178359305112 	-0.457077694957 	2.55635559422 	0.105076087701 	0.0564495673783
14.22 	0 	3.22180451128 	2.94528769395 	0.304408191188 	-0.575230627101 	2.54621653368 	0.108213044484 	0.0575492905431
14.22 	0 	3.21278195489 	2.94528769395 	0.304408191188 	-0.575230627101 	2.54621653368 	0.108213044484 	0.0575492905431
14.22 	0 	3.2037593985 	2.94528769395 	0.304408191188 	-0.575230627101 	2.54621653368 	0.108213044484 	0.0575492905431
14.22 	0 	3.19473684211 	2.98207964124 	0.53025452794 	-0.284576339613 	2.51883886661 	0.10110402238 	0.0646463949814
14.22 	0 	3.18571428571 	2.98207964124 	0.53025452794 	-0.284576339613 	2.51883886661 	0.10110402238 	0.0646463949814
14.22 	0 	3.17669172932 	2.98207964124 	0.53025452794 	-0.284576339613 	2.51883886661 	0.10110402238 	0.0646463949814
14.22 	0 	3.16766917293 	2.98207964124 	0.53025452794 	-0.284576339613 	2.51883886661 	0.10110402238 	0.0646463949814
14.22 	0 	3.15864661654 	3.34685286299 	0.664634657668 	-0.261673034397 	2.48757946026 	0.0993797347168 	0.0581012606301
14.22 	0 	3.14962406015 	3.34685286299 	0.664634657668 	-0.261673034397 	2.48757946026 	0.0993797347168 	0.0581012606301
14.22 	0 	3.14060150376 	3.34685286299 	0.664634657668 	-0.261673034397 	2.48757946026 	0.0993797347168 	0.0581012606301
14.22 	0 	3.13157894737 	3.2218786669 	0.92087240295 	-0.500001429311 	2.47391592263 	0.0937078025735 	0.0529463482422
14.22 	0 	3.12255639098 	3.2218786669 	0.92087240295 	-0.500001429311 	2.47391592263 	0.0937078025735 	0.0529463482422
14.22 	0 	3.11353383459 	3.2218786669 	0.92087240295 	-0.500001429311 	2.47391592263 	0.0937078025735 	0.0529463482422
14.22 	0 	3.1045112782 	3.2218786669 	0.92087240295 	-0.500001429311 	2.47391592263 	0.0937078025735 	0.0529463482422
14.22 	0 	3.0954887218 	2.84631538211 	0.936753107352 	-0.461214716528 	2.45059699925 	0.0966976562279 	0.0670840002936
14.22 	0 	3.08646616541 	2.84631538211 	0.936753107352 	-0.461214716528 	2.45059699925 	0.0966976562279 	0.0670840002936
14.22 	0 	3.07744360902 	2.84631538211 	0.936753107352 	-0.461214716528 	2.45059699925 	0.0966976562279 	0.0670840002936
14.22 	0 	3.06842105263 	2.82117609257 	0.755394222243 	-0.767331215648 	2.44283714295 	0.101046456079 	0.0591834044192
14.22 	0 	3.05939849624 	2.82117609257 	0.755394222243 	-0.767331215648 	2.44283714295 	0.101046456079 	0.0591834044192
14.22 	0 	3.05037593985 	2.82117609257 	0.755394222243 	-0.767331215648 	2.44283714295 	0.101046456079 	0.0591834044192
14.22 	0 	3.04135338346 	2.82117609257 	0.755394222243 	-0.767331215648 	2.44283714295 	0.101046456079 	0.0591834044192
14.22 	0 	3.03233082707 	2.7217862442 	0.401263092379 	-0.823725827177 	2.44672158942 	0.12356989782 	0.0698646996632
14.22 	0 	3.02330827068 	2.7217862442 	0.401263092379 	-0.823725827177 	2.44672158942 	0.12356989782 	0.0698646996632
14.22 	0 	3.01428571429 	2.7217862442 	0.401263092379 	-0.823725827177 	2.44672158942 	0.12356989782 	0.0698646996632
14.22 	0 	3.00526315789 	2.85655229464 	-0.208847374524 	-0.576919808525 	2.4325443748 	0.147981274045 	0.0743376785539
14.22 	0 	2.9962406015 	2.85655229464 	-0.208847374524 	-0.576919808525 	2.4325443748 	0.147981274045 	0.0743376785539
14.22 	0 	2.98721804511 	2.85655229464 	-0.208847374524 	-0.576919808525 	2.4325443748 	0.147981274045 	0.0743376785539
14.22 	0 	2.97819548872 	2.85655229464 	-0.208847374524 	-0.576919808525 	2.4325443748 	0.147981274045 	0.0743376785539
14.22 	0 	2.96917293233 	2.71760395512 	-0.193652408692 	-0.618651304859 	2.4302502673 	0.160214236354 	0.0672263472196
14.22 	0 	2.96015037594 	2.71760395512 	-0.193652408692 	-0.618651304859 	2.4302502673 	0.160214236354 	0.0672263472196
14.22 	0 	2.95112781955 	2.71760395512 	-0.193652408692 	-0.618651304859 	2.4302502673 	0.160214236354 	0.0672263472196
14.22 	0 	2.94210526316 	2.62203555447 	-0.0270450955695 	-0.506631966467 	2.42658614811 	0.164957290686 	0.0760665705409
14.22 	0 	2.93308270677 	2.62203555447 	-0.0270450955695 	-0.506631966467 	2.42658614811 	0.164957290686 	0.0760665705409
14.22 	0 	2.92406015038 	2.62203555447 	-0.0270450955695 	-0.506631966467 	2.42658614811 	0.164957290686 	0.0760665705409
14.22 	0 	2.91503759398 	2.62203555447 	-0.0270450955695 	-0.506631966467 	2.42658614811 	0.164957290686 	0.0760665705409
14.22 	0 	2.90601503759 	2.29847629854 	-0.135091052073 	-0.596688890225 	2.41652431206 	0.160247085595 	0.0815728976608
14.22 	0 	2.8969924812 	2.29847629854 	-0.135091052073 	-0.596688890225 	2.41652431206 	0.160247085595 	0.0815728976608
14.22 	0 	2.88796992481 	2.29847629854 	-0.135091052073 	-0.596688890225 	2.41652431206 	0.160247085595 	0.0815728976608
14.22 	0 	2.87894736842 	1.91693084663 	-0.0211418002001 	-0.495789064353 	2.39999751459 	0.172126813293 	0.0902995575648
14.22 	0 	2.86992481203 	1.91693084663 	-0.0211418002001 	-0.495789064353 	2.39999751459 	0.172126813293 	0.0902995575648
14.22 	0 	2.86090225564 	1.91693084663 	-0.0211418002001 	-0.495789064353 	2.39999751459 	0.172126813293 	0.0902995575648
14.22 	0 	2.85187969925 	1.91693084663 	-0.0211418002001 	-0.495789064353 	2.39999751459 	0.172126813293 	0.0902995575648
14.22 	0 	2.84285714286 	2.15416820798 	-0.369766699889 	-0.411630560486 	2.38288548282 	0.182956839975 	0.0922954679362
14.22 	0 	2.83383458647 	2.15416820798 	-0.369766699889 	-0.411630560486 	2.38288548282 	0.182956839975 	0.0922954679362
14.22 	0 	2.82481203008 	2.15416820798 	-0.369766699889 	-0.411630560486 	2.38288548282 	0.182956839975 	0.0922954679362
14.22 	0 	2.81578947368 	2.23489973162 	-0.464456174416 	-0.307692872551 	2.38889090718 	0.184299101253 	0.0904858079401
14.22 	0 	2.80676691729 	2.23489973162 	-0.464456174416 	-0.307692872551 	2.38889090718 	0.184299101253 	0.0904858079401
14.22 	0 	2.7977443609 	2.23489973162 	-0.464456174416 	-0.307692872551 	2.38889090718 	0.184299101253 	0.0904858079401
14.22 	0 	2.78872180451 	2.23489973162 	-0.464456174416 	-0.307692872551 	2.38889090718 	0.184299101253 	0.0904858079401
14.22 	0 	2.77969924812 	2.51901545793 	-0.36091642193 	-0.571490855396 	2.3681082468 	0.173022278198 	0.0960315281304
14.22 	0 	2.77067669173 	2.51901545793 	-0.36091642193 	-0.571490855396 	2.3681082468 	0.173022278198 	0.0960315281304
14.22 	0 	2.76165413534 	2.51901545793 	-0.36091642193 	-0.571490855396 	2.3681082468 	0.173022278198 	0.0960315281304
14.22 	0 	2.75263157895 	2.60834834269 	0.0127163559029 	-0.679211572385 	2.34004070632 	0.163091171522 	0.096936059474
14.22 	0 	2.74360902256 	2.60834834269 	0.0127163559029 	-0.679211572385 	2.34004070632 	0.163091171522 	0.096936059474
14.22 	0 	2.73458646617 	2.60834834269 	0.0127163559029 	-0.679211572385 	2.34004070632 	0.163091171522 	0.096936059474
14.22 	0 	2.72556390977 	2.60834834269 	0.0127163559029 	-0.679211572385 	2.34004070632 	0.163091171522 	0.096936059474
14.22 	0 	2.71654135338 	2.30040473353 	0.1952146034 	-0.512041647371 	2.31517864107 	0.141998105001 	0.103036179223
14.22 	0 	2.70751879699 	2.30040473353 	0.1952146034 	-0.512041647371 	2.31517864107 	0.141998105001 	0.103036179223
14.22 	0 	2.6984962406 	2.30040473353 	0.1952146034 	-0.512041647371 	2.31517864107 	0.141998105001 	0.103036179223
14.22 	0 	2.68947368421 	2.12798178954 	0.0107411763551 	-0.447736768645 	2.29211751244 	0.133472315407 	0.113157750359
14.22 	0 	2.68045112782 	2.12798178954 	0.0107411763551 	-0.447736768645 	2.29211751244 	0.133472315407 	0.113157750359
14.22 	0 	2.67142857143 	2.12798178954 	0.0107411763551 	-0.447736768645 	2.29211751244 	0.133472315407 	0.113157750359
14.22 	0 	2.66240601504 	2.12798178954 	0.0107411763551 	-0.447736768645 	2.29211751244 	0.133472315407 	0.113157750359
14.22 	0 	2.65338345865 	2.26145283731 	0.142925245166 	-0.625692025986 	2.27406576706 	0.11260916328 	0.119167650031
14.22 	0 	2.64436090226 	2.26145283731 	0.142925245166 	-0.625692025986 	2.27406576706 	0.11260916328 	0.119167650031
14.22 	0 	2.63533834586 	2.26145283731 	0.142925245166 	-0.625692025986 	2.27406576706 	0.11260916328 	0.119167650031
14.22 	0 	2.62631578947 	2.37578834097 	0.296940072737 	-0.477982042468 	2.27584468473 	0.0952253359926 	0.125913614923
14.22 	0 	2.61729323308 	2.37578834097 	0.296940072737 	-0.477982042468 	2.27584468473 	0.0952253359926 	0.125913614923
14.22 	0 	2.60827067669 	2.37578834097 	0.296940072737 	-0.477982042468 	2.27584468473 	0.0952253359926 	0.125913614923
14.22 	0 	2.5992481203 	2.37578834097 	0.296940072737 	-0.477982042468 	2.27584468473 	0.0952253359926 	0.125913614923
14.22 	0 	2.59022556391 	2.29515872004 	0.207132912631 	-0.573220153364 	2.28419143867 	0.0745832502317 	0.121032121355
14.22 	0 	2.58120300752 	2.29515872004 	0.207132912631 	-0.573220153364 	2.28419143867 	0.0745832502317 	0.121032121355
14.22 	0 	2.57218045113 	2.29515872004 	0.207132912631 	-0.573220153364 	2.28419143867 	0.0745832502317 	0.121032121355
14.22 	0 	2.56315789474 	2.29552906445 	-0.0140422309085 	-0.874724754754 	2.27118580602 	0.0544995824789 	0.11693814221
14.22 	0 	2.55413533835 	2.29552906445 	-0.0140422309085 	-0.874724754754 	2.27118580602 	0.0544995824789 	0.11693814221
14.22 	0 	2.54511278195 	2.29552906445 	-0.0140422309085 	-0.874724754754 	2.27118580602 	0.0544995824789 	0.11693814221
14.22 	0 	2.53609022556 	2.29552906445 	-0.0140422309085 	-0.874724754754 	2.27118580602 	0.0544995824789 	0.11693814221
14.22 	0 	2.52706766917 	2.47591220888 	-0.484932751884 	-0.785026105302 	2.25934646622 	0.0518974448548 	0.105597731772
14.22 	0 	2.51804511278 	2.47591220888 	-0.484932751884 	-0.785026105302 	2.25934646622 	0.0518974448548 	0.105597731772
14.22 	0 	2.50902255639 	2.47591220888 	-0.484932751884 	-0.785026105302 	2.25934646622 	0.0518974448548 	0.105597731772
14.22 	0 	2.5 	2.40893366259 	-0.731173495186 	-0.384183501024 	2.26185827274 	0.0512401860331 	0.104532247633
14.22 	0 	2.49097744361 	2.40893366259 	-0.731173495186 	-0.384183501024 	2.26185827274 	0.0512401860331 	0.104532247633
14.22 	0 	2.48195488722 	2.40893366259 	-0.731173495186 	-0.384183501024 	2.26185827274 	0.0512401860331 	0.104532247633
14.22 	0 	2.47293233083 	2.40893366259 	-0.731173495186 	-0.384183501024 	2.26185827274 	0.0512401860331 	0.104532247633
14.22 	0 	2.46390977444 	2.22079992065 	-0.419982460469 	-0.235744025354 	2.25800847822 	0.0466680490632 	0.101266383342
14.22 	0 	2.45488721805 	2.22079992065 	-0.419982460469 	-0.235744025354 	2.25800847822 	0.0466680490632 	0.101266383342
14.22 	0 	2.44586466165 	2.22079992065 	-0.419982460469 	-0.235744025354 	2.25800847822 	0.0466680490632 	0.101266383342
14.22 	0 	2.43684210526 	2.01192178536 	-0.31927215563 	-0.135221515603 	2.26886686839 	0.042428453124 	0.0977624340158
14.22 	0 	2.42781954887 	2.01192178536 	-0.31927215563 	-0.135221515603 	2.26886686839 	0.042428453124 	0.0977624340158
14.22 	0 	2.41879699248 	2.01192178536 	-0.31927215563 	-0.135221515603 	2.26886686839 	0.042428453124 	0.0977624340158
14.22 	0 	2.40977443609 	2.01192178536 	-0.31927215563 	-0.135221515603 	2.26886686839 	0.042428453124 	0.0977624340158
14.22 	0 	2.4007518797 	1.87526064126 	-0.435510718907 	0.115718190215 	2.27393815805 	0.029199797536 	0.0927971436908
14.22 	0 	2.39172932331 	1.87526064126 	-0.435510718907 	0.115718190215 	2.27393815805 	0.029199797536 	0.0927971436908
14.22 	0 	2.38270676692 	1.87526064126 	-0.435510718907 	0.115718190215 	2.27393815805 	0.029199797536 	0.0927971436908
14.22 	0 	2.37368421053 	1.87859261422 	-0.526964227014 	0.00499133336348 	2.26305645449 	0.023115094835 	0.0995356457345
14.22 	0 	2.36466165414 	1.87859261422 	-0.526964227014 	0.00499133336348 	2.26305645449 	0.023115094835 	0.0995356457345
14.22 	0 	2.35563909774 	1.87859261422 	-0.526964227014 	0.00499133336348 	2.26305645449 	0.023115094835 	0.0995356457345
14.22 	0 	2.34661654135 	1.87859261422 	-0.526964227014 	0.00499133336348 	2.26305645449 	0.023115094835 	0.0995356457345
14.22 	0 	2.33759398496 	2.03536092299 	-0.570724338651 	-0.0724388014553 	2.25106324691 	0.00553911571743 	0.0860337424225
14.22 	0 	2.32857142857 	2.03536092299 	-0.570724338651 	-0.0724388014553 	2.25106324691 	0.00553911571743 	0.0860337424225
14.22 	0 	2.31954887218 	2.03536092299 	-0.570724338651 	-0.0724388014553 	2.25106324691 	0.00553911571743 	0.0860337424225
14.22 	0 	2.31052631579 	2.2296157795 	-0.490659818765 	-0.131240711669 	2.2650646735 	-0.00956502051091 	0.0821537882759
14.22 	0 	2.3015037594 	2.2296157795 	-0.490659818765 	-0.131240711669 	2.2650646735 	-0.00956502051091 	0.0821537882759
14.22 	0 	2.29248120301 	2.2296157795 	-0.490659818765 	-0.131240711669 	2.2650646735 	-0.00956502051091 	0.0821537882759
14.22 	0 	2.28345864662 	2.2296157795 	-0.490659818765 	-0.131240711669 	2.2650646735 	-0.00956502051091 	0.0821537882759
14.22 	0 	2.27443609023 	1.93453153868 	-0.465258689162 	-0.0733809890024 	2.27237323493 	-0.0271833591559 	0.0839881587011
14.22 	0 	2.26541353383 	1.93453153868 	-0.465258689162 	-0.0733809890024 	2.27237323493 	-0.0271833591559 	0.0839881587011
14.22 	0 	2.25639097744 	1.93453153868 	-0.465258689162 	-0.0733809890024 	2.27237323493 	-0.0271833591559 	0.0839881587011
14.22 	0 	2.24736842105 	2.03848261847 	-0.250475780297 	0.0700872581126 	2.272418533 	-0.0453195705804 	0.085770690493
14.22 	0 	2.23834586466 	2.03848261847 	-0.250475780297 	0.0700872581126 	2.272418533 	-0.0453195705804 	0.085770690493
14.22 	0 	2.22932330827 	2.03848261847 	-0.250475780297 	0.0700872581126 	2.272418533 	-0.0453195705804 	0.085770690493
14.22 	0 	2.22030075188 	2.03848261847 	-0.250475780297 	0.0700872581126 	2.272418533 	-0.0453195705804 	0.085770690493
14.22 	0 	2.21127819549 	1.94416271271 	-0.153342605822 	0.0112597874249 	2.27823440924 	-0.0532707334699 	0.0884019542118
14.22 	0 	2.2022556391 	1.94416271271 	-0.153342605822 	0.0112597874249 	2.27823440924 	-0.0532707334699 	0.0884019542118
14.22 	0 	2.19323308271 	1.94416271271 	-0.153342605822 	0.0112597874249 	2.27823440924 	-0.0532707334699 	0.0884019542118
14.22 	0 	2.18421052632 	2.15525951841 	-0.29592152704 	0.0635986662076 	2.30107398323 	-0.0613496575699 	0.0882522618739
14.22 	0 	2.17518796992 	2.15525951841 	-0.29592152704 	0.0635986662076 	2.30107398323 	-0.0613496575699 	0.0882522618739
14.22 	0 	2.16616541353 	2.15525951841 	-0.29592152704 	0.0635986662076 	2.30107398323 	-0.0613496575699 	0.0882522618739
14.22 	0 	2.15714285714 	2.15525951841 	-0.29592152704 	0.0635986662076 	2.30107398323 	-0.0613496575699 	0.0882522618739
14.22 	0 	2.14812030075 	1.91615074194 	-0.238274795636 	-0.00919818248581 	2.31115590509 	-0.0718034235801 	0.0895562218639
14.22 	0 	2.13909774436 	1.91615074194 	-0.238274795636 	-0.00919818248581 	2.31115590509 	-0.0718034235801 	0.0895562218639
14.22 	0 	2.13007518797 	1.91615074194 	-0.238274795636 	-0.00919818248581 	2.31115590509 	-0.0718034235801 	0.0895562218639
14.22 	0 	2.12105263158 	1.8306987861 	-0.425430640711 	-0.0910124397911 	2.32573587681 	-0.0840129616664 	0.0983935080895
14.22 	0 	2.11203007519 	1.8306987861 	-0.425430640711 	-0.0910124397911 	2.32573587681 	-0.0840129616664 	0.0983935080895
14.22 	0 	2.1030075188 	1.8306987861 	-0.425430640711 	-0.0910124397911 	2.32573587681 	-0.0840129616664 	0.0983935080895
14.22 	0 	2.09398496241 	1.8306987861 	-0.425430640711 	-0.0910124397911 	2.32573587681 	-0.0840129616664 	0.0983935080895
14.22 	0 	2.08496240602 	1.98524503557 	-0.534238841063 	-0.053558228814 	2.33875638388 	-0.0955601969735 	0.0864273649008
14.22 	0 	2.07593984962 	1.98524503557 	-0.534238841063 	-0.053558228814 	2.33875638388 	-0.0955601969735 	0.0864273649008
14.22 	0 	2.06691729323 	1.98524503557 	-0.534238841063 	-0.053558228814 	2.33875638388 	-0.0955601969735 	0.0864273649008
14.22 	0 	2.05789473684 	2.09530375103 	-0.515546243309 	-0.101650420846 	2.35325027557 	-0.110305882466 	0.0764622022826
14.22 	0 	2.04887218045 	2.09530375103 	-0.515546243309 	-0.101650420846 	2.35325027557 	-0.110305882466 	0.0764622022826
14.22 	0 	2.03984962406 	2.09530375103 	-0.515546243309 	-0.101650420846 	2.35325027557 	-0.110305882466 	0.0764622022826
14.22 	0 	2.03082706767 	2.09530375103 	-0.515546243309 	-0.101650420846 	2.35325027557 	-0.110305882466 	0.0764622022826
14.22 	0 	2.02180451128 	1.53954297757 	-0.581735651304 	-0.00580483877386 	2.36652864433 	-0.121116962568 	0.0728723823267
14.22 	0 	2.01278195489 	1.53954297757 	-0.581735651304 	-0.00580483877386 	2.36652864433 	-0.121116962568 	0.0728723823267
14.22 	0 	2.0037593985 	1.53954297757 	-0.581735651304 	-0.00580483877386 	2.36652864433 	-0.121116962568 	0.0728723823267
14.22 	0 	1.99473684211 	1.61363757909 	-0.488803645197 	0.0534476760862 	2.38353413335 	-0.126751358189 	0.0658322857677
14.22 	0 	1.98571428571 	1.61363757909 	-0.488803645197 	0.0534476760862 	2.38353413335 	-0.126751358189 	0.0658322857677
14.22 	0 	1.97669172932 	1.61363757909 	-0.488803645197 	0.0534476760862 	2.38353413335 	-0.126751358189 	0.0658322857677
14.22 	0 	1.96766917293 	1.61363757909 	-0.488803645197 	0.0534476760862 	2.38353413335 	-0.126751358189 	0.0658322857677
14.22 	0 	1.95864661654 	1.8532044764 	-0.316726369913 	-0.0275199512222 	2.40601244659 	-0.133554237579 	0.0697784316757
14.22 	0 	1.94962406015 	1.8532044764 	-0.316726369913 	-0.0275199512222 	2.40601244659 	-0.133554237579 	0.0697784316757
14.22 	0 	1.94060150376 	1.8532044764 	-0.316726369913 	-0.0275199512222 	2.40601244659 	-0.133554237579 	0.0697784316757
14.22 	0 	1.93157894737 	2.00503946472 	-0.195595691604 	-0.0819018414376 	2.42357358284 	-0.133775466575 	0.0757351102565
14.22 	0 	1.92255639098 	2.00503946472 	-0.195595691604 	-0.0819018414376 	2.42357358284 	-0.133775466575 	0.0757351102565
14.22 	0 	1.91353383459 	2.00503946472 	-0.195595691604 	-0.0819018414376 	2.42357358284 	-0.133775466575 	0.0757351102565
14.22 	0 	1.9045112782 	2.00503946472 	-0.195595691604 	-0.0819018414376 	2.42357358284 	-0.133775466575 	0.0757351102565
14.22 	0 	1.8954887218 	1.99912978705 	-0.20086432241 	-0.0114972447583 	2.44728645422 	-0.132091210377 	0.0735633714104
14.22 	0 	1.88646616541 	1.99912978705 	-0.20086432241 	-0.0114972447583 	2.44728645422 	-0.132091210377 	0.0735633714104
14.22 	0 	1.87744360902 	1.99912978705 	-0.20086432241 	-0.0114972447583 	2.44728645422 	-0.132091210377 	0.0735633714104
14.22 	0 	1.86842105263 	1.99912978705 	-0.20086432241 	-0.0114972447583 	2.44728645422 	-0.132091210377 	0.0735633714104
14.22 	0 	1.85939849624 	2.0504353793 	-0.201957587065 	-0.149486257294 	2.46332011491 	-0.134975542986 	0.0679100023977
14.22 	0 	1.85037593985 	2.0504353793 	-0.201957587065 	-0.149486257294 	2.46332011491 	-0.134975542986 	0.0679100023977
14.22 	0 	1.84135338346 	2.0504353793 	-0.201957587065 	-0.149486257294 	2.46332011491 	-0.134975542986 	0.0679100023977
14.22 	0 	1.83233082707 	2.29460099899 	-0.115992468096 	-0.286454201728 	2.4818362618 	-0.128925251067 	0.0557809908665
14.22 	0 	1.82330827068 	2.29460099899 	-0.115992468096 	-0.286454201728 	2.4818362618 	-0.128925251067 	0.0557809908665
14.22 	0 	1.81428571429 	2.29460099899 	-0.115992468096 	-0.286454201728 	2.4818362618 	-0.128925251067 	0.0557809908665
14.22 	0 	1.80526315789 	2.29460099899 	-0.115992468096 	-0.286454201728 	2.4818362618 	-0.128925251067 	0.0557809908665
14.22 	0 	1.7962406015 	2.40156122993 	-0.232591195474 	-0.378357782037 	2.49810944583 	-0.115946329647 	0.0570252874093
14.22 	0 	1.78721804511 	2.40156122993 	-0.232591195474 	-0.378357782037 	2.49810944583 	-0.115946329647 	0.0570252874093
14.22 	0 	1.77819548872 	2.40156122993 	-0.232591195474 	-0.378357782037 	2.49810944583 	-0.115946329647 	0.0570252874093
14.22 	0 	1.76917293233 	2.52924988165 	-0.123536497975 	-0.430136543982 	2.50951457727 	-0.118301249968 	0.063510693382
14.22 	0 	1.76015037594 	2.52924988165 	-0.123536497975 	-0.430136543982 	2.50951457727 	-0.118301249968 	0.063510693382
14.22 	0 	1.75112781955 	2.52924988165 	-0.123536497975 	-0.430136543982 	2.50951457727 	-0.118301249968 	0.063510693382
14.22 	0 	1.74210526316 	2.52924988165 	-0.123536497975 	-0.430136543982 	2.50951457727 	-0.118301249968 	0.063510693382
14.22 	0 	1.73308270677 	2.6887567956 	-0.319445387895 	-0.0464960168853 	2.53244587928 	-0.105784170958 	0.0670654553008
14.22 	0 	1.72406015038 	2.6887567956 	-0.319445387895 	-0.0464960168853 	2.53244587928 	-0.105784170958 	0.0670654553008
14.22 	0 	1.71503759398 	2.6887567956 	-0.319445387895 	-0.0464960168853 	2.53244587928 	-0.105784170958 	0.0670654553008
14.22 	0 	1.70601503759 	2.48494942235 	-0.365898221458 	-0.134922590934 	2.55892136088 	-0.0927359825755 	0.0629990269424
14.22 	0 	1.6969924812 	2.48494942235 	-0.365898221458 	-0.134922590934 	2.55892136088 	-0.0927359825755 	0.0629990269424
14.22 	0 	1.68796992481 	2.48494942235 	-0.365898221458 	-0.134922590934 	2.55892136088 	-0.0927359825755 	0.0629990269424
14.22 	0 	1.67894736842 	2.48494942235 	-0.365898221458 	-0.134922590934 	2.55892136088 	-0.0927359825755 	0.0629990269424
14.22 	0 	1.66992481203 	2.46128545427 	-0.160289611341 	-0.155850501932 	2.57440562009 	-0.0830652219017 	0.0695392619424
14.22 	0 	1.66090225564 	2.46128545427 	-0.160289611341 	-0.155850501932 	2.57440562009 	-0.0830652219017 	0.0695392619424
14.22 	0 	1.65187969925 	2.46128545427 	-0.160289611341 	-0.155850501932 	2.57440562009 	-0.0830652219017 	0.0695392619424
14.22 	0 	1.64285714286 	2.4504134027 	-0.234429959261 	-0.0673020213102 	2.58800219832 	-0.0761037339481 	0.0720128206798
14.22 	0 	1.63383458647 	2.4504134027 	-0.234429959261 	-0.0673020213102 	2.58800219832 	-0.0761037339481 	0.0720128206798
14.22 	0 	1.62481203008 	2.4504134027 	-0.234429959261 	-0.0673020213102 	2.58800219832 	-0.0761037339481 	0.0720128206798
14.22 	0 	1.61578947368 	2.4504134027 	-0.234429959261 	-0.0673020213102 	2.58800219832 	-0.0761037339481 	0.0720128206798
14.22 	0 	1.60676691729 	2.3879887736 	-0.358637649924 	-0.0511624204509 	2.60296621503 	-0.0787387851061 	0.0681826977352
14.22 	0 	1.5977443609 	2.3879887736 	-0.358637649924 	-0.0511624204509 	2.60296621503 	-0.0787387851061 	0.0681826977352
14.22 	0 	1.58872180451 	2.3879887736 	-0.358637649924 	-0.0511624204509 	2.60296621503 	-0.0787387851061 	0.0681826977352
14.22 	0 	1.57969924812 	2.42334977249 	-0.260451651929 	0.207792216666 	2.6214837502 	-0.0943322831801 	0.0715430610338
14.22 	0 	1.57067669173 	2.42334977249 	-0.260451651929 	0.207792216666 	2.6214837502 	-0.0943322831801 	0.0715430610338
14.22 	0 	1.56165413534 	2.42334977249 	-0.260451651929 	0.207792216666 	2.6214837502 	-0.0943322831801 	0.0715430610338
14.22 	0 	1.55263157895 	2.42334977249 	-0.260451651929 	0.207792216666 	2.6214837502 	-0.0943322831801 	0.0715430610338
14.22 	0 	1.54360902256 	2.36779128276 	-0.708041733944 	0.31929747783 	2.63967787993 	-0.0912509804723 	0.0832947868022
14.22 	0 	1.53458646617 	2.36779128276 	-0.708041733944 	0.31929747783 	2.63967787993 	-0.0912509804723 	0.0832947868022
14.22 	0 	1.52556390977 	2.36779128276 	-0.708041733944 	0.31929747783 	2.63967787993 	-0.0912509804723 	0.0832947868022
14.22 	0 	1.51654135338 	2.51760507074 	-0.675644905952 	0.573452334204 	2.65516243121 	-0.0767550641524 	0.0879507493146
14.22 	0 	1.50751879699 	2.51760507074 	-0.675644905952 	0.573452334204 	2.65516243121 	-0.0767550641524 	0.0879507493146
14.22 	0 	1.4984962406 	2.51760507074 	-0.675644905952 	0.573452334204 	2.65516243121 	-0.0767550641524 	0.0879507493146
14.22 	0 	1.48947368421 	2.51760507074 	-0.675644905952 	0.573452334204 	2.65516243121 	-0.0767550641524 	0.0879507493146
14.22 	0 	1.48045112782 	2.62119539327 	-0.576931118048 	0.343053053321 	2.68442020617 	-0.0637496620881 	0.083084097265
14.22 	0 	1.47142857143 	2.62119539327 	-0.576931118048 	0.343053053321 	2.68442020617 	-0.0637496620881 	0.083084097265
14.22 	0 	1.46240601504 	2.62119539327 	-0.576931118048 	0.343053053321 	2.68442020617 	-0.0637496620881 	0.083084097265
14.22 	0 	1.45338345865 	2.63501368111 	-0.758271825736 	0.230084473123 	2.72116979066 	-0.0634977818603 	0.093992722132
14.22 	0 	1.44436090226 	2.63501368111 	-0.758271825736 	0.230084473123 	2.72116979066 	-0.0634977818603 	0.093992722132
14.22 	0 	1.43533834586 	2.63501368111 	-0.758271825736 	0.230084473123 	2.72116979066 	-0.0634977818603 	0.093992722132
14.22 	0 	1.42631578947 	2.63501368111 	-0.758271825736 	0.230084473123 	2.72116979066 	-0.0634977818603 	0.093992722132
14.22 	0 	1.41729323308 	2.5592713773 	-0.616417989735 	0.254375440931 	2.74729896059 	-0.0569674324597 	0.0790910421767
14.22 	0 	1.40827067669 	2.5592713773 	-0.616417989735 	0.254375440931 	2.74729896059 	-0.0569674324597 	0.0790910421767
14.22 	0 	1.3992481203 	2.5592713773 	-0.616417989735 	0.254375440931 	2.74729896059 	-0.0569674324597 	0.0790910421767
14.22 	0 	1.39022556391 	2.80363131196 	-0.366471276101 	0.142168106512 	2.76517344376 	-0.0617934096976 	0.0703644738429
14.22 	0 	1.38120300752 	2.80363131196 	-0.366471276101 	0.142168106512 	2.76517344376 	-0.0617934096976 	0.0703644738429
14.22 	0 	1.37218045113 	2.80363131196 	-0.366471276101 	0.142168106512 	2.76517344376 	-0.0617934096976 	0.0703644738429
14.22 	0 	1.36315789474 	2.80363131196 	-0.366471276101 	0.142168106512 	2.76517344376 	-0.0617934096976 	0.0703644738429
14.22 	0 	1.35413533835 	2.75435203398 	-0.265771367706 	0.00464530047989 	2.77029607969 	-0.0775412820048 	0.0622800248833
14.22 	0 	1.34511278195 	2.75435203398 	-0.265771367706 	0.00464530047989 	2.77029607969 	-0.0775412820048 	0.0622800248833
14.22 	0 	1.33609022556 	2.75435203398 	-0.265771367706 	0.00464530047989 	2.77029607969 	-0.0775412820048 	0.0622800248833
14.22 	0 	1.32706766917 	2.71113992096 	-0.500495358377 	0.00321889230217 	2.79184649242 	-0.0763781426896 	0.0613790171432
14.22 	0 	1.31804511278 	2.71113992096 	-0.500495358377 	0.00321889230217 	2.79184649242 	-0.0763781426896 	0.0613790171432
14.22 	0 	1.30902255639 	2.71113992096 	-0.500495358377 	0.00321889230217 	2.79184649242 	-0.0763781426896 	0.0613790171432
14.22 	0 	1.3 	2.71113992096 	-0.500495358377 	0.00321889230217 	2.79184649242 	-0.0763781426896 	0.0613790171432
14.22 	0 	1.29097744361 	2.67207545851 	-0.26251809491 	0.119591320124 	2.79637394082 	-0.0771215181768 	0.0463563220207
14.22 	0 	1.28195488722 	2.67207545851 	-0.26251809491 	0.119591320124 	2.79637394082 	-0.0771215181768 	0.0463563220207
14.22 	0 	1.27293233083 	2.67207545851 	-0.26251809491 	0.119591320124 	2.79637394082 	-0.0771215181768 	0.0463563220207
14.22 	0 	1.26390977444 	2.66386207521 	-0.252236556149 	-0.0445504867804 	2.81205553322 	-0.0767519877789 	0.0454498910313
14.22 	0 	1.25488721805 	2.66386207521 	-0.252236556149 	-0.0445504867804 	2.81205553322 	-0.0767519877789 	0.0454498910313
14.22 	0 	1.24586466165 	2.66386207521 	-0.252236556149 	-0.0445504867804 	2.81205553322 	-0.0767519877789 	0.0454498910313
14.22 	0 	1.23684210526 	2.66386207521 	-0.252236556149 	-0.0445504867804 	2.81205553322 	-0.0767519877789 	0.0454498910313
14.22 	0 	1.22781954887 	2.84508461156 	-0.130866253621 	-0.237280059233 	2.82303250256 	-0.0700917629643 	0.0401800404953
14.22 	0 	1.21879699248 	2.84508461156 	-0.130866253621 	-0.237280059233 	2.82303250256 	-0.0700917629643 	0.0401800404953
14.22 	0 	1.20977443609 	2.84508461156 	-0.130866253621 	-0.237280059233 	2.82303250256 	-0.0700917629643 	0.0401800404953
14.22 	0 	1.2007518797 	2.84222942286 	-0.430652034714 	-0.169829641616 	2.83270836163 	-0.0688022398018 	0.0302995965294
14.22 	0 	1.19172932331 	2.84222942286 	-0.430652034714 	-0.169829641616 	2.83270836163 	-0.0688022398018 	0.0302995965294
14.22 	0 	1.18270676692 	2.84222942286 	-0.430652034714 	-0.169829641616 	2.83270836163 	-0.0688022398018 	0.0302995965294
14.22 	0 	1.17368421053 	2.84222942286 	-0.430652034714 	-0.169829641616 	2.83270836163 	-0.0688022398018 	0.0302995965294
14.22 	0 	1.16466165414 	2.53456010075 	-0.504576931036 	0.102861607221 	2.84359704029 	-0.0700490474848 	0.0403171930635
14.22 	0 	1.15563909774 	2.53456010075 	-0.504576931036 	0.102861607221 	2.84359704029 	-0.0700490474848 	0.0403171930635
14.22 	0 	1.14661654135 	2.53456010075 	-0.504576931036 	0.102861607221 	2.84359704029 	-0.0700490474848 	0.0403171930635
14.22 	0 	1.13759398496 	2.81164338794 	-0.190373970035 	0.0111683456476 	2.86934021118 	-0.0626835550354 	0.0380835363087
14.22 	0 	1.12857142857 	2.81164338794 	-0.190373970035 	0.0111683456476 	2.86934021118 	-0.0626835550354 	0.0380835363087
14.22 	0 	1.11954887218 	2.81164338794 	-0.190373970035 	0.0111683456476 	2.86934021118 	-0.0626835550354 	0.0380835363087
14.22 	0 	1.11052631579 	2.81164338794 	-0.190373970035 	0.0111683456476 	2.86934021118 	-0.0626835550354 	0.0380835363087
14.22 	0 	1.1015037594 	2.65800592283 	-0.19115275342 	0.139636816196 	2.88235309824 	-0.0560427416824 	0.0344695354168
14.22 	0 	1.09248120301 	2.65800592283 	-0.19115275342 	0.139636816196 	2.88235309824 	-0.0560427416824 	0.0344695354168
14.22 	0 	1.08345864662 	2.65800592283 	-0.19115275342 	0.139636816196 	2.88235309824 	-0.0560427416824 	0.0344695354168
14.22 	0 	1.07443609023 	2.77478550468 	-0.261330352988 	-0.0529886720154 	2.91068302579 	-0.0478939739922 	0.0304165675827
14.22 	0 	1.06541353383 	2.77478550468 	-0.261330352988 	-0.0529886720154 	2.91068302579 	-0.0478939739922 	0.0304165675827
14.22 	0 	1.05639097744 	2.77478550468 	-0.261330352988 	-0.0529886720154 	2.91068302579 	-0.0478939739922 	0.0304165675827
14.22 	0 	1.04736842105 	2.77478550468 	-0.261330352988 	-0.0529886720154 	2.91068302579 	-0.0478939739922 	0.0304165675827
14.22 	0 	1.03834586466 	2.86718838104 	-0.0789660520385 	-0.266061614866 	2.92423682663 	-0.0384439179951 	0.0384522596812
14.22 	0 	1.02932330827 	2.86718838104 	-0.0789660520385 	-0.266061614866 	2.92423682663 	-0.0384439179951 	0.0384522596812
14.22 	0 	1.02030075188 	2.86718838104 	-0.0789660520385 	-0.266061614866 	2.92423682663 	-0.0384439179951 	0.0384522596812
14.22 	0 	1.01127819549 	2.9423413335 	0.333290652547 	-0.19432568029 	2.92684480406 	-0.0452561796 	0.0376268078146
14.22 	0 	1.0022556391 	2.9423413335 	0.333290652547 	-0.19432568029 	2.92684480406 	-0.0452561796 	0.0376268078146
14.22 	0 	0.993233082707 	2.9423413335 	0.333290652547 	-0.19432568029 	2.92684480406 	-0.0452561796 	0.0376268078146
14.22 	0 	0.984210526316 	2.9423413335 	0.333290652547 	-0.19432568029 	2.92684480406 	-0.0452561796 	0.0376268078146
14.22 	0 	0.975187969925 	3.07735946623 	0.476470156319 	-0.25353083559 	2.94735334018 	-0.0551058583127 	0.0334817777577
14.22 	0 	0.966165413534 	3.07735946623 	0.476470156319 	-0.25353083559 	2.94735334018 	-0.0551058583127 	0.0334817777577
14.22 	0 	0.957142857143 	3.07735946623 	0.476470156319 	-0.25353083559 	2.94735334018 	-0.0551058583127 	0.0334817777577
14.22 	0 	0.948120300752 	3.18996732557 	0.438322679211 	-0.182423332399 	2.94993038596 	-0.0593372935832 	0.0301826883798
14.22 	0 	0.939097744361 	3.18996732557 	0.438322679211 	-0.182423332399 	2.94993038596 	-0.0593372935832 	0.0301826883798
14.22 	0 	0.93007518797 	3.18996732557 	0.438322679211 	-0.182423332399 	2.94993038596 	-0.0593372935832 	0.0301826883798
14.22 	0 	0.921052631579 	3.18996732557 	0.438322679211 	-0.182423332399 	2.94993038596 	-0.0593372935832 	0.0301826883798
14.22 	0 	0.912030075188 	3.10554896537 	0.0645810270595 	-0.223426474859 	2.95275479086 	-0.0601254411933 	0.0275473698833
14.22 	0 	0.903007518797 	3.10554896537 	0.0645810270595 	-0.223426474859 	2.95275479086 	-0.0601254411933 	0.0275473698833
14.22 	0 	0.893984962406 	3.10554896537 	0.0645810270595 	-0.223426474859 	2.95275479086 	-0.0601254411933 	0.0275473698833
14.22 	0 	0.884962406015 	3.0250051079 	0.168075914778 	0.0288884878217 	2.95761352831 	-0.0632629172366 	0.0162258666701
14.22 	0 	0.875939849624 	3.0250051079 	0.168075914778 	0.0288884878217 	2.95761352831 	-0.0632629172366 	0.0162258666701
14.22 	0 	0.866917293233 	3.0250051079 	0.168075914778 	0.0288884878217 	2.95761352831 	-0.0632629172366 	0.0162258666701
14.22 	0 	0.857894736842 	3.0250051079 	0.168075914778 	0.0288884878217 	2.95761352831 	-0.0632629172366 	0.0162258666701
14.22 	0 	0.848872180451 	2.81573183425 	-0.153678152357 	-0.301635789869 	2.96333136381 	-0.0595910906541 	0.0144631634934
14.22 	0 	0.83984962406 	2.81573183425 	-0.153678152357 	-0.301635789869 	2.96333136381 	-0.0595910906541 	0.0144631634934
14.22 	0 	0.830827067669 	2.81573183425 	-0.153678152357 	-0.301635789869 	2.96333136381 	-0.0595910906541 	0.0144631634934
14.22 	0 	0.821804511278 	2.63850648534 	-0.280170682069 	-0.238557436351 	2.95868500688 	-0.0591833925101 	0.0136179400869
14.22 	0 	0.812781954887 	2.63850648534 	-0.280170682069 	-0.238557436351 	2.95868500688 	-0.0591833925101 	0.0136179400869
14.22 	0 	0.803759398496 	2.63850648534 	-0.280170682069 	-0.238557436351 	2.95868500688 	-0.0591833925101 	0.0136179400869
14.22 	0 	0.794736842105 	2.63850648534 	-0.280170682069 	-0.238557436351 	2.95868500688 	-0.0591833925101 	0.0136179400869
14.22 	0 	0.785714285714 	2.92688189813 	-0.24555548168 	-0.14675993203 	2.95900737119 	-0.0604745444082 	0.0119028459286
14.22 	0 	0.776691729323 	2.92688189813 	-0.24555548168 	-0.14675993203 	2.95900737119 	-0.0604745444082 	0.0119028459286
14.22 	0 	0.767669172932 	2.92688189813 	-0.24555548168 	-0.14675993203 	2.95900737119 	-0.0604745444082 	0.0119028459286
14.22 	0 	0.758646616541 	3.17151874135 	-0.187551806615 	-0.151292463297 	2.9461609291 	-0.0569434667653 	0.0119887562543
14.22 	0 	0.74962406015 	3.17151874135 	-0.187551806615 	-0.151292463297 	2.9461609291 	-0.0569434667653 	0.0119887562543
14.22 	0 	0.740601503759 	3.17151874135 	-0.187551806615 	-0.151292463297 	2.9461609291 	-0.0569434667653 	0.0119887562543
14.22 	0 	0.731578947368 	3.17151874135 	-0.187551806615 	-0.151292463297 	2.9461609291 	-0.0569434667653 	0.0119887562543
14.22 	0 	0.722556390977 	2.96174104685 	-0.0770034684647 	-0.233733792935 	2.94677002153 	-0.0574095290622 	0.00318026774939
14.22 	0 	0.713533834586 	2.96174104685 	-0.0770034684647 	-0.233733792935 	2.94677002153 	-0.0574095290622 	0.00318026774939
14.22 	0 	0.704511278195 	2.96174104685 	-0.0770034684647 	-0.233733792935 	2.94677002153 	-0.0574095290622 	0.00318026774939
14.22 	0 	0.695488721804 	2.82823773249 	0.0355732629226 	-0.159749314018 	2.93996386452 	-0.0644384986723 	0.00454907040797
14.22 	0 	0.686466165414 	2.82823773249 	0.0355732629226 	-0.159749314018 	2.93996386452 	-0.0644384986723 	0.00454907040797
14.22 	0 	0.677443609023 	2.82823773249 	0.0355732629226 	-0.159749314018 	2.93996386452 	-0.0644384986723 	0.00454907040797
14.22 	0 	0.668421052632 	2.82823773249 	0.0355732629226 	-0.159749314018 	2.93996386452 	-0.0644384986723 	0.00454907040797
14.22 	0 	0.659398496241 	2.85372259494 	-0.0940571948963 	-0.0462079497965 	2.92698673769 	-0.0545894125294 	0.00175616997362
14.22 	0 	0.65037593985 	2.85372259494 	-0.0940571948963 	-0.0462079497965 	2.92698673769 	-0.0545894125294 	0.00175616997362
14.22 	0 	0.641353383459 	2.85372259494 	-0.0940571948963 	-0.0462079497965 	2.92698673769 	-0.0545894125294 	0.00175616997362
14.22 	0 	0.632330827068 	2.86894462682 	-0.0557280043775 	-0.0664019596962 	2.90160996621 	-0.0442402971529 	0.00357511975653
14.22 	0 	0.623308270677 	2.86894462682 	-0.0557280043775 	-0.0664019596962 	2.90160996621 	-0.0442402971529 	0.00357511975653
14.22 	0 	0.614285714286 	2.86894462682 	-0.0557280043775 	-0.0664019596962 	2.90160996621 	-0.0442402971529 	0.00357511975653
14.22 	0 	0.605263157895 	2.86894462682 	-0.0557280043775 	-0.0664019596962 	2.90160996621 	-0.0442402971529 	0.00357511975653
14.22 	0 	0.596240601504 	2.66537705583 	0.226857649738 	-0.14729055798 	2.87836934632 	-0.0346970300143 	0.000731584533073
14.22 	0 	0.587218045113 	2.66537705583 	0.226857649738 	-0.14729055798 	2.87836934632 	-0.0346970300143 	0.000731584533073
14.22 	0 	0.578195488722 	2.66537705583 	0.226857649738 	-0.14729055798 	2.87836934632 	-0.0346970300143 	0.000731584533073
14.22 	0 	0.569172932331 	2.95178765127 	-0.0146905235358 	-0.0700943631626 	2.84961756243 	-0.0334828400761 	0.00288271226833
14.22 	0 	0.56015037594 	2.95178765127 	-0.0146905235358 	-0.0700943631626 	2.84961756243 	-0.0334828400761 	0.00288271226833
14.22 	0 	0.551127819549 	2.95178765127 	-0.0146905235358 	-0.0700943631626 	2.84961756243 	-0.0334828400761 	0.00288271226833
14.22 	0 	0.542105263158 	2.95178765127 	-0.0146905235358 	-0.0700943631626 	2.84961756243 	-0.0334828400761 	0.00288271226833
14.22 	0 	0.533082706767 	2.83491034147 	0.0745516607964 	-0.00274662286903 	2.82303072951 	-0.0356411786952 	-0.00419248441576
14.22 	0 	0.524060150376 	2.83491034147 	0.0745516607964 	-0.00274662286903 	2.82303072951 	-0.0356411786952 	-0.00419248441576
14.22 	0 	0.515037593985 	2.83491034147 	0.0745516607964 	-0.00274662286903 	2.82303072951 	-0.0356411786952 	-0.00419248441576
14.22 	0 	0.506015037594 	2.74250170049 	0.168689336992 	-0.0192172486146 	2.79597680875 	-0.0338023053779 	-0.0055611907031
14.22 	0 	0.496992481203 	2.74250170049 	0.168689336992 	-0.0192172486146 	2.79597680875 	-0.0338023053779 	-0.0055611907031
14.22 	0 	0.487969924812 	2.74250170049 	0.168689336992 	-0.0192172486146 	2.79597680875 	-0.0338023053779 	-0.0055611907031
14.22 	0 	0.478947368421 	2.74250170049 	0.168689336992 	-0.0192172486146 	2.79597680875 	-0.0338023053779 	-0.0055611907031
14.22 	0 	0.46992481203 	2.73650005344 	0.362537682736 	-0.0602806932362 	2.76118992217 	-0.0346125815344 	-0.000509781911596
14.22 	0 	0.460902255639 	2.73650005344 	0.362537682736 	-0.0602806932362 	2.76118992217 	-0.0346125815344 	-0.000509781911596
14.22 	0 	0.451879699248 	2.73650005344 	0.362537682736 	-0.0602806932362 	2.76118992217 	-0.0346125815344 	-0.000509781911596
14.22 	0 	0.442857142857 	2.87536218656 	0.43677879161 	-0.150510019182 	2.72274902024 	-0.0380215456258 	0.00321280778737
14.22 	0 	0.433834586466 	2.87536218656 	0.43677879161 	-0.150510019182 	2.72274902024 	-0.0380215456258 	0.00321280778737
14.22 	0 	0.424812030075 	2.87536218656 	0.43677879161 	-0.150510019182 	2.72274902024 	-0.0380215456258 	0.00321280778737
14.22 	0 	0.415789473684 	2.87536218656 	0.43677879161 	-0.150510019182 	2.72274902024 	-0.0380215456258 	0.00321280778737
14.22 	0 	0.406766917293 	3.06372801606 	0.260073453988 	-0.280762180699 	2.68710465608 	-0.0414546336739 	0.00597206112888
14.22 	0 	0.397744360902 	3.06372801606 	0.260073453988 	-0.280762180699 	2.68710465608 	-0.0414546336739 	0.00597206112888
14.22 	0 	0.388721804511 	3.06372801606 	0.260073453988 	-0.280762180699 	2.68710465608 	-0.0414546336739 	0.00597206112888
14.22 	0 	0.37969924812 	2.90258970867 	0.381799497404 	-0.110642811664 	2.64329427872 	-0.029495048691 	0.00293351101485
14.22 	0 	0.370676691729 	2.90258970867 	0.381799497404 	-0.110642811664 	2.64329427872 	-0.029495048691 	0.00293351101485
14.22 	0 	0.361654135338 	2.90258970867 	0.381799497404 	-0.110642811664 	2.64329427872 	-0.029495048691 	0.00293351101485
14.22 	0 	0.352631578947 	2.90258970867 	0.381799497404 	-0.110642811664 	2.64329427872 	-0.029495048691 	0.00293351101485
14.22 	0 	0.343609022556 	2.98490683373 	0.269750579689 	-0.244262560984 	2.60364294552 	-0.0158148069929 	-0.00627355092248
14.22 	0 	0.334586466165 	2.98490683373 	0.269750579689 	-0.244262560984 	2.60364294552 	-0.0158148069929 	-0.00627355092248
14.22 	0 	0.325563909774 	2.98490683373 	0.269750579689 	-0.244262560984 	2.60364294552 	-0.0158148069929 	-0.00627355092248
14.22 	0 	0.316541353383 	2.96800774021 	0.151633401876 	-0.254651674526 	2.5441203646 	-0.00171871300103 	-0.00522891725921
14.22 	0 	0.307518796992 	2.96800774021 	0.151633401876 	-0.254651674526 	2.5441203646 	-0.00171871300103 	-0.00522891725921
14.22 	0 	0.298496240601 	2.96800774021 	0.151633401876 	-0.254651674526 	2.5441203646 	-0.00171871300103 	-0.00522891725921
14.22 	0 	0.289473684211 	2.96800774021 	0.151633401876 	-0.254651674526 	2.5441203646 	-0.00171871300103 	-0.00522891725921
14.22 	0 	0.28045112782 	2.94527470005 	0.226001864423 	-0.0635624917779 	2.50402392196 	0.00640467196506 	-0.0111702480239
14.22 	0 	0.271428571429 	2.94527470005 	0.226001864423 	-0.0635624917779 	2.50402392196 	0.00640467196506 	-0.0111702480239
14.22 	0 	0.262406015038 	2.94527470005 	0.226001864423 	-0.0635624917779 	2.50402392196 	0.00640467196506 	-0.0111702480239
14.22 	0 	0.253383458647 	2.94527470005 	0.226001864423 	-0.0635624917779 	2.50402392196 	0.00640467196506 	-0.0111702480239
14.22 	0 	0.244360902256 	2.24868874325 	-0.0155912940452 	-0.505293634886 	2.38905252325 	0.0127266462335 	-0.0151029369988
14.22 	0 	0.235338345865 	2.24868874325 	-0.0155912940452 	-0.505293634886 	2.38905252325 	0.0127266462335 	-0.0151029369988
14.22 	0 	0.226315789474 	2.24868874325 	-0.0155912940452 	-0.505293634886 	2.38905252325 	0.0127266462335 	-0.0151029369988
14.22 	0 	0.217293233083 	2.24868874325 	-0.0155912940452 	-0.505293634886 	2.38905252325 	0.0127266462335 	-0.0151029369988
14.22 	0 	0.208270676692 	2.24868874325 	-0.0155912940452 	-0.505293634886 	2.38905252325 	0.0127266462335 	-0.0151029369988
14.22 	0 	0.199248120301 	2.24868874325 	-0.0155912940452 	-0.505293634886 	2.38905252325 	0.0127266462335 	-0.0151029369988
14.22 	0 	0.19022556391 	2.24868874325 	-0.0155912940452 	-0.505293634886 	2.38905252325 	0.0127266462335 	-0.0151029369988
14.22 	0 	0.181203007519 	2.19402526662 	0.417858145609 	-0.06919742771 	2.24475423002 	0.0356347005509 	-0.0229739592617
14.22 	0 	0.172180451128 	2.19402526662 	0.417858145609 	-0.06919742771 	2.24475423002 	0.0356347005509 	-0.0229739592617
14.22 	0 	0.163157894737 	2.19402526662 	0.417858145609 	-0.06919742771 	2.24475423002 	0.0356347005509 	-0.0229739592617
14.22 	0 	0.154135338346 	2.19402526662 	0.417858145609 	-0.06919742771 	2.24475423002 	0.0356347005509 	-0.0229739592617
14.22 	0 	0.145112781955 	2.19402526662 	0.417858145609 	-0.06919742771 	2.24475423002 	0.0356347005509 	-0.0229739592617
14.22 	0 	0.136090225564 	2.19402526662 	0.417858145609 	-0.06919742771 	2.24475423002 	0.0356347005509 	-0.0229739592617
14.22 	0 	0.127067669173 	2.19402526662 	0.417858145609 	-0.06919742771 	2.24475423002 	0.0356347005509 	-0.0229739592617
14.22 	0 	0.118045112782 	1.96971645562 	0.164564811955 	-0.0860723719257 	1.92125771379 	0.0258244192901 	-0.0122299520814
14.22 	0 	0.109022556391 	1.96971645562 	0.164564811955 	-0.0860723719257 	1.92125771379 	0.0258244192901 	-0.0122299520814
14.22 	0 	0.1 	1.96971645562 	0.164564811955 	-0.0860723719257 	1.92125771379 	0.0258244192901 	-0.0122299520814
