9.48 	0 	3.7 	1.77783968863 	0.469126318292 	0.0788656016562 	1.89009803625 	0.0391561206007 	-0.0157021317979
9.48 	0 	3.69097744361 	1.77783968863 	0.469126318292 	0.0788656016562 	1.89009803625 	0.0391561206007 	-0.0157021317979
9.48 	0 	3.68195488722 	1.77783968863 	0.469126318292 	0.0788656016562 	1.89009803625 	0.0391561206007 	-0.0157021317979
9.48 	0 	3.67293233083 	2.08831713782 	0.405703148629 	0.0869072803739 	2.29523367652 	0.0506935810028 	-0.00990284648119
9.48 	0 	3.66390977444 	2.08831713782 	0.405703148629 	0.0869072803739 	2.29523367652 	0.0506935810028 	-0.00990284648119
9.48 	0 	3.65488721805 	2.08831713782 	0.405703148629 	0.0869072803739 	2.29523367652 	0.0506935810028 	-0.00990284648119
9.48 	0 	3.64586466165 	2.08831713782 	0.405703148629 	0.0869072803739 	2.29523367652 	0.0506935810028 	-0.00990284648119
9.48 	0 	3.63684210526 	2.31895520746 	0.385696731591 	0.078532738052 	2.68261105222 	0.0209656043531 	-0.00088552237656
9.48 	0 	3.62781954887 	2.31895520746 	0.385696731591 	0.078532738052 	2.68261105222 	0.0209656043531 	-0.00088552237656
9.48 	0 	3.61879699248 	2.31895520746 	0.385696731591 	0.078532738052 	2.68261105222 	0.0209656043531 	-0.00088552237656
9.48 	0 	3.60977443609 	2.62186485389 	0.232684238766 	0.0530027446694 	3.03745781416 	0.00482282095324 	-0.00502150433537
9.48 	0 	3.6007518797 	2.62186485389 	0.232684238766 	0.0530027446694 	3.03745781416 	0.00482282095324 	-0.00502150433537
9.48 	0 	3.59172932331 	2.62186485389 	0.232684238766 	0.0530027446694 	3.03745781416 	0.00482282095324 	-0.00502150433537
9.48 	0 	3.58270676692 	2.62186485389 	0.232684238766 	0.0530027446694 	3.03745781416 	0.00482282095324 	-0.00502150433537
9.48 	0 	3.57368421053 	2.9109398012 	0.0683229521926 	-0.0401249635124 	3.33340189427 	-0.00195156977397 	-0.00336749706786
9.48 	0 	3.56466165414 	2.9109398012 	0.0683229521926 	-0.0401249635124 	3.33340189427 	-0.00195156977397 	-0.00336749706786
9.48 	0 	3.55563909774 	2.9109398012 	0.0683229521926 	-0.0401249635124 	3.33340189427 	-0.00195156977397 	-0.00336749706786
9.48 	0 	3.54661654135 	3.36079962558 	-0.00662892622309 	-0.165297999468 	3.55410632692 	0.00640514989297 	-0.0111594356436
9.48 	0 	3.53759398496 	3.36079962558 	-0.00662892622309 	-0.165297999468 	3.55410632692 	0.00640514989297 	-0.0111594356436
9.48 	0 	3.52857142857 	3.36079962558 	-0.00662892622309 	-0.165297999468 	3.55410632692 	0.00640514989297 	-0.0111594356436
9.48 	0 	3.51954887218 	3.36079962558 	-0.00662892622309 	-0.165297999468 	3.55410632692 	0.00640514989297 	-0.0111594356436
9.48 	0 	3.51052631579 	3.83451004689 	-0.0901706083543 	-0.301137780814 	3.64954277337 	0.0181252967048 	-0.0227091078789
9.48 	0 	3.5015037594 	3.83451004689 	-0.0901706083543 	-0.301137780814 	3.64954277337 	0.0181252967048 	-0.0227091078789
9.48 	0 	3.49248120301 	3.83451004689 	-0.0901706083543 	-0.301137780814 	3.64954277337 	0.0181252967048 	-0.0227091078789
9.48 	0 	3.48345864662 	3.83451004689 	-0.0901706083543 	-0.301137780814 	3.64954277337 	0.0181252967048 	-0.0227091078789
9.48 	0 	3.47443609023 	4.02582643892 	-0.0022151952855 	-0.464183866292 	3.54443798804 	0.0522763427134 	-0.0414453430331
9.48 	0 	3.46541353383 	4.02582643892 	-0.0022151952855 	-0.464183866292 	3.54443798804 	0.0522763427134 	-0.0414453430331
9.48 	0 	3.45639097744 	4.02582643892 	-0.0022151952855 	-0.464183866292 	3.54443798804 	0.0522763427134 	-0.0414453430331
9.48 	0 	3.44736842105 	4.16099528319 	-0.00340391183636 	-0.562725347722 	3.2866323849 	0.0346378587507 	-0.0470420867753
9.48 	0 	3.43834586466 	4.16099528319 	-0.00340391183636 	-0.562725347722 	3.2866323849 	0.0346378587507 	-0.0470420867753
9.48 	0 	3.42932330827 	4.16099528319 	-0.00340391183636 	-0.562725347722 	3.2866323849 	0.0346378587507 	-0.0470420867753
9.48 	0 	3.42030075188 	4.16099528319 	-0.00340391183636 	-0.562725347722 	3.2866323849 	0.0346378587507 	-0.0470420867753
9.48 	0 	3.41127819549 	3.97030700282 	-0.00147810234987 	-0.741791743822 	2.98225140481 	0.00748570773795 	-0.0474923155548
9.48 	0 	3.4022556391 	3.97030700282 	-0.00147810234987 	-0.741791743822 	2.98225140481 	0.00748570773795 	-0.0474923155548
9.48 	0 	3.39323308271 	3.97030700282 	-0.00147810234987 	-0.741791743822 	2.98225140481 	0.00748570773795 	-0.0474923155548
9.48 	0 	3.38421052632 	3.53106248126 	-0.390347783849 	-0.702165865222 	2.71226154965 	0.0272855033118 	-0.0484276616959
9.48 	0 	3.37518796992 	3.53106248126 	-0.390347783849 	-0.702165865222 	2.71226154965 	0.0272855033118 	-0.0484276616959
9.48 	0 	3.36616541353 	3.53106248126 	-0.390347783849 	-0.702165865222 	2.71226154965 	0.0272855033118 	-0.0484276616959
9.48 	0 	3.35714285714 	3.53106248126 	-0.390347783849 	-0.702165865222 	2.71226154965 	0.0272855033118 	-0.0484276616959
9.48 	0 	3.34812030075 	3.408076754 	0.0135627856348 	-0.639510117953 	2.47637587117 	0.0442979704065 	-0.0329946015486
9.48 	0 	3.33909774436 	3.408076754 	0.0135627856348 	-0.639510117953 	2.47637587117 	0.0442979704065 	-0.0329946015486
9.48 	0 	3.33007518797 	3.408076754 	0.0135627856348 	-0.639510117953 	2.47637587117 	0.0442979704065 	-0.0329946015486
9.48 	0 	3.32105263158 	2.61540637051 	-0.0276968358383 	-0.691057314519 	2.26896396769 	0.0764212879069 	-0.0122359435702
9.48 	0 	3.31203007519 	2.61540637051 	-0.0276968358383 	-0.691057314519 	2.26896396769 	0.0764212879069 	-0.0122359435702
9.48 	0 	3.3030075188 	2.61540637051 	-0.0276968358383 	-0.691057314519 	2.26896396769 	0.0764212879069 	-0.0122359435702
9.48 	0 	3.29398496241 	2.61540637051 	-0.0276968358383 	-0.691057314519 	2.26896396769 	0.0764212879069 	-0.0122359435702
9.48 	0 	3.28496240602 	2.17058620895 	-0.225537060375 	-0.42559159489 	2.09986876854 	0.0979516197169 	0.0102991597662
9.48 	0 	3.27593984962 	2.17058620895 	-0.225537060375 	-0.42559159489 	2.09986876854 	0.0979516197169 	0.0102991597662
9.48 	0 	3.26691729323 	2.17058620895 	-0.225537060375 	-0.42559159489 	2.09986876854 	0.0979516197169 	0.0102991597662
9.48 	0 	3.25789473684 	2.21390074224 	-0.0195738258347 	-0.424872757788 	1.99665601862 	0.123615894419 	0.0316915036207
9.48 	0 	3.24887218045 	2.21390074224 	-0.0195738258347 	-0.424872757788 	1.99665601862 	0.123615894419 	0.0316915036207
9.48 	0 	3.23984962406 	2.21390074224 	-0.0195738258347 	-0.424872757788 	1.99665601862 	0.123615894419 	0.0316915036207
9.48 	0 	3.23082706767 	2.21390074224 	-0.0195738258347 	-0.424872757788 	1.99665601862 	0.123615894419 	0.0316915036207
9.48 	0 	3.22180451128 	2.0102652186 	0.168121717871 	-0.520930157722 	1.9234588675 	0.147352013948 	0.047293324503
9.48 	0 	3.21278195489 	2.0102652186 	0.168121717871 	-0.520930157722 	1.9234588675 	0.147352013948 	0.047293324503
9.48 	0 	3.2037593985 	2.0102652186 	0.168121717871 	-0.520930157722 	1.9234588675 	0.147352013948 	0.047293324503
9.48 	0 	3.19473684211 	1.68014928747 	0.0618547541126 	-0.658038567028 	1.87208303035 	0.167706009134 	0.0655698352335
9.48 	0 	3.18571428571 	1.68014928747 	0.0618547541126 	-0.658038567028 	1.87208303035 	0.167706009134 	0.0655698352335
9.48 	0 	3.17669172932 	1.68014928747 	0.0618547541126 	-0.658038567028 	1.87208303035 	0.167706009134 	0.0655698352335
9.48 	0 	3.16766917293 	1.68014928747 	0.0618547541126 	-0.658038567028 	1.87208303035 	0.167706009134 	0.0655698352335
9.48 	0 	3.15864661654 	1.54316093547 	0.0138600405065 	-0.672176088228 	1.81952114906 	0.193884201655 	0.0825520360333
9.48 	0 	3.14962406015 	1.54316093547 	0.0138600405065 	-0.672176088228 	1.81952114906 	0.193884201655 	0.0825520360333
9.48 	0 	3.14060150376 	1.54316093547 	0.0138600405065 	-0.672176088228 	1.81952114906 	0.193884201655 	0.0825520360333
9.48 	0 	3.13157894737 	1.49282290015 	-0.0306494164593 	-0.575214150817 	1.7881463879 	0.221568928576 	0.0887439578001
9.48 	0 	3.12255639098 	1.49282290015 	-0.0306494164593 	-0.575214150817 	1.7881463879 	0.221568928576 	0.0887439578001
9.48 	0 	3.11353383459 	1.49282290015 	-0.0306494164593 	-0.575214150817 	1.7881463879 	0.221568928576 	0.0887439578001
9.48 	0 	3.1045112782 	1.49282290015 	-0.0306494164593 	-0.575214150817 	1.7881463879 	0.221568928576 	0.0887439578001
9.48 	0 	3.0954887218 	1.67591827313 	0.179310651133 	-0.512956904858 	1.7617414669 	0.241571202546 	0.103221523005
9.48 	0 	3.08646616541 	1.67591827313 	0.179310651133 	-0.512956904858 	1.7617414669 	0.241571202546 	0.103221523005
9.48 	0 	3.07744360902 	1.67591827313 	0.179310651133 	-0.512956904858 	1.7617414669 	0.241571202546 	0.103221523005
9.48 	0 	3.06842105263 	1.79488239639 	0.327955248118 	-0.413393922232 	1.73657344742 	0.26390649018 	0.109587945994
9.48 	0 	3.05939849624 	1.79488239639 	0.327955248118 	-0.413393922232 	1.73657344742 	0.26390649018 	0.109587945994
9.48 	0 	3.05037593985 	1.79488239639 	0.327955248118 	-0.413393922232 	1.73657344742 	0.26390649018 	0.109587945994
9.48 	0 	3.04135338346 	1.79488239639 	0.327955248118 	-0.413393922232 	1.73657344742 	0.26390649018 	0.109587945994
9.48 	0 	3.03233082707 	1.58559415635 	0.242387172685 	-0.314720272175 	1.7161085632 	0.283796976705 	0.114479993974
9.48 	0 	3.02330827068 	1.58559415635 	0.242387172685 	-0.314720272175 	1.7161085632 	0.283796976705 	0.114479993974
9.48 	0 	3.01428571429 	1.58559415635 	0.242387172685 	-0.314720272175 	1.7161085632 	0.283796976705 	0.114479993974
9.48 	0 	3.00526315789 	1.44627057778 	0.27821719641 	-0.150238500699 	1.69776068235 	0.30087547092 	0.11664970501
9.48 	0 	2.9962406015 	1.44627057778 	0.27821719641 	-0.150238500699 	1.69776068235 	0.30087547092 	0.11664970501
9.48 	0 	2.98721804511 	1.44627057778 	0.27821719641 	-0.150238500699 	1.69776068235 	0.30087547092 	0.11664970501
9.48 	0 	2.97819548872 	1.44627057778 	0.27821719641 	-0.150238500699 	1.69776068235 	0.30087547092 	0.11664970501
9.48 	0 	2.96917293233 	1.42878450532 	0.115206302964 	-0.239008497382 	1.69905827509 	0.319892863902 	0.122191964633
9.48 	0 	2.96015037594 	1.42878450532 	0.115206302964 	-0.239008497382 	1.69905827509 	0.319892863902 	0.122191964633
9.48 	0 	2.95112781955 	1.42878450532 	0.115206302964 	-0.239008497382 	1.69905827509 	0.319892863902 	0.122191964633
9.48 	0 	2.94210526316 	1.37165997088 	0.0174360480932 	-0.244942900143 	1.69865678602 	0.330248594244 	0.122237296197
9.48 	0 	2.93308270677 	1.37165997088 	0.0174360480932 	-0.244942900143 	1.69865678602 	0.330248594244 	0.122237296197
9.48 	0 	2.92406015038 	1.37165997088 	0.0174360480932 	-0.244942900143 	1.69865678602 	0.330248594244 	0.122237296197
9.48 	0 	2.91503759398 	1.37165997088 	0.0174360480932 	-0.244942900143 	1.69865678602 	0.330248594244 	0.122237296197
9.48 	0 	2.90601503759 	1.34312307778 	0.127390697695 	-0.170674474079 	1.70500880804 	0.337344692894 	0.121839018028
9.48 	0 	2.8969924812 	1.34312307778 	0.127390697695 	-0.170674474079 	1.70500880804 	0.337344692894 	0.121839018028
9.48 	0 	2.88796992481 	1.34312307778 	0.127390697695 	-0.170674474079 	1.70500880804 	0.337344692894 	0.121839018028
9.48 	0 	2.87894736842 	1.44726980955 	0.375180816814 	-0.186012443713 	1.71485176239 	0.350095151838 	0.123510534144
9.48 	0 	2.86992481203 	1.44726980955 	0.375180816814 	-0.186012443713 	1.71485176239 	0.350095151838 	0.123510534144
9.48 	0 	2.86090225564 	1.44726980955 	0.375180816814 	-0.186012443713 	1.71485176239 	0.350095151838 	0.123510534144
9.48 	0 	2.85187969925 	1.44726980955 	0.375180816814 	-0.186012443713 	1.71485176239 	0.350095151838 	0.123510534144
9.48 	0 	2.84285714286 	1.5301451924 	0.536511300076 	-0.173563836424 	1.73219388809 	0.349623553213 	0.123455381919
9.48 	0 	2.83383458647 	1.5301451924 	0.536511300076 	-0.173563836424 	1.73219388809 	0.349623553213 	0.123455381919
9.48 	0 	2.82481203008 	1.5301451924 	0.536511300076 	-0.173563836424 	1.73219388809 	0.349623553213 	0.123455381919
9.48 	0 	2.81578947368 	1.52215627126 	0.492242851556 	-0.180561677722 	1.73959363747 	0.345430260104 	0.124668958405
9.48 	0 	2.80676691729 	1.52215627126 	0.492242851556 	-0.180561677722 	1.73959363747 	0.345430260104 	0.124668958405
9.48 	0 	2.7977443609 	1.52215627126 	0.492242851556 	-0.180561677722 	1.73959363747 	0.345430260104 	0.124668958405
9.48 	0 	2.78872180451 	1.52215627126 	0.492242851556 	-0.180561677722 	1.73959363747 	0.345430260104 	0.124668958405
9.48 	0 	2.77969924812 	1.30025351387 	0.534251279018 	-0.25459077989 	1.75616030741 	0.346047808585 	0.126323101847
9.48 	0 	2.77067669173 	1.30025351387 	0.534251279018 	-0.25459077989 	1.75616030741 	0.346047808585 	0.126323101847
9.48 	0 	2.76165413534 	1.30025351387 	0.534251279018 	-0.25459077989 	1.75616030741 	0.346047808585 	0.126323101847
9.48 	0 	2.75263157895 	1.33059208169 	0.498389948179 	-0.189193176404 	1.776345974 	0.339495176907 	0.124377646506
9.48 	0 	2.74360902256 	1.33059208169 	0.498389948179 	-0.189193176404 	1.776345974 	0.339495176907 	0.124377646506
9.48 	0 	2.73458646617 	1.33059208169 	0.498389948179 	-0.189193176404 	1.776345974 	0.339495176907 	0.124377646506
9.48 	0 	2.72556390977 	1.33059208169 	0.498389948179 	-0.189193176404 	1.776345974 	0.339495176907 	0.124377646506
9.48 	0 	2.71654135338 	1.62379304143 	0.406553340953 	-0.123026640135 	1.79310520437 	0.328449836414 	0.124153843228
9.48 	0 	2.70751879699 	1.62379304143 	0.406553340953 	-0.123026640135 	1.79310520437 	0.328449836414 	0.124153843228
9.48 	0 	2.6984962406 	1.62379304143 	0.406553340953 	-0.123026640135 	1.79310520437 	0.328449836414 	0.124153843228
9.48 	0 	2.68947368421 	1.86799978127 	0.387076823185 	-0.214724510782 	1.81166202042 	0.320980301035 	0.128728013713
9.48 	0 	2.68045112782 	1.86799978127 	0.387076823185 	-0.214724510782 	1.81166202042 	0.320980301035 	0.128728013713
9.48 	0 	2.67142857143 	1.86799978127 	0.387076823185 	-0.214724510782 	1.81166202042 	0.320980301035 	0.128728013713
9.48 	0 	2.66240601504 	1.86799978127 	0.387076823185 	-0.214724510782 	1.81166202042 	0.320980301035 	0.128728013713
9.48 	0 	2.65338345865 	1.87849383743 	0.359910971114 	-0.131685112012 	1.82690310543 	0.298820670036 	0.123533959596
9.48 	0 	2.64436090226 	1.87849383743 	0.359910971114 	-0.131685112012 	1.82690310543 	0.298820670036 	0.123533959596
9.48 	0 	2.63533834586 	1.87849383743 	0.359910971114 	-0.131685112012 	1.82690310543 	0.298820670036 	0.123533959596
9.48 	0 	2.62631578947 	1.66801123297 	0.0770382212365 	-0.217295805267 	1.85623692817 	0.279908746192 	0.127241714286
9.48 	0 	2.61729323308 	1.66801123297 	0.0770382212365 	-0.217295805267 	1.85623692817 	0.279908746192 	0.127241714286
9.48 	0 	2.60827067669 	1.66801123297 	0.0770382212365 	-0.217295805267 	1.85623692817 	0.279908746192 	0.127241714286
9.48 	0 	2.5992481203 	1.66801123297 	0.0770382212365 	-0.217295805267 	1.85623692817 	0.279908746192 	0.127241714286
9.48 	0 	2.59022556391 	1.86652943753 	0.017627680283 	0.186250263871 	1.87660838582 	0.252219783516 	0.13167232541
9.48 	0 	2.58120300752 	1.86652943753 	0.017627680283 	0.186250263871 	1.87660838582 	0.252219783516 	0.13167232541
9.48 	0 	2.57218045113 	1.86652943753 	0.017627680283 	0.186250263871 	1.87660838582 	0.252219783516 	0.13167232541
9.48 	0 	2.56315789474 	2.26633786046 	-0.0183562023052 	0.27585779092 	1.89331341364 	0.226702630977 	0.12677892156
9.48 	0 	2.55413533835 	2.26633786046 	-0.0183562023052 	0.27585779092 	1.89331341364 	0.226702630977 	0.12677892156
9.48 	0 	2.54511278195 	2.26633786046 	-0.0183562023052 	0.27585779092 	1.89331341364 	0.226702630977 	0.12677892156
9.48 	0 	2.53609022556 	2.26633786046 	-0.0183562023052 	0.27585779092 	1.89331341364 	0.226702630977 	0.12677892156
9.48 	0 	2.52706766917 	2.06982130544 	-0.0302234285455 	0.443736631641 	1.90262012796 	0.208521765075 	0.11820300151
9.48 	0 	2.51804511278 	2.06982130544 	-0.0302234285455 	0.443736631641 	1.90262012796 	0.208521765075 	0.11820300151
9.48 	0 	2.50902255639 	2.06982130544 	-0.0302234285455 	0.443736631641 	1.90262012796 	0.208521765075 	0.11820300151
9.48 	0 	2.5 	1.84374436246 	-0.109468215962 	0.583527106007 	1.90707303199 	0.17608606775 	0.114998746137
9.48 	0 	2.49097744361 	1.84374436246 	-0.109468215962 	0.583527106007 	1.90707303199 	0.17608606775 	0.114998746137
9.48 	0 	2.48195488722 	1.84374436246 	-0.109468215962 	0.583527106007 	1.90707303199 	0.17608606775 	0.114998746137
9.48 	0 	2.47293233083 	1.84374436246 	-0.109468215962 	0.583527106007 	1.90707303199 	0.17608606775 	0.114998746137
9.48 	0 	2.46390977444 	1.74626991751 	-0.19022377955 	0.56647379965 	1.92063446763 	0.139321184511 	0.118110184229
9.48 	0 	2.45488721805 	1.74626991751 	-0.19022377955 	0.56647379965 	1.92063446763 	0.139321184511 	0.118110184229
9.48 	0 	2.44586466165 	1.74626991751 	-0.19022377955 	0.56647379965 	1.92063446763 	0.139321184511 	0.118110184229
9.48 	0 	2.43684210526 	1.85815756201 	-0.284002590477 	0.627278070008 	1.94219446524 	0.105065100375 	0.115226663802
9.48 	0 	2.42781954887 	1.85815756201 	-0.284002590477 	0.627278070008 	1.94219446524 	0.105065100375 	0.115226663802
9.48 	0 	2.41879699248 	1.85815756201 	-0.284002590477 	0.627278070008 	1.94219446524 	0.105065100375 	0.115226663802
9.48 	0 	2.40977443609 	1.85815756201 	-0.284002590477 	0.627278070008 	1.94219446524 	0.105065100375 	0.115226663802
9.48 	0 	2.4007518797 	2.06048827197 	-0.263173969801 	0.525230308729 	1.98498046651 	0.0821432369745 	0.12141969511
9.48 	0 	2.39172932331 	2.06048827197 	-0.263173969801 	0.525230308729 	1.98498046651 	0.0821432369745 	0.12141969511
9.48 	0 	2.38270676692 	2.06048827197 	-0.263173969801 	0.525230308729 	1.98498046651 	0.0821432369745 	0.12141969511
9.48 	0 	2.37368421053 	1.78688011428 	-0.168527713884 	0.349088605641 	1.99722482151 	0.0389265428634 	0.119874640865
9.48 	0 	2.36466165414 	1.78688011428 	-0.168527713884 	0.349088605641 	1.99722482151 	0.0389265428634 	0.119874640865
9.48 	0 	2.35563909774 	1.78688011428 	-0.168527713884 	0.349088605641 	1.99722482151 	0.0389265428634 	0.119874640865
9.48 	0 	2.34661654135 	1.78688011428 	-0.168527713884 	0.349088605641 	1.99722482151 	0.0389265428634 	0.119874640865
9.48 	0 	2.33759398496 	1.83888373775 	-0.26485369132 	0.344593592207 	2.00541092368 	-0.00828592987091 	0.124071310734
9.48 	0 	2.32857142857 	1.83888373775 	-0.26485369132 	0.344593592207 	2.00541092368 	-0.00828592987091 	0.124071310734
9.48 	0 	2.31954887218 	1.83888373775 	-0.26485369132 	0.344593592207 	2.00541092368 	-0.00828592987091 	0.124071310734
9.48 	0 	2.31052631579 	1.83299647864 	-0.389610824622 	0.290012404841 	2.00930953603 	-0.0417078171156 	0.12764718174
9.48 	0 	2.3015037594 	1.83299647864 	-0.389610824622 	0.290012404841 	2.00930953603 	-0.0417078171156 	0.12764718174
9.48 	0 	2.29248120301 	1.83299647864 	-0.389610824622 	0.290012404841 	2.00930953603 	-0.0417078171156 	0.12764718174
9.48 	0 	2.28345864662 	1.83299647864 	-0.389610824622 	0.290012404841 	2.00930953603 	-0.0417078171156 	0.12764718174
9.48 	0 	2.27443609023 	1.84424868612 	-0.183407462163 	0.246833968928 	2.02230713915 	-0.0776657124556 	0.118417230688
9.48 	0 	2.26541353383 	1.84424868612 	-0.183407462163 	0.246833968928 	2.02230713915 	-0.0776657124556 	0.118417230688
9.48 	0 	2.25639097744 	1.84424868612 	-0.183407462163 	0.246833968928 	2.02230713915 	-0.0776657124556 	0.118417230688
9.48 	0 	2.24736842105 	2.10450066148 	0.0254870221363 	0.400614808071 	2.03990806619 	-0.113007337835 	0.112104017593
9.48 	0 	2.23834586466 	2.10450066148 	0.0254870221363 	0.400614808071 	2.03990806619 	-0.113007337835 	0.112104017593
9.48 	0 	2.22932330827 	2.10450066148 	0.0254870221363 	0.400614808071 	2.03990806619 	-0.113007337835 	0.112104017593
9.48 	0 	2.22030075188 	2.10450066148 	0.0254870221363 	0.400614808071 	2.03990806619 	-0.113007337835 	0.112104017593
9.48 	0 	2.21127819549 	2.25309214153 	-0.0200298551125 	0.311473822045 	2.04404098656 	-0.144333242405 	0.109635824538
9.48 	0 	2.2022556391 	2.25309214153 	-0.0200298551125 	0.311473822045 	2.04404098656 	-0.144333242405 	0.109635824538
9.48 	0 	2.19323308271 	2.25309214153 	-0.0200298551125 	0.311473822045 	2.04404098656 	-0.144333242405 	0.109635824538
9.48 	0 	2.18421052632 	2.06963412664 	0.0754604399772 	0.279313394523 	2.05156321076 	-0.166986291384 	0.107035458587
9.48 	0 	2.17518796992 	2.06963412664 	0.0754604399772 	0.279313394523 	2.05156321076 	-0.166986291384 	0.107035458587
9.48 	0 	2.16616541353 	2.06963412664 	0.0754604399772 	0.279313394523 	2.05156321076 	-0.166986291384 	0.107035458587
9.48 	0 	2.15714285714 	2.06963412664 	0.0754604399772 	0.279313394523 	2.05156321076 	-0.166986291384 	0.107035458587
9.48 	0 	2.14812030075 	1.87538812367 	-0.0409584644427 	0.259390011564 	2.05021873251 	-0.188103642628 	0.0994271473427
9.48 	0 	2.13909774436 	1.87538812367 	-0.0409584644427 	0.259390011564 	2.05021873251 	-0.188103642628 	0.0994271473427
9.48 	0 	2.13007518797 	1.87538812367 	-0.0409584644427 	0.259390011564 	2.05021873251 	-0.188103642628 	0.0994271473427
9.48 	0 	2.12105263158 	1.81846255071 	-0.194123464075 	0.205325878972 	2.06077064616 	-0.213651208023 	0.102263469488
9.48 	0 	2.11203007519 	1.81846255071 	-0.194123464075 	0.205325878972 	2.06077064616 	-0.213651208023 	0.102263469488
9.48 	0 	2.1030075188 	1.81846255071 	-0.194123464075 	0.205325878972 	2.06077064616 	-0.213651208023 	0.102263469488
9.48 	0 	2.09398496241 	1.81846255071 	-0.194123464075 	0.205325878972 	2.06077064616 	-0.213651208023 	0.102263469488
9.48 	0 	2.08496240602 	1.943803367 	-0.154572698187 	0.215239818144 	2.0591079842 	-0.221865485017 	0.0979326328359
9.48 	0 	2.07593984962 	1.943803367 	-0.154572698187 	0.215239818144 	2.0591079842 	-0.221865485017 	0.0979326328359
9.48 	0 	2.06691729323 	1.943803367 	-0.154572698187 	0.215239818144 	2.0591079842 	-0.221865485017 	0.0979326328359
9.48 	0 	2.05789473684 	2.19607521073 	-0.0150225556884 	0.203435227981 	2.06277349221 	-0.236978339247 	0.102253990684
9.48 	0 	2.04887218045 	2.19607521073 	-0.0150225556884 	0.203435227981 	2.06277349221 	-0.236978339247 	0.102253990684
9.48 	0 	2.03984962406 	2.19607521073 	-0.0150225556884 	0.203435227981 	2.06277349221 	-0.236978339247 	0.102253990684
9.48 	0 	2.03082706767 	2.19607521073 	-0.0150225556884 	0.203435227981 	2.06277349221 	-0.236978339247 	0.102253990684
9.48 	0 	2.02180451128 	1.67170103555 	-0.177279715536 	0.0245775202749 	2.06259826246 	-0.258383743961 	0.0932327836296
9.48 	0 	2.01278195489 	1.67170103555 	-0.177279715536 	0.0245775202749 	2.06259826246 	-0.258383743961 	0.0932327836296
9.48 	0 	2.0037593985 	1.67170103555 	-0.177279715536 	0.0245775202749 	2.06259826246 	-0.258383743961 	0.0932327836296
9.48 	0 	1.99473684211 	1.68495692109 	-0.266001085132 	0.0523631742532 	2.04695032223 	-0.268750928672 	0.0901086068362
9.48 	0 	1.98571428571 	1.68495692109 	-0.266001085132 	0.0523631742532 	2.04695032223 	-0.268750928672 	0.0901086068362
9.48 	0 	1.97669172932 	1.68495692109 	-0.266001085132 	0.0523631742532 	2.04695032223 	-0.268750928672 	0.0901086068362
9.48 	0 	1.96766917293 	1.68495692109 	-0.266001085132 	0.0523631742532 	2.04695032223 	-0.268750928672 	0.0901086068362
9.48 	0 	1.95864661654 	1.70969574615 	-0.338159138991 	0.294580683573 	2.04909225413 	-0.272840823759 	0.0814510489224
9.48 	0 	1.94962406015 	1.70969574615 	-0.338159138991 	0.294580683573 	2.04909225413 	-0.272840823759 	0.0814510489224
9.48 	0 	1.94060150376 	1.70969574615 	-0.338159138991 	0.294580683573 	2.04909225413 	-0.272840823759 	0.0814510489224
9.48 	0 	1.93157894737 	1.71164281961 	-0.301782703692 	0.190228862825 	2.04141681111 	-0.284951539356 	0.0701659969179
9.48 	0 	1.92255639098 	1.71164281961 	-0.301782703692 	0.190228862825 	2.04141681111 	-0.284951539356 	0.0701659969179
9.48 	0 	1.91353383459 	1.71164281961 	-0.301782703692 	0.190228862825 	2.04141681111 	-0.284951539356 	0.0701659969179
9.48 	0 	1.9045112782 	1.71164281961 	-0.301782703692 	0.190228862825 	2.04141681111 	-0.284951539356 	0.0701659969179
9.48 	0 	1.8954887218 	1.72408579219 	-0.212926669013 	0.436059103405 	2.04063591301 	-0.296322909591 	0.0691249536964
9.48 	0 	1.88646616541 	1.72408579219 	-0.212926669013 	0.436059103405 	2.04063591301 	-0.296322909591 	0.0691249536964
9.48 	0 	1.87744360902 	1.72408579219 	-0.212926669013 	0.436059103405 	2.04063591301 	-0.296322909591 	0.0691249536964
9.48 	0 	1.86842105263 	1.72408579219 	-0.212926669013 	0.436059103405 	2.04063591301 	-0.296322909591 	0.0691249536964
9.48 	0 	1.85939849624 	1.86563066016 	-0.0570978139482 	0.18606438431 	2.05096327091 	-0.297035979372 	0.0720149796429
9.48 	0 	1.85037593985 	1.86563066016 	-0.0570978139482 	0.18606438431 	2.05096327091 	-0.297035979372 	0.0720149796429
9.48 	0 	1.84135338346 	1.86563066016 	-0.0570978139482 	0.18606438431 	2.05096327091 	-0.297035979372 	0.0720149796429
9.48 	0 	1.83233082707 	2.03123617478 	0.157878572434 	-0.0821278474278 	2.06076682731 	-0.299318557297 	0.0649089657907
9.48 	0 	1.82330827068 	2.03123617478 	0.157878572434 	-0.0821278474278 	2.06076682731 	-0.299318557297 	0.0649089657907
9.48 	0 	1.81428571429 	2.03123617478 	0.157878572434 	-0.0821278474278 	2.06076682731 	-0.299318557297 	0.0649089657907
9.48 	0 	1.80526315789 	2.03123617478 	0.157878572434 	-0.0821278474278 	2.06076682731 	-0.299318557297 	0.0649089657907
9.48 	0 	1.7962406015 	1.9053116229 	0.148946691869 	0.00515775771102 	2.0783844678 	-0.285916114927 	0.0659031438445
9.48 	0 	1.78721804511 	1.9053116229 	0.148946691869 	0.00515775771102 	2.0783844678 	-0.285916114927 	0.0659031438445
9.48 	0 	1.77819548872 	1.9053116229 	0.148946691869 	0.00515775771102 	2.0783844678 	-0.285916114927 	0.0659031438445
9.48 	0 	1.76917293233 	1.81242097177 	-0.105122428657 	0.280025150146 	2.08184542452 	-0.271651645956 	0.083061095801
9.48 	0 	1.76015037594 	1.81242097177 	-0.105122428657 	0.280025150146 	2.08184542452 	-0.271651645956 	0.083061095801
9.48 	0 	1.75112781955 	1.81242097177 	-0.105122428657 	0.280025150146 	2.08184542452 	-0.271651645956 	0.083061095801
9.48 	0 	1.74210526316 	1.81242097177 	-0.105122428657 	0.280025150146 	2.08184542452 	-0.271651645956 	0.083061095801
9.48 	0 	1.73308270677 	1.96932043761 	0.000887603180258 	0.43729319507 	2.09665100178 	-0.266259256799 	0.0790714654581
9.48 	0 	1.72406015038 	1.96932043761 	0.000887603180258 	0.43729319507 	2.09665100178 	-0.266259256799 	0.0790714654581
9.48 	0 	1.71503759398 	1.96932043761 	0.000887603180258 	0.43729319507 	2.09665100178 	-0.266259256799 	0.0790714654581
9.48 	0 	1.70601503759 	2.1979031999 	0.0173409941808 	0.416867852959 	2.10604994907 	-0.252448034375 	0.0788014948812
9.48 	0 	1.6969924812 	2.1979031999 	0.0173409941808 	0.416867852959 	2.10604994907 	-0.252448034375 	0.0788014948812
9.48 	0 	1.68796992481 	2.1979031999 	0.0173409941808 	0.416867852959 	2.10604994907 	-0.252448034375 	0.0788014948812
9.48 	0 	1.67894736842 	2.1979031999 	0.0173409941808 	0.416867852959 	2.10604994907 	-0.252448034375 	0.0788014948812
9.48 	0 	1.66992481203 	2.42156827721 	-0.108899477401 	0.403196591383 	2.1250851295 	-0.243677897949 	0.0786175584366
9.48 	0 	1.66090225564 	2.42156827721 	-0.108899477401 	0.403196591383 	2.1250851295 	-0.243677897949 	0.0786175584366
9.48 	0 	1.65187969925 	2.42156827721 	-0.108899477401 	0.403196591383 	2.1250851295 	-0.243677897949 	0.0786175584366
9.48 	0 	1.64285714286 	2.50651265824 	-0.105709044245 	0.295738687064 	2.13936006682 	-0.231084461354 	0.0793648247598
9.48 	0 	1.63383458647 	2.50651265824 	-0.105709044245 	0.295738687064 	2.13936006682 	-0.231084461354 	0.0793648247598
9.48 	0 	1.62481203008 	2.50651265824 	-0.105709044245 	0.295738687064 	2.13936006682 	-0.231084461354 	0.0793648247598
9.48 	0 	1.61578947368 	2.50651265824 	-0.105709044245 	0.295738687064 	2.13936006682 	-0.231084461354 	0.0793648247598
9.48 	0 	1.60676691729 	2.48430720369 	-0.00704755073597 	0.285798212574 	2.16246229349 	-0.22757010283 	0.0759326739385
9.48 	0 	1.5977443609 	2.48430720369 	-0.00704755073597 	0.285798212574 	2.16246229349 	-0.22757010283 	0.0759326739385
9.48 	0 	1.58872180451 	2.48430720369 	-0.00704755073597 	0.285798212574 	2.16246229349 	-0.22757010283 	0.0759326739385
9.48 	0 	1.57969924812 	2.81537927657 	0.116516102937 	0.135895260127 	2.18480271241 	-0.22695463506 	0.0803163756456
9.48 	0 	1.57067669173 	2.81537927657 	0.116516102937 	0.135895260127 	2.18480271241 	-0.22695463506 	0.0803163756456
9.48 	0 	1.56165413534 	2.81537927657 	0.116516102937 	0.135895260127 	2.18480271241 	-0.22695463506 	0.0803163756456
9.48 	0 	1.55263157895 	2.81537927657 	0.116516102937 	0.135895260127 	2.18480271241 	-0.22695463506 	0.0803163756456
9.48 	0 	1.54360902256 	2.91243447966 	0.105061661701 	0.284083040613 	2.21031608338 	-0.22025025127 	0.0844942688545
9.48 	0 	1.53458646617 	2.91243447966 	0.105061661701 	0.284083040613 	2.21031608338 	-0.22025025127 	0.0844942688545
9.48 	0 	1.52556390977 	2.91243447966 	0.105061661701 	0.284083040613 	2.21031608338 	-0.22025025127 	0.0844942688545
9.48 	0 	1.51654135338 	2.79981310713 	-0.151102730302 	0.315645180619 	2.24121338593 	-0.197648742652 	0.0931158492517
9.48 	0 	1.50751879699 	2.79981310713 	-0.151102730302 	0.315645180619 	2.24121338593 	-0.197648742652 	0.0931158492517
9.48 	0 	1.4984962406 	2.79981310713 	-0.151102730302 	0.315645180619 	2.24121338593 	-0.197648742652 	0.0931158492517
9.48 	0 	1.48947368421 	2.79981310713 	-0.151102730302 	0.315645180619 	2.24121338593 	-0.197648742652 	0.0931158492517
9.48 	0 	1.48045112782 	2.90851579047 	-0.226845406726 	0.231486493315 	2.27668849055 	-0.174247911603 	0.099750140029
9.48 	0 	1.47142857143 	2.90851579047 	-0.226845406726 	0.231486493315 	2.27668849055 	-0.174247911603 	0.099750140029
9.48 	0 	1.46240601504 	2.90851579047 	-0.226845406726 	0.231486493315 	2.27668849055 	-0.174247911603 	0.099750140029
9.48 	0 	1.45338345865 	2.69166053191 	-0.259741769398 	0.337758167664 	2.29717907042 	-0.166533759345 	0.10649168923
9.48 	0 	1.44436090226 	2.69166053191 	-0.259741769398 	0.337758167664 	2.29717907042 	-0.166533759345 	0.10649168923
9.48 	0 	1.43533834586 	2.69166053191 	-0.259741769398 	0.337758167664 	2.29717907042 	-0.166533759345 	0.10649168923
9.48 	0 	1.42631578947 	2.69166053191 	-0.259741769398 	0.337758167664 	2.29717907042 	-0.166533759345 	0.10649168923
9.48 	0 	1.41729323308 	2.83513303388 	-0.392168596492 	0.284428120137 	2.32869959156 	-0.154724690122 	0.110271838299
9.48 	0 	1.40827067669 	2.83513303388 	-0.392168596492 	0.284428120137 	2.32869959156 	-0.154724690122 	0.110271838299
9.48 	0 	1.3992481203 	2.83513303388 	-0.392168596492 	0.284428120137 	2.32869959156 	-0.154724690122 	0.110271838299
9.48 	0 	1.39022556391 	3.04382631969 	-0.517371955696 	0.333448688102 	2.36499825434 	-0.143663393548 	0.116500673664
9.48 	0 	1.38120300752 	3.04382631969 	-0.517371955696 	0.333448688102 	2.36499825434 	-0.143663393548 	0.116500673664
9.48 	0 	1.37218045113 	3.04382631969 	-0.517371955696 	0.333448688102 	2.36499825434 	-0.143663393548 	0.116500673664
9.48 	0 	1.36315789474 	3.04382631969 	-0.517371955696 	0.333448688102 	2.36499825434 	-0.143663393548 	0.116500673664
9.48 	0 	1.35413533835 	2.99023497123 	-0.39298538304 	0.324290863077 	2.40230631601 	-0.133866101456 	0.115587258571
9.48 	0 	1.34511278195 	2.99023497123 	-0.39298538304 	0.324290863077 	2.40230631601 	-0.133866101456 	0.115587258571
9.48 	0 	1.33609022556 	2.99023497123 	-0.39298538304 	0.324290863077 	2.40230631601 	-0.133866101456 	0.115587258571
9.48 	0 	1.32706766917 	2.98751004434 	-0.337209161175 	0.0554071812375 	2.42448836946 	-0.128185691149 	0.115366593935
9.48 	0 	1.31804511278 	2.89586701763 	-0.458336857758 	0.173583100729 	2.43117400963 	-0.124603098562 	0.121074595989
9.48 	0 	1.30902255639 	2.89586701763 	-0.458336857758 	0.173583100729 	2.43117400963 	-0.124603098562 	0.121074595989
9.48 	0 	1.3 	2.89586701763 	-0.458336857758 	0.173583100729 	2.43117400963 	-0.124603098562 	0.121074595989
9.48 	0 	1.29097744361 	3.19580525565 	-0.494244637732 	0.0801559650785 	2.47023913328 	-0.11989743876 	0.120727016553
9.48 	0 	1.28195488722 	3.19580525565 	-0.494244637732 	0.0801559650785 	2.47023913328 	-0.11989743876 	0.120727016553
9.48 	0 	1.27293233083 	3.19580525565 	-0.494244637732 	0.0801559650785 	2.47023913328 	-0.11989743876 	0.120727016553
9.48 	0 	1.26390977444 	3.39344334367 	-0.549446388323 	0.0314952177932 	2.50842652272 	-0.111214124856 	0.123327074374
9.48 	0 	1.25488721805 	3.39344334367 	-0.549446388323 	0.0314952177932 	2.50842652272 	-0.111214124856 	0.123327074374
9.48 	0 	1.24586466165 	3.39344334367 	-0.549446388323 	0.0314952177932 	2.50842652272 	-0.111214124856 	0.123327074374
9.48 	0 	1.23684210526 	3.39344334367 	-0.549446388323 	0.0314952177932 	2.50842652272 	-0.111214124856 	0.123327074374
9.48 	0 	1.22781954887 	3.66033621915 	-0.492611130704 	-0.277401584344 	2.55744536122 	-0.109948098764 	0.129603237851
9.48 	0 	1.21879699248 	3.66033621915 	-0.492611130704 	-0.277401584344 	2.55744536122 	-0.109948098764 	0.129603237851
9.48 	0 	1.20977443609 	3.66033621915 	-0.492611130704 	-0.277401584344 	2.55744536122 	-0.109948098764 	0.129603237851
9.48 	0 	1.2007518797 	3.54363350453 	-0.464145148725 	-0.161092809492 	2.60727236549 	-0.0983040913146 	0.132053224371
9.48 	0 	1.19172932331 	3.54363350453 	-0.464145148725 	-0.161092809492 	2.60727236549 	-0.0983040913146 	0.132053224371
9.48 	0 	1.18270676692 	3.54363350453 	-0.464145148725 	-0.161092809492 	2.60727236549 	-0.0983040913146 	0.132053224371
9.48 	0 	1.17368421053 	3.54363350453 	-0.464145148725 	-0.161092809492 	2.60727236549 	-0.0983040913146 	0.132053224371
9.48 	0 	1.16466165414 	3.29196235801 	-0.423881992787 	-0.0825396022698 	2.64079305619 	-0.0880643434035 	0.143084440077
9.48 	0 	1.15563909774 	3.29196235801 	-0.423881992787 	-0.0825396022698 	2.64079305619 	-0.0880643434035 	0.143084440077
9.48 	0 	1.14661654135 	3.29196235801 	-0.423881992787 	-0.0825396022698 	2.64079305619 	-0.0880643434035 	0.143084440077
9.48 	0 	1.13759398496 	3.42629702952 	-0.475863041507 	-0.167492445639 	2.70013289356 	-0.0869468637426 	0.144902300476
9.48 	0 	1.12857142857 	3.42629702952 	-0.475863041507 	-0.167492445639 	2.70013289356 	-0.0869468637426 	0.144902300476
9.48 	0 	1.11954887218 	3.42629702952 	-0.475863041507 	-0.167492445639 	2.70013289356 	-0.0869468637426 	0.144902300476
9.48 	0 	1.11052631579 	3.42629702952 	-0.475863041507 	-0.167492445639 	2.70013289356 	-0.0869468637426 	0.144902300476
9.48 	0 	1.1015037594 	3.45730609473 	-0.302581705809 	0.0349969811293 	2.73996432744 	-0.0910614556032 	0.154352644849
9.48 	0 	1.09248120301 	3.45730609473 	-0.302581705809 	0.0349969811293 	2.73996432744 	-0.0910614556032 	0.154352644849
9.48 	0 	1.08345864662 	3.45730609473 	-0.302581705809 	0.0349969811293 	2.73996432744 	-0.0910614556032 	0.154352644849
9.48 	0 	1.07443609023 	3.39358872227 	-0.0333876646212 	-0.0617325073403 	2.77502708458 	-0.0880073583998 	0.150412278957
9.48 	0 	1.06541353383 	3.39358872227 	-0.0333876646212 	-0.0617325073403 	2.77502708458 	-0.0880073583998 	0.150412278957
9.48 	0 	1.05639097744 	3.39358872227 	-0.0333876646212 	-0.0617325073403 	2.77502708458 	-0.0880073583998 	0.150412278957
9.48 	0 	1.04736842105 	3.39358872227 	-0.0333876646212 	-0.0617325073403 	2.77502708458 	-0.0880073583998 	0.150412278957
9.48 	0 	1.03834586466 	3.54244174795 	-0.0609660414029 	0.0599990773632 	2.80532485461 	-0.0814980344828 	0.143704302153
9.48 	0 	1.02932330827 	3.54244174795 	-0.0609660414029 	0.0599990773632 	2.80532485461 	-0.0814980344828 	0.143704302153
9.48 	0 	1.02030075188 	3.54244174795 	-0.0609660414029 	0.0599990773632 	2.80532485461 	-0.0814980344828 	0.143704302153
9.48 	0 	1.01127819549 	3.78541315435 	0.0722383017261 	0.00736130931564 	2.83467361325 	-0.0872672476714 	0.15304035357
9.48 	0 	1.0022556391 	3.78541315435 	0.0722383017261 	0.00736130931564 	2.83467361325 	-0.0872672476714 	0.15304035357
9.48 	0 	0.993233082707 	3.78541315435 	0.0722383017261 	0.00736130931564 	2.83467361325 	-0.0872672476714 	0.15304035357
9.48 	0 	0.984210526316 	3.78541315435 	0.0722383017261 	0.00736130931564 	2.83467361325 	-0.0872672476714 	0.15304035357
9.48 	0 	0.975187969925 	3.67628885911 	-0.113042862721 	0.0471354778668 	2.87509277282 	-0.0989595766204 	0.138253022177
9.48 	0 	0.966165413534 	3.67628885911 	-0.113042862721 	0.0471354778668 	2.87509277282 	-0.0989595766204 	0.138253022177
9.48 	0 	0.957142857143 	3.67628885911 	-0.113042862721 	0.0471354778668 	2.87509277282 	-0.0989595766204 	0.138253022177
9.48 	0 	0.948120300752 	3.67190835898 	-0.0391874934041 	0.333057838866 	2.89783738516 	-0.0974864977948 	0.133953718951
9.48 	0 	0.939097744361 	3.67190835898 	-0.0391874934041 	0.333057838866 	2.89783738516 	-0.0974864977948 	0.133953718951
9.48 	0 	0.93007518797 	3.67190835898 	-0.0391874934041 	0.333057838866 	2.89783738516 	-0.0974864977948 	0.133953718951
9.48 	0 	0.921052631579 	3.67190835898 	-0.0391874934041 	0.333057838866 	2.89783738516 	-0.0974864977948 	0.133953718951
9.48 	0 	0.912030075188 	3.63501206944 	-0.176362678349 	0.272901487359 	2.91400322775 	-0.0981889065645 	0.121954727554
9.48 	0 	0.903007518797 	3.63501206944 	-0.176362678349 	0.272901487359 	2.91400322775 	-0.0981889065645 	0.121954727554
9.48 	0 	0.893984962406 	3.63501206944 	-0.176362678349 	0.272901487359 	2.91400322775 	-0.0981889065645 	0.121954727554
9.48 	0 	0.884962406015 	3.42247253005 	-0.291728221174 	0.413174200803 	2.93428699595 	-0.105923665612 	0.102855614834
9.48 	0 	0.875939849624 	3.42247253005 	-0.291728221174 	0.413174200803 	2.93428699595 	-0.105923665612 	0.102855614834
9.48 	0 	0.866917293233 	3.42247253005 	-0.291728221174 	0.413174200803 	2.93428699595 	-0.105923665612 	0.102855614834
9.48 	0 	0.857894736842 	3.42247253005 	-0.291728221174 	0.413174200803 	2.93428699595 	-0.105923665612 	0.102855614834
9.48 	0 	0.848872180451 	3.37649073346 	-0.209626549044 	0.610118825484 	2.95412947536 	-0.11449521031 	0.0982837281747
9.48 	0 	0.83984962406 	3.37649073346 	-0.209626549044 	0.610118825484 	2.95412947536 	-0.11449521031 	0.0982837281747
9.48 	0 	0.830827067669 	3.54666273407 	-0.369898449417 	0.476185026992 	2.94055000052 	-0.105668564245 	0.106274561854
9.48 	0 	0.821804511278 	3.57207952981 	-0.375436003081 	0.581413530008 	2.96292646283 	-0.09757888079 	0.0923078217694
9.48 	0 	0.812781954887 	3.57207952981 	-0.375436003081 	0.581413530008 	2.96292646283 	-0.09757888079 	0.0923078217694
9.48 	0 	0.803759398496 	3.57207952981 	-0.375436003081 	0.581413530008 	2.96292646283 	-0.09757888079 	0.0923078217694
9.48 	0 	0.794736842105 	3.57207952981 	-0.375436003081 	0.581413530008 	2.96292646283 	-0.09757888079 	0.0923078217694
9.48 	0 	0.785714285714 	3.35465655679 	-0.32723768626 	0.233187071215 	2.97941626153 	-0.0829495035229 	0.082294530791
9.48 	0 	0.776691729323 	3.35465655679 	-0.32723768626 	0.233187071215 	2.97941626153 	-0.0829495035229 	0.082294530791
9.48 	0 	0.767669172932 	3.35465655679 	-0.32723768626 	0.233187071215 	2.97941626153 	-0.0829495035229 	0.082294530791
9.48 	0 	0.758646616541 	3.31271378124 	-0.177747916912 	0.157532118592 	2.98403995075 	-0.0860450270858 	0.0792824079563
9.48 	0 	0.74962406015 	3.31271378124 	-0.177747916912 	0.157532118592 	2.98403995075 	-0.0860450270858 	0.0792824079563
9.48 	0 	0.740601503759 	3.31271378124 	-0.177747916912 	0.157532118592 	2.98403995075 	-0.0860450270858 	0.0792824079563
9.48 	0 	0.731578947368 	3.31271378124 	-0.177747916912 	0.157532118592 	2.98403995075 	-0.0860450270858 	0.0792824079563
9.48 	0 	0.722556390977 	3.44359157379 	-0.0441210006446 	0.201934112168 	2.99930445664 	-0.0839350127435 	0.0629287230769
9.48 	0 	0.713533834586 	3.44359157379 	-0.0441210006446 	0.201934112168 	2.99930445664 	-0.0839350127435 	0.0629287230769
9.48 	0 	0.704511278195 	3.44359157379 	-0.0441210006446 	0.201934112168 	2.99930445664 	-0.0839350127435 	0.0629287230769
9.48 	0 	0.695488721804 	3.34681614908 	-0.0584052684377 	0.405133059389 	3.01310045286 	-0.0778113786465 	0.0594749252483
9.48 	0 	0.686466165414 	3.34681614908 	-0.0584052684377 	0.405133059389 	3.01310045286 	-0.0778113786465 	0.0594749252483
9.48 	0 	0.677443609023 	3.34681614908 	-0.0584052684377 	0.405133059389 	3.01310045286 	-0.0778113786465 	0.0594749252483
9.48 	0 	0.668421052632 	3.34681614908 	-0.0584052684377 	0.405133059389 	3.01310045286 	-0.0778113786465 	0.0594749252483
9.48 	0 	0.659398496241 	3.60471104854 	-0.315579959118 	0.334979284519 	3.01365232028 	-0.0796361777586 	0.0440081098118
9.48 	0 	0.65037593985 	3.60471104854 	-0.315579959118 	0.334979284519 	3.01365232028 	-0.0796361777586 	0.0440081098118
9.48 	0 	0.641353383459 	3.60471104854 	-0.315579959118 	0.334979284519 	3.01365232028 	-0.0796361777586 	0.0440081098118
9.48 	0 	0.632330827068 	3.43173889415 	-0.358302464643 	0.274821767369 	3.01189851968 	-0.0654969654518 	0.0417314676213
9.48 	0 	0.623308270677 	3.43173889415 	-0.358302464643 	0.274821767369 	3.01189851968 	-0.0654969654518 	0.0417314676213
9.48 	0 	0.614285714286 	3.43173889415 	-0.358302464643 	0.274821767369 	3.01189851968 	-0.0654969654518 	0.0417314676213
9.48 	0 	0.605263157895 	3.43173889415 	-0.358302464643 	0.274821767369 	3.01189851968 	-0.0654969654518 	0.0417314676213
9.48 	0 	0.596240601504 	3.37264633199 	-0.0132950840665 	0.446887838679 	3.01049389165 	-0.0512810037178 	0.0256006985111
9.48 	0 	0.587218045113 	3.37264633199 	-0.0132950840665 	0.446887838679 	3.01049389165 	-0.0512810037178 	0.0256006985111
9.48 	0 	0.578195488722 	3.37264633199 	-0.0132950840665 	0.446887838679 	3.01049389165 	-0.0512810037178 	0.0256006985111
9.48 	0 	0.569172932331 	3.48886447769 	0.134987488225 	0.203052393499 	2.99762687595 	-0.0436743370501 	0.0222527911639
9.48 	0 	0.56015037594 	3.48886447769 	0.134987488225 	0.203052393499 	2.99762687595 	-0.0436743370501 	0.0222527911639
9.48 	0 	0.551127819549 	3.48886447769 	0.134987488225 	0.203052393499 	2.99762687595 	-0.0436743370501 	0.0222527911639
9.48 	0 	0.542105263158 	3.48886447769 	0.134987488225 	0.203052393499 	2.99762687595 	-0.0436743370501 	0.0222527911639
9.48 	0 	0.533082706767 	3.25184206666 	0.225115288595 	0.338376142037 	2.95785576093 	-0.0329057806433 	0.0179506164965
9.48 	0 	0.524060150376 	3.25184206666 	0.225115288595 	0.338376142037 	2.95785576093 	-0.0329057806433 	0.0179506164965
9.48 	0 	0.515037593985 	3.25184206666 	0.225115288595 	0.338376142037 	2.95785576093 	-0.0329057806433 	0.0179506164965
9.48 	0 	0.506015037594 	2.90406538914 	0.0598582825695 	0.409170275768 	2.90897970858 	-0.0223528424949 	0.0170974027455
9.48 	0 	0.496992481203 	2.90406538914 	0.0598582825695 	0.409170275768 	2.90897970858 	-0.0223528424949 	0.0170974027455
9.48 	0 	0.487969924812 	2.90406538914 	0.0598582825695 	0.409170275768 	2.90897970858 	-0.0223528424949 	0.0170974027455
9.48 	0 	0.478947368421 	2.90406538914 	0.0598582825695 	0.409170275768 	2.90897970858 	-0.0223528424949 	0.0170974027455
9.48 	0 	0.46992481203 	2.45363209764 	-0.013765892335 	0.314664779549 	2.86727061821 	-0.0248171801884 	0.0116283690706
9.48 	0 	0.460902255639 	2.45363209764 	-0.013765892335 	0.314664779549 	2.86727061821 	-0.0248171801884 	0.0116283690706
9.48 	0 	0.451879699248 	2.45363209764 	-0.013765892335 	0.314664779549 	2.86727061821 	-0.0248171801884 	0.0116283690706
9.48 	0 	0.442857142857 	2.37693439791 	-0.357389815119 	0.344068442364 	2.82177954778 	-0.0339347932282 	-0.000643785869504
9.48 	0 	0.433834586466 	2.37693439791 	-0.357389815119 	0.344068442364 	2.82177954778 	-0.0339347932282 	-0.000643785869504
9.48 	0 	0.424812030075 	2.37693439791 	-0.357389815119 	0.344068442364 	2.82177954778 	-0.0339347932282 	-0.000643785869504
9.48 	0 	0.415789473684 	2.37693439791 	-0.357389815119 	0.344068442364 	2.82177954778 	-0.0339347932282 	-0.000643785869504
9.48 	0 	0.406766917293 	2.46256515822 	-0.250665494502 	0.211364377878 	2.77312118772 	-0.0312758251914 	0.00485927806387
9.48 	0 	0.397744360902 	2.46256515822 	-0.250665494502 	0.211364377878 	2.77312118772 	-0.0312758251914 	0.00485927806387
9.48 	0 	0.388721804511 	2.46256515822 	-0.250665494502 	0.211364377878 	2.77312118772 	-0.0312758251914 	0.00485927806387
9.48 	0 	0.37969924812 	2.51403240709 	-0.355064288112 	0.158313762506 	2.71145679453 	-0.0284938362324 	0.00738578790268
9.48 	0 	0.370676691729 	2.51403240709 	-0.355064288112 	0.158313762506 	2.71145679453 	-0.0284938362324 	0.00738578790268
9.48 	0 	0.361654135338 	2.51403240709 	-0.355064288112 	0.158313762506 	2.71145679453 	-0.0284938362324 	0.00738578790268
9.48 	0 	0.352631578947 	2.51403240709 	-0.355064288112 	0.158313762506 	2.71145679453 	-0.0284938362324 	0.00738578790268
9.48 	0 	0.343609022556 	2.36015868511 	-0.424369656986 	0.140303727794 	2.65590014014 	-0.0241396494266 	0.00755869259341
9.48 	0 	0.334586466165 	2.36015868511 	-0.424369656986 	0.140303727794 	2.65590014014 	-0.0241396494266 	0.00755869259341
9.48 	0 	0.325563909774 	2.36015868511 	-0.424369656986 	0.140303727794 	2.65590014014 	-0.0241396494266 	0.00755869259341
9.48 	0 	0.316541353383 	2.3257835537 	-0.358620035714 	0.065630136741 	2.57784458075 	-0.00748111314458 	0.0128864232115
9.48 	0 	0.307518796992 	2.3257835537 	-0.358620035714 	0.065630136741 	2.57784458075 	-0.00748111314458 	0.0128864232115
9.48 	0 	0.298496240601 	2.3257835537 	-0.358620035714 	0.065630136741 	2.57784458075 	-0.00748111314458 	0.0128864232115
9.48 	0 	0.289473684211 	2.3257835537 	-0.358620035714 	0.065630136741 	2.57784458075 	-0.00748111314458 	0.0128864232115
9.48 	0 	0.28045112782 	2.16138541979 	-0.497379042173 	-0.103005186392 	2.47539799756 	0.00768595358954 	0.0131361873736
9.48 	0 	0.271428571429 	2.16138541979 	-0.497379042173 	-0.103005186392 	2.47539799756 	0.00768595358954 	0.0131361873736
9.48 	0 	0.262406015038 	2.16138541979 	-0.497379042173 	-0.103005186392 	2.47539799756 	0.00768595358954 	0.0131361873736
9.48 	0 	0.253383458647 	2.16138541979 	-0.497379042173 	-0.103005186392 	2.47539799756 	0.00768595358954 	0.0131361873736
9.48 	0 	0.244360902256 	2.77579334639 	-0.184261746356 	-0.29683528635 	2.30216828912 	0.0291311130029 	0.0141317981157
9.48 	0 	0.235338345865 	2.77579334639 	-0.184261746356 	-0.29683528635 	2.30216828912 	0.0291311130029 	0.0141317981157
9.48 	0 	0.226315789474 	2.77579334639 	-0.184261746356 	-0.29683528635 	2.30216828912 	0.0291311130029 	0.0141317981157
9.48 	0 	0.217293233083 	2.77579334639 	-0.184261746356 	-0.29683528635 	2.30216828912 	0.0291311130029 	0.0141317981157
9.48 	0 	0.208270676692 	2.77579334639 	-0.184261746356 	-0.29683528635 	2.30216828912 	0.0291311130029 	0.0141317981157
9.48 	0 	0.199248120301 	2.77579334639 	-0.184261746356 	-0.29683528635 	2.30216828912 	0.0291311130029 	0.0141317981157
9.48 	0 	0.19022556391 	2.77579334639 	-0.184261746356 	-0.29683528635 	2.30216828912 	0.0291311130029 	0.0141317981157
9.48 	0 	0.181203007519 	2.5880026248 	0.13287625275 	0.0267281500473 	2.12074009882 	0.0491291905062 	0.0128787886731
9.48 	0 	0.172180451128 	2.5880026248 	0.13287625275 	0.0267281500473 	2.12074009882 	0.0491291905062 	0.0128787886731
9.48 	0 	0.163157894737 	2.5880026248 	0.13287625275 	0.0267281500473 	2.12074009882 	0.0491291905062 	0.0128787886731
9.48 	0 	0.154135338346 	2.5880026248 	0.13287625275 	0.0267281500473 	2.12074009882 	0.0491291905062 	0.0128787886731
9.48 	0 	0.145112781955 	2.5880026248 	0.13287625275 	0.0267281500473 	2.12074009882 	0.0491291905062 	0.0128787886731
9.48 	0 	0.136090225564 	2.5880026248 	0.13287625275 	0.0267281500473 	2.12074009882 	0.0491291905062 	0.0128787886731
9.48 	0 	0.127067669173 	2.5880026248 	0.13287625275 	0.0267281500473 	2.12074009882 	0.0491291905062 	0.0128787886731
9.48 	0 	0.118045112782 	2.33262408379 	0.492549016795 	-0.0418147695702 	1.8701403188 	0.0316299736605 	-0.00265060050818
9.48 	0 	0.109022556391 	2.33262408379 	0.492549016795 	-0.0418147695702 	1.8701403188 	0.0316299736605 	-0.00265060050818
9.48 	0 	0.1 	2.33262408379 	0.492549016795 	-0.0418147695702 	1.8701403188 	0.0316299736605 	-0.00265060050818
