16.59 	0 	3.7 	2.29369280984 	0.192085663341 	0.0823972287628 	2.38553339006 	0.0787544052586 	0.0027637045602
16.59 	0 	3.69097744361 	2.29369280984 	0.192085663341 	0.0823972287628 	2.38553339006 	0.0787544052586 	0.0027637045602
16.59 	0 	3.68195488722 	2.29369280984 	0.192085663341 	0.0823972287628 	2.38553339006 	0.0787544052586 	0.0027637045602
16.59 	0 	3.67293233083 	2.28008501503 	-0.187085893266 	0.0134283249632 	2.49265984734 	0.0963249582158 	0.0087679432528
16.59 	0 	3.66390977444 	2.28008501503 	-0.187085893266 	0.0134283249632 	2.49265984734 	0.0963249582158 	0.0087679432528
16.59 	0 	3.65488721805 	2.28008501503 	-0.187085893266 	0.0134283249632 	2.49265984734 	0.0963249582158 	0.0087679432528
16.59 	0 	3.64586466165 	2.28008501503 	-0.187085893266 	0.0134283249632 	2.49265984734 	0.0963249582158 	0.0087679432528
16.59 	0 	3.63684210526 	2.17278871296 	-0.244006033019 	0.3499159898 	2.56861560637 	0.100471892481 	0.00985590149885
16.59 	0 	3.62781954887 	2.17278871296 	-0.244006033019 	0.3499159898 	2.56861560637 	0.100471892481 	0.00985590149885
16.59 	0 	3.61879699248 	2.17278871296 	-0.244006033019 	0.3499159898 	2.56861560637 	0.100471892481 	0.00985590149885
16.59 	0 	3.60977443609 	2.15051114649 	-0.171830022454 	0.207473487504 	2.60259153302 	0.114123652682 	0.0101955581466
16.59 	0 	3.6007518797 	2.15051114649 	-0.171830022454 	0.207473487504 	2.60259153302 	0.114123652682 	0.0101955581466
16.59 	0 	3.59172932331 	2.15051114649 	-0.171830022454 	0.207473487504 	2.60259153302 	0.114123652682 	0.0101955581466
16.59 	0 	3.58270676692 	2.15051114649 	-0.171830022454 	0.207473487504 	2.60259153302 	0.114123652682 	0.0101955581466
16.59 	0 	3.57368421053 	2.34382870662 	-0.0603492101885 	0.353702318369 	2.62804129886 	0.11180254149 	0.0164619977517
16.59 	0 	3.56466165414 	2.34382870662 	-0.0603492101885 	0.353702318369 	2.62804129886 	0.11180254149 	0.0164619977517
16.59 	0 	3.55563909774 	2.34382870662 	-0.0603492101885 	0.353702318369 	2.62804129886 	0.11180254149 	0.0164619977517
16.59 	0 	3.54661654135 	2.45550799238 	0.127088831235 	0.376498594732 	2.65265958617 	0.106864659538 	0.00931384679179
16.59 	0 	3.53759398496 	2.45550799238 	0.127088831235 	0.376498594732 	2.65265958617 	0.106864659538 	0.00931384679179
16.59 	0 	3.52857142857 	2.45550799238 	0.127088831235 	0.376498594732 	2.65265958617 	0.106864659538 	0.00931384679179
16.59 	0 	3.51954887218 	2.45550799238 	0.127088831235 	0.376498594732 	2.65265958617 	0.106864659538 	0.00931384679179
16.59 	0 	3.51052631579 	2.39194199676 	0.28887146357 	0.343869550412 	2.68190682605 	0.11494046727 	0.023410105832
16.59 	0 	3.5015037594 	2.39194199676 	0.28887146357 	0.343869550412 	2.68190682605 	0.11494046727 	0.023410105832
16.59 	0 	3.49248120301 	2.39194199676 	0.28887146357 	0.343869550412 	2.68190682605 	0.11494046727 	0.023410105832
16.59 	0 	3.48345864662 	2.39194199676 	0.28887146357 	0.343869550412 	2.68190682605 	0.11494046727 	0.023410105832
16.59 	0 	3.47443609023 	2.07884340878 	0.347971978323 	0.328467314256 	2.68251649378 	0.118610094776 	0.0260714174585
16.59 	0 	3.46541353383 	2.07884340878 	0.347971978323 	0.328467314256 	2.68251649378 	0.118610094776 	0.0260714174585
16.59 	0 	3.45639097744 	2.07884340878 	0.347971978323 	0.328467314256 	2.68251649378 	0.118610094776 	0.0260714174585
16.59 	0 	3.44736842105 	2.07379448535 	0.175782529425 	0.217441632571 	2.66292570282 	0.110997242323 	0.0230238523922
16.59 	0 	3.43834586466 	2.07379448535 	0.175782529425 	0.217441632571 	2.66292570282 	0.110997242323 	0.0230238523922
16.59 	0 	3.42932330827 	2.07379448535 	0.175782529425 	0.217441632571 	2.66292570282 	0.110997242323 	0.0230238523922
16.59 	0 	3.42030075188 	2.07379448535 	0.175782529425 	0.217441632571 	2.66292570282 	0.110997242323 	0.0230238523922
16.59 	0 	3.41127819549 	2.00248233586 	0.259779097381 	0.0490442368038 	2.6561283761 	0.10565018009 	0.0233276287987
16.59 	0 	3.4022556391 	2.00248233586 	0.259779097381 	0.0490442368038 	2.6561283761 	0.10565018009 	0.0233276287987
16.59 	0 	3.39323308271 	2.00248233586 	0.259779097381 	0.0490442368038 	2.6561283761 	0.10565018009 	0.0233276287987
16.59 	0 	3.38421052632 	2.07938969273 	0.135139651873 	0.225719148408 	2.65256182501 	0.094067169939 	0.0271310988882
16.59 	0 	3.37518796992 	2.07938969273 	0.135139651873 	0.225719148408 	2.65256182501 	0.094067169939 	0.0271310988882
16.59 	0 	3.36616541353 	2.07938969273 	0.135139651873 	0.225719148408 	2.65256182501 	0.094067169939 	0.0271310988882
16.59 	0 	3.35714285714 	2.07938969273 	0.135139651873 	0.225719148408 	2.65256182501 	0.094067169939 	0.0271310988882
16.59 	0 	3.34812030075 	2.25494834088 	0.0664895962362 	0.317450505243 	2.65824076122 	0.0875577404949 	0.0346871312718
16.59 	0 	3.33909774436 	2.25494834088 	0.0664895962362 	0.317450505243 	2.65824076122 	0.0875577404949 	0.0346871312718
16.59 	0 	3.33007518797 	2.25494834088 	0.0664895962362 	0.317450505243 	2.65824076122 	0.0875577404949 	0.0346871312718
16.59 	0 	3.32105263158 	2.06759306255 	0.19109605587 	0.315295571093 	2.65138720974 	0.0823996837767 	0.0312482188887
16.59 	0 	3.31203007519 	2.06759306255 	0.19109605587 	0.315295571093 	2.65138720974 	0.0823996837767 	0.0312482188887
16.59 	0 	3.3030075188 	2.06759306255 	0.19109605587 	0.315295571093 	2.65138720974 	0.0823996837767 	0.0312482188887
16.59 	0 	3.29398496241 	2.06759306255 	0.19109605587 	0.315295571093 	2.65138720974 	0.0823996837767 	0.0312482188887
16.59 	0 	3.28496240602 	1.93201135568 	0.335993504689 	0.292480686171 	2.64241221576 	0.0705790298134 	0.0369609803122
16.59 	0 	3.27593984962 	1.93201135568 	0.335993504689 	0.292480686171 	2.64241221576 	0.0705790298134 	0.0369609803122
16.59 	0 	3.26691729323 	1.93201135568 	0.335993504689 	0.292480686171 	2.64241221576 	0.0705790298134 	0.0369609803122
16.59 	0 	3.25789473684 	1.98442805222 	0.298844045073 	0.212491951921 	2.64328847801 	0.0826024096301 	0.037462083622
16.59 	0 	3.24887218045 	1.98442805222 	0.298844045073 	0.212491951921 	2.64328847801 	0.0826024096301 	0.037462083622
16.59 	0 	3.23984962406 	1.98442805222 	0.298844045073 	0.212491951921 	2.64328847801 	0.0826024096301 	0.037462083622
16.59 	0 	3.23082706767 	1.98442805222 	0.298844045073 	0.212491951921 	2.64328847801 	0.0826024096301 	0.037462083622
16.59 	0 	3.22180451128 	2.12595209647 	0.268658416243 	0.377103419671 	2.62555838168 	0.0875028746742 	0.0460775988945
16.59 	0 	3.21278195489 	2.12595209647 	0.268658416243 	0.377103419671 	2.62555838168 	0.0875028746742 	0.0460775988945
16.59 	0 	3.2037593985 	2.12595209647 	0.268658416243 	0.377103419671 	2.62555838168 	0.0875028746742 	0.0460775988945
16.59 	0 	3.19473684211 	2.26609665739 	0.369770483201 	0.382664181301 	2.61851177126 	0.100673147982 	0.0398498590325
16.59 	0 	3.18571428571 	2.26609665739 	0.369770483201 	0.382664181301 	2.61851177126 	0.100673147982 	0.0398498590325
16.59 	0 	3.17669172932 	2.26609665739 	0.369770483201 	0.382664181301 	2.61851177126 	0.100673147982 	0.0398498590325
16.59 	0 	3.16766917293 	2.26609665739 	0.369770483201 	0.382664181301 	2.61851177126 	0.100673147982 	0.0398498590325
16.59 	0 	3.15864661654 	2.47347318384 	0.652146217006 	0.395078758834 	2.59621750923 	0.092647519363 	0.0426016090248
16.59 	0 	3.14962406015 	2.47347318384 	0.652146217006 	0.395078758834 	2.59621750923 	0.092647519363 	0.0426016090248
16.59 	0 	3.14060150376 	2.47347318384 	0.652146217006 	0.395078758834 	2.59621750923 	0.092647519363 	0.0426016090248
16.59 	0 	3.13157894737 	2.53545002368 	0.771694145702 	0.331027305616 	2.58527286606 	0.0822420348192 	0.0400524649677
16.59 	0 	3.12255639098 	2.53545002368 	0.771694145702 	0.331027305616 	2.58527286606 	0.0822420348192 	0.0400524649677
16.59 	0 	3.11353383459 	2.53545002368 	0.771694145702 	0.331027305616 	2.58527286606 	0.0822420348192 	0.0400524649677
16.59 	0 	3.1045112782 	2.53545002368 	0.771694145702 	0.331027305616 	2.58527286606 	0.0822420348192 	0.0400524649677
16.59 	0 	3.0954887218 	2.59224409114 	0.440149493154 	0.404831459742 	2.59482542937 	0.0829482956321 	0.0413153654071
16.59 	0 	3.08646616541 	2.59224409114 	0.440149493154 	0.404831459742 	2.59482542937 	0.0829482956321 	0.0413153654071
16.59 	0 	3.07744360902 	2.59224409114 	0.440149493154 	0.404831459742 	2.59482542937 	0.0829482956321 	0.0413153654071
16.59 	0 	3.06842105263 	2.53466685414 	0.211963922046 	0.354878250051 	2.58782862434 	0.0903852525606 	0.0433522277759
16.59 	0 	3.05939849624 	2.53466685414 	0.211963922046 	0.354878250051 	2.58782862434 	0.0903852525606 	0.0433522277759
16.59 	0 	3.05037593985 	2.53466685414 	0.211963922046 	0.354878250051 	2.58782862434 	0.0903852525606 	0.0433522277759
16.59 	0 	3.04135338346 	2.53466685414 	0.211963922046 	0.354878250051 	2.58782862434 	0.0903852525606 	0.0433522277759
16.59 	0 	3.03233082707 	2.4978689218 	0.252646678583 	0.303301287954 	2.57144462549 	0.0857436480201 	0.038704337058
16.59 	0 	3.02330827068 	2.4978689218 	0.252646678583 	0.303301287954 	2.57144462549 	0.0857436480201 	0.038704337058
16.59 	0 	3.01428571429 	2.4978689218 	0.252646678583 	0.303301287954 	2.57144462549 	0.0857436480201 	0.038704337058
16.59 	0 	3.00526315789 	2.5752974158 	0.352621510905 	0.304301105874 	2.55715860339 	0.0812500557878 	0.0421833619658
16.59 	0 	2.9962406015 	2.5752974158 	0.352621510905 	0.304301105874 	2.55715860339 	0.0812500557878 	0.0421833619658
16.59 	0 	2.98721804511 	2.5752974158 	0.352621510905 	0.304301105874 	2.55715860339 	0.0812500557878 	0.0421833619658
16.59 	0 	2.97819548872 	2.5752974158 	0.352621510905 	0.304301105874 	2.55715860339 	0.0812500557878 	0.0421833619658
16.59 	0 	2.96917293233 	2.63397168916 	0.364586448229 	0.231592817744 	2.55172671213 	0.0894469201499 	0.0497038537132
16.59 	0 	2.96015037594 	2.63397168916 	0.364586448229 	0.231592817744 	2.55172671213 	0.0894469201499 	0.0497038537132
16.59 	0 	2.95112781955 	2.63397168916 	0.364586448229 	0.231592817744 	2.55172671213 	0.0894469201499 	0.0497038537132
16.59 	0 	2.94210526316 	2.83197766901 	0.416616695299 	0.195363655343 	2.55453542956 	0.0863164067323 	0.04862221801
16.59 	0 	2.93308270677 	2.83197766901 	0.416616695299 	0.195363655343 	2.55453542956 	0.0863164067323 	0.04862221801
16.59 	0 	2.92406015038 	2.83197766901 	0.416616695299 	0.195363655343 	2.55453542956 	0.0863164067323 	0.04862221801
16.59 	0 	2.91503759398 	2.83197766901 	0.416616695299 	0.195363655343 	2.55453542956 	0.0863164067323 	0.04862221801
16.59 	0 	2.90601503759 	2.87603477299 	0.510465876807 	0.321933722019 	2.55239204041 	0.0873775546332 	0.0475836414029
16.59 	0 	2.8969924812 	2.87603477299 	0.510465876807 	0.321933722019 	2.55239204041 	0.0873775546332 	0.0475836414029
16.59 	0 	2.88796992481 	2.87603477299 	0.510465876807 	0.321933722019 	2.55239204041 	0.0873775546332 	0.0475836414029
16.59 	0 	2.87894736842 	3.24666361912 	0.611294953186 	0.259295103844 	2.54820771664 	0.0818749563511 	0.0421390642801
16.59 	0 	2.86992481203 	3.24666361912 	0.611294953186 	0.259295103844 	2.54820771664 	0.0818749563511 	0.0421390642801
16.59 	0 	2.86090225564 	3.24666361912 	0.611294953186 	0.259295103844 	2.54820771664 	0.0818749563511 	0.0421390642801
16.59 	0 	2.85187969925 	3.24666361912 	0.611294953186 	0.259295103844 	2.54820771664 	0.0818749563511 	0.0421390642801
16.59 	0 	2.84285714286 	3.49357281746 	0.746579314561 	0.407912540179 	2.52361834649 	0.0804034742352 	0.045197150385
16.59 	0 	2.83383458647 	3.49357281746 	0.746579314561 	0.407912540179 	2.52361834649 	0.0804034742352 	0.045197150385
16.59 	0 	2.82481203008 	3.49357281746 	0.746579314561 	0.407912540179 	2.52361834649 	0.0804034742352 	0.045197150385
16.59 	0 	2.81578947368 	3.10641044617 	0.446277179002 	0.209157967964 	2.50874279494 	0.0922229593641 	0.0451720350831
16.59 	0 	2.80676691729 	3.10641044617 	0.446277179002 	0.209157967964 	2.50874279494 	0.0922229593641 	0.0451720350831
16.59 	0 	2.7977443609 	3.10641044617 	0.446277179002 	0.209157967964 	2.50874279494 	0.0922229593641 	0.0451720350831
16.59 	0 	2.78872180451 	3.10641044617 	0.446277179002 	0.209157967964 	2.50874279494 	0.0922229593641 	0.0451720350831
16.59 	0 	2.77969924812 	2.65961537296 	0.511374703145 	0.103174549341 	2.48473829098 	0.0931828367768 	0.0475006717679
16.59 	0 	2.77067669173 	2.65961537296 	0.511374703145 	0.103174549341 	2.48473829098 	0.0931828367768 	0.0475006717679
16.59 	0 	2.76165413534 	2.65961537296 	0.511374703145 	0.103174549341 	2.48473829098 	0.0931828367768 	0.0475006717679
16.59 	0 	2.75263157895 	3.1293446084 	0.501695080637 	-0.175646766558 	2.48791192866 	0.0991920396846 	0.0575998428259
16.59 	0 	2.74360902256 	3.1293446084 	0.501695080637 	-0.175646766558 	2.48791192866 	0.0991920396846 	0.0575998428259
16.59 	0 	2.73458646617 	3.1293446084 	0.501695080637 	-0.175646766558 	2.48791192866 	0.0991920396846 	0.0575998428259
16.59 	0 	2.72556390977 	3.1293446084 	0.501695080637 	-0.175646766558 	2.48791192866 	0.0991920396846 	0.0575998428259
16.59 	0 	2.71654135338 	3.0471621933 	0.412378357986 	-0.141258983845 	2.49180548628 	0.0850495635172 	0.0540944808088
16.59 	0 	2.70751879699 	3.0471621933 	0.412378357986 	-0.141258983845 	2.49180548628 	0.0850495635172 	0.0540944808088
16.59 	0 	2.6984962406 	3.0471621933 	0.412378357986 	-0.141258983845 	2.49180548628 	0.0850495635172 	0.0540944808088
16.59 	0 	2.68947368421 	3.07806139972 	0.29542107682 	-0.0818017204519 	2.48785341941 	0.0799454906505 	0.0592635590855
16.59 	0 	2.68045112782 	3.07806139972 	0.29542107682 	-0.0818017204519 	2.48785341941 	0.0799454906505 	0.0592635590855
16.59 	0 	2.67142857143 	3.07806139972 	0.29542107682 	-0.0818017204519 	2.48785341941 	0.0799454906505 	0.0592635590855
16.59 	0 	2.66240601504 	3.07806139972 	0.29542107682 	-0.0818017204519 	2.48785341941 	0.0799454906505 	0.0592635590855
16.59 	0 	2.65338345865 	3.11959424441 	0.355439702067 	-0.230652831017 	2.48205840441 	0.0761671521168 	0.0593883136165
16.59 	0 	2.64436090226 	3.11959424441 	0.355439702067 	-0.230652831017 	2.48205840441 	0.0761671521168 	0.0593883136165
16.59 	0 	2.63533834586 	3.11959424441 	0.355439702067 	-0.230652831017 	2.48205840441 	0.0761671521168 	0.0593883136165
16.59 	0 	2.62631578947 	3.47765349925 	0.433022484882 	-0.0283903681307 	2.46064051817 	0.0671118171134 	0.0596037278341
16.59 	0 	2.61729323308 	3.47765349925 	0.433022484882 	-0.0283903681307 	2.46064051817 	0.0671118171134 	0.0596037278341
16.59 	0 	2.60827067669 	3.47765349925 	0.433022484882 	-0.0283903681307 	2.46064051817 	0.0671118171134 	0.0596037278341
16.59 	0 	2.5992481203 	3.47765349925 	0.433022484882 	-0.0283903681307 	2.46064051817 	0.0671118171134 	0.0596037278341
16.59 	0 	2.59022556391 	3.45610880034 	0.613124884089 	0.0200813883425 	2.45303282841 	0.0654652233876 	0.0640169238191
16.59 	0 	2.58120300752 	3.45610880034 	0.613124884089 	0.0200813883425 	2.45303282841 	0.0654652233876 	0.0640169238191
16.59 	0 	2.57218045113 	3.45610880034 	0.613124884089 	0.0200813883425 	2.45303282841 	0.0654652233876 	0.0640169238191
16.59 	0 	2.56315789474 	3.24904745457 	0.515450048902 	-0.314036372224 	2.43086222228 	0.0546519569807 	0.066885435875
16.59 	0 	2.55413533835 	3.24904745457 	0.515450048902 	-0.314036372224 	2.43086222228 	0.0546519569807 	0.066885435875
16.59 	0 	2.54511278195 	3.24904745457 	0.515450048902 	-0.314036372224 	2.43086222228 	0.0546519569807 	0.066885435875
16.59 	0 	2.53609022556 	3.24904745457 	0.515450048902 	-0.314036372224 	2.43086222228 	0.0546519569807 	0.066885435875
16.59 	0 	2.52706766917 	3.26364346698 	0.167947821861 	-0.461331884391 	2.4308710985 	0.0327542947204 	0.05876246499
16.59 	0 	2.51804511278 	3.26364346698 	0.167947821861 	-0.461331884391 	2.4308710985 	0.0327542947204 	0.05876246499
16.59 	0 	2.50902255639 	3.26364346698 	0.167947821861 	-0.461331884391 	2.4308710985 	0.0327542947204 	0.05876246499
16.59 	0 	2.5 	3.24245460684 	0.349508787485 	-0.368709599521 	2.41740635613 	0.0111060288452 	0.0605094867697
16.59 	0 	2.49097744361 	3.24245460684 	0.349508787485 	-0.368709599521 	2.41740635613 	0.0111060288452 	0.0605094867697
16.59 	0 	2.48195488722 	3.24245460684 	0.349508787485 	-0.368709599521 	2.41740635613 	0.0111060288452 	0.0605094867697
16.59 	0 	2.47293233083 	3.24245460684 	0.349508787485 	-0.368709599521 	2.41740635613 	0.0111060288452 	0.0605094867697
16.59 	0 	2.46390977444 	3.28241881872 	0.900963056613 	-0.342076848491 	2.40601327454 	0.0100721376324 	0.0506447223572
16.59 	0 	2.45488721805 	3.28241881872 	0.900963056613 	-0.342076848491 	2.40601327454 	0.0100721376324 	0.0506447223572
16.59 	0 	2.44586466165 	3.28241881872 	0.900963056613 	-0.342076848491 	2.40601327454 	0.0100721376324 	0.0506447223572
16.59 	0 	2.43684210526 	3.13843273065 	1.02634384202 	-0.0635170268405 	2.41444124923 	0.0108755985162 	0.0542147652905
16.59 	0 	2.42781954887 	3.13843273065 	1.02634384202 	-0.0635170268405 	2.41444124923 	0.0108755985162 	0.0542147652905
16.59 	0 	2.41879699248 	3.13843273065 	1.02634384202 	-0.0635170268405 	2.41444124923 	0.0108755985162 	0.0542147652905
16.59 	0 	2.40977443609 	3.13843273065 	1.02634384202 	-0.0635170268405 	2.41444124923 	0.0108755985162 	0.0542147652905
16.59 	0 	2.4007518797 	2.77668146271 	0.819292409646 	-0.0224232519311 	2.4288588589 	0.00629124879426 	0.0491111788974
16.59 	0 	2.39172932331 	2.77668146271 	0.819292409646 	-0.0224232519311 	2.4288588589 	0.00629124879426 	0.0491111788974
16.59 	0 	2.38270676692 	2.77668146271 	0.819292409646 	-0.0224232519311 	2.4288588589 	0.00629124879426 	0.0491111788974
16.59 	0 	2.37368421053 	2.75073830096 	0.517199098646 	-0.0519175495443 	2.43496992 	0.00825939863874 	0.0511206866442
16.59 	0 	2.36466165414 	2.75073830096 	0.517199098646 	-0.0519175495443 	2.43496992 	0.00825939863874 	0.0511206866442
16.59 	0 	2.35563909774 	2.75073830096 	0.517199098646 	-0.0519175495443 	2.43496992 	0.00825939863874 	0.0511206866442
16.59 	0 	2.34661654135 	2.75073830096 	0.517199098646 	-0.0519175495443 	2.43496992 	0.00825939863874 	0.0511206866442
16.59 	0 	2.33759398496 	3.12270233255 	-0.0184195004514 	-0.034579211705 	2.43894052396 	0.00733246063362 	0.0470887512793
16.59 	0 	2.32857142857 	3.12270233255 	-0.0184195004514 	-0.034579211705 	2.43894052396 	0.00733246063362 	0.0470887512793
16.59 	0 	2.31954887218 	3.12270233255 	-0.0184195004514 	-0.034579211705 	2.43894052396 	0.00733246063362 	0.0470887512793
16.59 	0 	2.31052631579 	2.77406253648 	0.0177125146525 	-0.121458275644 	2.44798545712 	-0.00509544263605 	0.0418065088447
16.59 	0 	2.3015037594 	2.77406253648 	0.0177125146525 	-0.121458275644 	2.44798545712 	-0.00509544263605 	0.0418065088447
16.59 	0 	2.29248120301 	2.77406253648 	0.0177125146525 	-0.121458275644 	2.44798545712 	-0.00509544263605 	0.0418065088447
16.59 	0 	2.28345864662 	2.77406253648 	0.0177125146525 	-0.121458275644 	2.44798545712 	-0.00509544263605 	0.0418065088447
16.59 	0 	2.27443609023 	2.56939726959 	-0.0245116869057 	-0.114935341811 	2.45554351369 	-0.0186942595023 	0.0413012232351
16.59 	0 	2.26541353383 	2.56939726959 	-0.0245116869057 	-0.114935341811 	2.45554351369 	-0.0186942595023 	0.0413012232351
16.59 	0 	2.25639097744 	2.56939726959 	-0.0245116869057 	-0.114935341811 	2.45554351369 	-0.0186942595023 	0.0413012232351
16.59 	0 	2.24736842105 	2.57103000239 	0.0503638831415 	-0.0926371475074 	2.45933758205 	-0.0310838715805 	0.0473587506702
16.59 	0 	2.23834586466 	2.57103000239 	0.0503638831415 	-0.0926371475074 	2.45933758205 	-0.0310838715805 	0.0473587506702
16.59 	0 	2.22932330827 	2.57103000239 	0.0503638831415 	-0.0926371475074 	2.45933758205 	-0.0310838715805 	0.0473587506702
16.59 	0 	2.22030075188 	2.57103000239 	0.0503638831415 	-0.0926371475074 	2.45933758205 	-0.0310838715805 	0.0473587506702
16.59 	0 	2.21127819549 	2.64208259288 	0.0899266003362 	-0.479508602627 	2.48366526191 	-0.0396690345189 	0.0468749722045
16.59 	0 	2.2022556391 	2.64208259288 	0.0899266003362 	-0.479508602627 	2.48366526191 	-0.0396690345189 	0.0468749722045
16.59 	0 	2.19323308271 	2.64208259288 	0.0899266003362 	-0.479508602627 	2.48366526191 	-0.0396690345189 	0.0468749722045
16.59 	0 	2.18421052632 	2.65038996626 	0.295793333551 	-0.284951807112 	2.5079378579 	-0.0519551329253 	0.0580841453828
16.59 	0 	2.17518796992 	2.65038996626 	0.295793333551 	-0.284951807112 	2.5079378579 	-0.0519551329253 	0.0580841453828
16.59 	0 	2.16616541353 	2.65038996626 	0.295793333551 	-0.284951807112 	2.5079378579 	-0.0519551329253 	0.0580841453828
16.59 	0 	2.15714285714 	2.65038996626 	0.295793333551 	-0.284951807112 	2.5079378579 	-0.0519551329253 	0.0580841453828
16.59 	0 	2.14812030075 	2.5139739397 	0.305635946026 	-0.0758615090033 	2.5238541135 	-0.0544123874112 	0.0516188434553
16.59 	0 	2.13909774436 	2.5139739397 	0.305635946026 	-0.0758615090033 	2.5238541135 	-0.0544123874112 	0.0516188434553
16.59 	0 	2.13007518797 	2.5139739397 	0.305635946026 	-0.0758615090033 	2.5238541135 	-0.0544123874112 	0.0516188434553
16.59 	0 	2.12105263158 	2.86000874746 	0.336362330728 	-0.263932804378 	2.53594195758 	-0.0620589032234 	0.04779174406
16.59 	0 	2.11203007519 	2.86000874746 	0.336362330728 	-0.263932804378 	2.53594195758 	-0.0620589032234 	0.04779174406
16.59 	0 	2.1030075188 	2.86000874746 	0.336362330728 	-0.263932804378 	2.53594195758 	-0.0620589032234 	0.04779174406
16.59 	0 	2.09398496241 	2.86000874746 	0.336362330728 	-0.263932804378 	2.53594195758 	-0.0620589032234 	0.04779174406
16.59 	0 	2.08496240602 	2.8578699504 	0.452952751162 	-0.332918690702 	2.54300373183 	-0.0734248640757 	0.04919227942
16.59 	0 	2.07593984962 	2.8578699504 	0.452952751162 	-0.332918690702 	2.54300373183 	-0.0734248640757 	0.04919227942
16.59 	0 	2.06691729323 	2.8578699504 	0.452952751162 	-0.332918690702 	2.54300373183 	-0.0734248640757 	0.04919227942
16.59 	0 	2.05789473684 	2.63484458262 	0.774163349014 	-0.288967344541 	2.54570096454 	-0.0828033333655 	0.0447570297266
16.59 	0 	2.04887218045 	2.63484458262 	0.774163349014 	-0.288967344541 	2.54570096454 	-0.0828033333655 	0.0447570297266
16.59 	0 	2.03984962406 	2.63484458262 	0.774163349014 	-0.288967344541 	2.54570096454 	-0.0828033333655 	0.0447570297266
16.59 	0 	2.03082706767 	2.63484458262 	0.774163349014 	-0.288967344541 	2.54570096454 	-0.0828033333655 	0.0447570297266
16.59 	0 	2.02180451128 	2.85157752372 	0.750411562667 	-0.471978857271 	2.56589348325 	-0.0902456255828 	0.0395147207093
16.59 	0 	2.01278195489 	2.85157752372 	0.750411562667 	-0.471978857271 	2.56589348325 	-0.0902456255828 	0.0395147207093
16.59 	0 	2.0037593985 	2.85157752372 	0.750411562667 	-0.471978857271 	2.56589348325 	-0.0902456255828 	0.0395147207093
16.59 	0 	1.99473684211 	2.94763107197 	0.960948739354 	-0.529429386405 	2.57568896349 	-0.0956306426813 	0.0345142477145
16.59 	0 	1.98571428571 	2.94763107197 	0.960948739354 	-0.529429386405 	2.57568896349 	-0.0956306426813 	0.0345142477145
16.59 	0 	1.97669172932 	2.94763107197 	0.960948739354 	-0.529429386405 	2.57568896349 	-0.0956306426813 	0.0345142477145
16.59 	0 	1.96766917293 	2.94763107197 	0.960948739354 	-0.529429386405 	2.57568896349 	-0.0956306426813 	0.0345142477145
16.59 	0 	1.95864661654 	3.03352102092 	0.74619815412 	-0.452624650472 	2.58707866639 	-0.0946737854475 	0.0294446023439
16.59 	0 	1.94962406015 	3.03352102092 	0.74619815412 	-0.452624650472 	2.58707866639 	-0.0946737854475 	0.0294446023439
16.59 	0 	1.94060150376 	3.03352102092 	0.74619815412 	-0.452624650472 	2.58707866639 	-0.0946737854475 	0.0294446023439
16.59 	0 	1.93157894737 	2.90725644683 	0.788483003431 	-0.361750988414 	2.61639522769 	-0.0903180191195 	0.0352162995602
16.59 	0 	1.92255639098 	2.90725644683 	0.788483003431 	-0.361750988414 	2.61639522769 	-0.0903180191195 	0.0352162995602
16.59 	0 	1.91353383459 	2.90725644683 	0.788483003431 	-0.361750988414 	2.61639522769 	-0.0903180191195 	0.0352162995602
16.59 	0 	1.9045112782 	2.90725644683 	0.788483003431 	-0.361750988414 	2.61639522769 	-0.0903180191195 	0.0352162995602
16.59 	0 	1.8954887218 	2.6912563227 	0.504808614224 	-0.609998227541 	2.64402030166 	-0.0763223149284 	0.0359517129797
16.59 	0 	1.88646616541 	2.6912563227 	0.504808614224 	-0.609998227541 	2.64402030166 	-0.0763223149284 	0.0359517129797
16.59 	0 	1.87744360902 	2.6912563227 	0.504808614224 	-0.609998227541 	2.64402030166 	-0.0763223149284 	0.0359517129797
16.59 	0 	1.86842105263 	2.6912563227 	0.504808614224 	-0.609998227541 	2.64402030166 	-0.0763223149284 	0.0359517129797
16.59 	0 	1.85939849624 	2.59505027796 	0.440648511182 	-0.488942624784 	2.65465594648 	-0.0738712537217 	0.0412052054217
16.59 	0 	1.85037593985 	2.59505027796 	0.440648511182 	-0.488942624784 	2.65465594648 	-0.0738712537217 	0.0412052054217
16.59 	0 	1.84135338346 	2.59505027796 	0.440648511182 	-0.488942624784 	2.65465594648 	-0.0738712537217 	0.0412052054217
16.59 	0 	1.83233082707 	2.71406429225 	0.370758327517 	-0.389647789389 	2.6621406672 	-0.0756269090071 	0.0433258410596
16.59 	0 	1.82330827068 	2.71406429225 	0.370758327517 	-0.389647789389 	2.6621406672 	-0.0756269090071 	0.0433258410596
16.59 	0 	1.81428571429 	2.71406429225 	0.370758327517 	-0.389647789389 	2.6621406672 	-0.0756269090071 	0.0433258410596
16.59 	0 	1.80526315789 	2.71406429225 	0.370758327517 	-0.389647789389 	2.6621406672 	-0.0756269090071 	0.0433258410596
16.59 	0 	1.7962406015 	2.57405368132 	0.33191724835 	-0.161389868076 	2.67103223552 	-0.0678246387591 	0.0473714607208
16.59 	0 	1.78721804511 	2.57405368132 	0.33191724835 	-0.161389868076 	2.67103223552 	-0.0678246387591 	0.0473714607208
16.59 	0 	1.77819548872 	2.57405368132 	0.33191724835 	-0.161389868076 	2.67103223552 	-0.0678246387591 	0.0473714607208
16.59 	0 	1.76917293233 	2.44212328776 	0.324889656579 	-0.0394679996956 	2.69842057739 	-0.0683531350077 	0.0525089643323
16.59 	0 	1.76015037594 	2.44212328776 	0.324889656579 	-0.0394679996956 	2.69842057739 	-0.0683531350077 	0.0525089643323
16.59 	0 	1.75112781955 	2.44212328776 	0.324889656579 	-0.0394679996956 	2.69842057739 	-0.0683531350077 	0.0525089643323
16.59 	0 	1.74210526316 	2.44212328776 	0.324889656579 	-0.0394679996956 	2.69842057739 	-0.0683531350077 	0.0525089643323
16.59 	0 	1.73308270677 	2.29589524168 	0.104506579005 	0.126835502539 	2.71686643125 	-0.0702863829137 	0.0587636113331
16.59 	0 	1.72406015038 	2.29589524168 	0.104506579005 	0.126835502539 	2.71686643125 	-0.0702863829137 	0.0587636113331
16.59 	0 	1.71503759398 	2.29589524168 	0.104506579005 	0.126835502539 	2.71686643125 	-0.0702863829137 	0.0587636113331
16.59 	0 	1.70601503759 	2.2555116877 	-0.0408678512548 	-0.238469154716 	2.73532462395 	-0.0742273699436 	0.0550987136143
16.59 	0 	1.6969924812 	2.2555116877 	-0.0408678512548 	-0.238469154716 	2.73532462395 	-0.0742273699436 	0.0550987136143
16.59 	0 	1.68796992481 	2.2555116877 	-0.0408678512548 	-0.238469154716 	2.73532462395 	-0.0742273699436 	0.0550987136143
16.59 	0 	1.67894736842 	2.2555116877 	-0.0408678512548 	-0.238469154716 	2.73532462395 	-0.0742273699436 	0.0550987136143
16.59 	0 	1.66992481203 	2.12275210366 	0.0982671076088 	-0.128180955469 	2.75136104144 	-0.0867595731252 	0.0526021820252
16.59 	0 	1.66090225564 	2.12275210366 	0.0982671076088 	-0.128180955469 	2.75136104144 	-0.0867595731252 	0.0526021820252
16.59 	0 	1.65187969925 	2.12275210366 	0.0982671076088 	-0.128180955469 	2.75136104144 	-0.0867595731252 	0.0526021820252
16.59 	0 	1.64285714286 	1.98576393293 	0.138421418775 	-0.150299264655 	2.7649703589 	-0.0863182165544 	0.0508950421783
16.59 	0 	1.63383458647 	1.98576393293 	0.138421418775 	-0.150299264655 	2.7649703589 	-0.0863182165544 	0.0508950421783
16.59 	0 	1.62481203008 	1.98576393293 	0.138421418775 	-0.150299264655 	2.7649703589 	-0.0863182165544 	0.0508950421783
16.59 	0 	1.61578947368 	1.98576393293 	0.138421418775 	-0.150299264655 	2.7649703589 	-0.0863182165544 	0.0508950421783
16.59 	0 	1.60676691729 	1.96273016771 	-0.143688102587 	-0.266110486657 	2.78649832871 	-0.073769471782 	0.0514472416555
16.59 	0 	1.5977443609 	1.96273016771 	-0.143688102587 	-0.266110486657 	2.78649832871 	-0.073769471782 	0.0514472416555
16.59 	0 	1.58872180451 	1.96273016771 	-0.143688102587 	-0.266110486657 	2.78649832871 	-0.073769471782 	0.0514472416555
16.59 	0 	1.57969924812 	2.05815074192 	-0.399104545026 	-0.148849831999 	2.80466894583 	-0.0689026561673 	0.0470851596492
16.59 	0 	1.57067669173 	2.05815074192 	-0.399104545026 	-0.148849831999 	2.80466894583 	-0.0689026561673 	0.0470851596492
16.59 	0 	1.56165413534 	2.05815074192 	-0.399104545026 	-0.148849831999 	2.80466894583 	-0.0689026561673 	0.0470851596492
16.59 	0 	1.55263157895 	2.05815074192 	-0.399104545026 	-0.148849831999 	2.80466894583 	-0.0689026561673 	0.0470851596492
16.59 	0 	1.54360902256 	2.22904772218 	-0.516282802964 	-0.109171384449 	2.81556628066 	-0.0668674934682 	0.0389209217265
16.59 	0 	1.53458646617 	2.22904772218 	-0.516282802964 	-0.109171384449 	2.81556628066 	-0.0668674934682 	0.0389209217265
16.59 	0 	1.52556390977 	2.22904772218 	-0.516282802964 	-0.109171384449 	2.81556628066 	-0.0668674934682 	0.0389209217265
16.59 	0 	1.51654135338 	2.33202468417 	-0.686424203145 	-0.100453646874 	2.83012542721 	-0.0627065516962 	0.036263578334
16.59 	0 	1.50751879699 	2.33202468417 	-0.686424203145 	-0.100453646874 	2.83012542721 	-0.0627065516962 	0.036263578334
16.59 	0 	1.4984962406 	2.33202468417 	-0.686424203145 	-0.100453646874 	2.83012542721 	-0.0627065516962 	0.036263578334
16.59 	0 	1.48947368421 	2.33202468417 	-0.686424203145 	-0.100453646874 	2.83012542721 	-0.0627065516962 	0.036263578334
16.59 	0 	1.48045112782 	2.37576789802 	-1.0303275268 	-0.249686276347 	2.84632605288 	-0.0591570805642 	0.0233750817964
16.59 	0 	1.47142857143 	2.37576789802 	-1.0303275268 	-0.249686276347 	2.84632605288 	-0.0591570805642 	0.0233750817964
16.59 	0 	1.46240601504 	2.37576789802 	-1.0303275268 	-0.249686276347 	2.84632605288 	-0.0591570805642 	0.0233750817964
16.59 	0 	1.45338345865 	2.49730342696 	-1.02492179151 	-0.523716375413 	2.86102253091 	-0.0561076907879 	0.0207020084693
16.59 	0 	1.44436090226 	2.49730342696 	-1.02492179151 	-0.523716375413 	2.86102253091 	-0.0561076907879 	0.0207020084693
16.59 	0 	1.43533834586 	2.49730342696 	-1.02492179151 	-0.523716375413 	2.86102253091 	-0.0561076907879 	0.0207020084693
16.59 	0 	1.42631578947 	2.49730342696 	-1.02492179151 	-0.523716375413 	2.86102253091 	-0.0561076907879 	0.0207020084693
16.59 	0 	1.41729323308 	2.5953595234 	-0.704266490773 	-0.169690299854 	2.8722734465 	-0.0634366321836 	0.0268676053851
16.59 	0 	1.40827067669 	2.5953595234 	-0.704266490773 	-0.169690299854 	2.8722734465 	-0.0634366321836 	0.0268676053851
16.59 	0 	1.3992481203 	2.5953595234 	-0.704266490773 	-0.169690299854 	2.8722734465 	-0.0634366321836 	0.0268676053851
16.59 	0 	1.39022556391 	2.40820293744 	-0.606091080257 	-0.16301011049 	2.88054832233 	-0.0619629109508 	0.0269149109746
16.59 	0 	1.38120300752 	2.40820293744 	-0.606091080257 	-0.16301011049 	2.88054832233 	-0.0619629109508 	0.0269149109746
16.59 	0 	1.37218045113 	2.40820293744 	-0.606091080257 	-0.16301011049 	2.88054832233 	-0.0619629109508 	0.0269149109746
16.59 	0 	1.36315789474 	2.40820293744 	-0.606091080257 	-0.16301011049 	2.88054832233 	-0.0619629109508 	0.0269149109746
16.59 	0 	1.35413533835 	2.62840575567 	-0.581196670801 	-0.372515413771 	2.89327125868 	-0.0585991063746 	0.0228900690476
16.59 	0 	1.34511278195 	2.62840575567 	-0.581196670801 	-0.372515413771 	2.89327125868 	-0.0585991063746 	0.0228900690476
16.59 	0 	1.33609022556 	2.62840575567 	-0.581196670801 	-0.372515413771 	2.89327125868 	-0.0585991063746 	0.0228900690476
16.59 	0 	1.32706766917 	2.60704136708 	-0.61986700025 	-0.243027846805 	2.89642804298 	-0.0590030108972 	0.0245827466415
16.59 	0 	1.31804511278 	2.60704136708 	-0.61986700025 	-0.243027846805 	2.89642804298 	-0.0590030108972 	0.0245827466415
16.59 	0 	1.30902255639 	2.60704136708 	-0.61986700025 	-0.243027846805 	2.89642804298 	-0.0590030108972 	0.0245827466415
16.59 	0 	1.3 	2.60704136708 	-0.61986700025 	-0.243027846805 	2.89642804298 	-0.0590030108972 	0.0245827466415
16.59 	0 	1.29097744361 	2.29909140972 	-0.640618317073 	-0.160068381582 	2.90175302027 	-0.0685768676564 	0.0211160514633
16.59 	0 	1.28195488722 	2.29909140972 	-0.640618317073 	-0.160068381582 	2.90175302027 	-0.0685768676564 	0.0211160514633
16.59 	0 	1.27293233083 	2.29909140972 	-0.640618317073 	-0.160068381582 	2.90175302027 	-0.0685768676564 	0.0211160514633
16.59 	0 	1.26390977444 	2.3594164285 	-0.556290312667 	0.13706956299 	2.92524504487 	-0.0748428529615 	0.0255161411598
16.59 	0 	1.25488721805 	2.3594164285 	-0.556290312667 	0.13706956299 	2.92524504487 	-0.0748428529615 	0.0255161411598
16.59 	0 	1.24586466165 	2.3594164285 	-0.556290312667 	0.13706956299 	2.92524504487 	-0.0748428529615 	0.0255161411598
16.59 	0 	1.23684210526 	2.3594164285 	-0.556290312667 	0.13706956299 	2.92524504487 	-0.0748428529615 	0.0255161411598
16.59 	0 	1.22781954887 	2.35842811264 	-0.498268060949 	0.147228731891 	2.93370873943 	-0.0618373363431 	0.026511825955
16.59 	0 	1.21879699248 	2.35842811264 	-0.498268060949 	0.147228731891 	2.93370873943 	-0.0618373363431 	0.026511825955
16.59 	0 	1.20977443609 	2.35842811264 	-0.498268060949 	0.147228731891 	2.93370873943 	-0.0618373363431 	0.026511825955
16.59 	0 	1.2007518797 	2.49518664122 	-0.529910020678 	0.0597855718345 	2.93442187079 	-0.0591113292955 	0.0294466832367
16.59 	0 	1.19172932331 	2.49518664122 	-0.529910020678 	0.0597855718345 	2.93442187079 	-0.0591113292955 	0.0294466832367
16.59 	0 	1.18270676692 	2.49518664122 	-0.529910020678 	0.0597855718345 	2.93442187079 	-0.0591113292955 	0.0294466832367
16.59 	0 	1.17368421053 	2.49518664122 	-0.529910020678 	0.0597855718345 	2.93442187079 	-0.0591113292955 	0.0294466832367
16.59 	0 	1.16466165414 	2.35112447441 	-0.492427278172 	0.121054911833 	2.94648819158 	-0.0604152306552 	0.0296607559949
16.59 	0 	1.15563909774 	2.35112447441 	-0.492427278172 	0.121054911833 	2.94648819158 	-0.0604152306552 	0.0296607559949
16.59 	0 	1.14661654135 	2.35112447441 	-0.492427278172 	0.121054911833 	2.94648819158 	-0.0604152306552 	0.0296607559949
16.59 	0 	1.13759398496 	2.13302379926 	-0.390415425472 	0.0682783628589 	2.94488635431 	-0.0596544778749 	0.0387771656286
16.59 	0 	1.12857142857 	2.13302379926 	-0.390415425472 	0.0682783628589 	2.94488635431 	-0.0596544778749 	0.0387771656286
16.59 	0 	1.11954887218 	2.13302379926 	-0.390415425472 	0.0682783628589 	2.94488635431 	-0.0596544778749 	0.0387771656286
16.59 	0 	1.11052631579 	2.13302379926 	-0.390415425472 	0.0682783628589 	2.94488635431 	-0.0596544778749 	0.0387771656286
16.59 	0 	1.1015037594 	2.01062603802 	-0.301929270313 	-0.111734024363 	2.96019293848 	-0.0617408118754 	0.039284447826
16.59 	0 	1.09248120301 	2.01062603802 	-0.301929270313 	-0.111734024363 	2.96019293848 	-0.0617408118754 	0.039284447826
16.59 	0 	1.08345864662 	2.01062603802 	-0.301929270313 	-0.111734024363 	2.96019293848 	-0.0617408118754 	0.039284447826
16.59 	0 	1.07443609023 	1.91760733744 	-0.213124471179 	-0.0212859812678 	2.96845311914 	-0.0524046723127 	0.0457667213793
16.59 	0 	1.06541353383 	1.91760733744 	-0.213124471179 	-0.0212859812678 	2.96845311914 	-0.0524046723127 	0.0457667213793
16.59 	0 	1.05639097744 	1.91760733744 	-0.213124471179 	-0.0212859812678 	2.96845311914 	-0.0524046723127 	0.0457667213793
16.59 	0 	1.04736842105 	1.91760733744 	-0.213124471179 	-0.0212859812678 	2.96845311914 	-0.0524046723127 	0.0457667213793
16.59 	0 	1.03834586466 	2.15632792352 	0.0737179553235 	-0.0460426093369 	2.970819935 	-0.0497800453419 	0.0375093189288
16.59 	0 	1.02932330827 	2.15632792352 	0.0737179553235 	-0.0460426093369 	2.970819935 	-0.0497800453419 	0.0375093189288
16.59 	0 	1.02030075188 	2.15632792352 	0.0737179553235 	-0.0460426093369 	2.970819935 	-0.0497800453419 	0.0375093189288
16.59 	0 	1.01127819549 	2.18086563566 	0.0826977474451 	-0.172946634707 	2.97735823535 	-0.0528843479627 	0.0321435792097
16.59 	0 	1.0022556391 	2.18086563566 	0.0826977474451 	-0.172946634707 	2.97735823535 	-0.0528843479627 	0.0321435792097
16.59 	0 	0.993233082707 	2.18086563566 	0.0826977474451 	-0.172946634707 	2.97735823535 	-0.0528843479627 	0.0321435792097
16.59 	0 	0.984210526316 	2.18086563566 	0.0826977474451 	-0.172946634707 	2.97735823535 	-0.0528843479627 	0.0321435792097
16.59 	0 	0.975187969925 	2.18154875296 	0.103477095562 	-0.19495627742 	2.98458002927 	-0.047606603413 	0.0262026159913
16.59 	0 	0.966165413534 	2.18154875296 	0.103477095562 	-0.19495627742 	2.98458002927 	-0.047606603413 	0.0262026159913
16.59 	0 	0.957142857143 	2.18154875296 	0.103477095562 	-0.19495627742 	2.98458002927 	-0.047606603413 	0.0262026159913
16.59 	0 	0.948120300752 	2.34506570496 	0.118514191843 	-0.127190544707 	2.98983226082 	-0.0384331002141 	0.0268956454697
16.59 	0 	0.939097744361 	2.34506570496 	0.118514191843 	-0.127190544707 	2.98983226082 	-0.0384331002141 	0.0268956454697
16.59 	0 	0.93007518797 	2.34506570496 	0.118514191843 	-0.127190544707 	2.98983226082 	-0.0384331002141 	0.0268956454697
16.59 	0 	0.921052631579 	2.34506570496 	0.118514191843 	-0.127190544707 	2.98983226082 	-0.0384331002141 	0.0268956454697
16.59 	0 	0.912030075188 	2.34895607363 	0.0297405026631 	-0.373772150365 	3.00063512898 	-0.0343072763474 	0.0259178567836
16.59 	0 	0.903007518797 	2.34895607363 	0.0297405026631 	-0.373772150365 	3.00063512898 	-0.0343072763474 	0.0259178567836
16.59 	0 	0.893984962406 	2.34895607363 	0.0297405026631 	-0.373772150365 	3.00063512898 	-0.0343072763474 	0.0259178567836
16.59 	0 	0.884962406015 	2.44854601363 	0.163204829355 	-0.245840441296 	2.99177256115 	-0.0352324512722 	0.024952933696
16.59 	0 	0.875939849624 	2.44854601363 	0.163204829355 	-0.245840441296 	2.99177256115 	-0.0352324512722 	0.024952933696
16.59 	0 	0.866917293233 	2.44854601363 	0.163204829355 	-0.245840441296 	2.99177256115 	-0.0352324512722 	0.024952933696
16.59 	0 	0.857894736842 	2.44854601363 	0.163204829355 	-0.245840441296 	2.99177256115 	-0.0352324512722 	0.024952933696
16.59 	0 	0.848872180451 	2.52448528447 	-0.0117365920751 	-0.294772938255 	2.99776970274 	-0.0328495720621 	0.0189313467641
16.59 	0 	0.83984962406 	2.52448528447 	-0.0117365920751 	-0.294772938255 	2.99776970274 	-0.0328495720621 	0.0189313467641
16.59 	0 	0.830827067669 	2.52448528447 	-0.0117365920751 	-0.294772938255 	2.99776970274 	-0.0328495720621 	0.0189313467641
16.59 	0 	0.821804511278 	2.69775817025 	0.141404767395 	0.00863800515307 	2.99381130986 	-0.0267618008484 	0.0133290830773
16.59 	0 	0.812781954887 	2.69775817025 	0.141404767395 	0.00863800515307 	2.99381130986 	-0.0267618008484 	0.0133290830773
16.59 	0 	0.803759398496 	2.69775817025 	0.141404767395 	0.00863800515307 	2.99381130986 	-0.0267618008484 	0.0133290830773
16.59 	0 	0.794736842105 	2.69775817025 	0.141404767395 	0.00863800515307 	2.99381130986 	-0.0267618008484 	0.0133290830773
16.59 	0 	0.785714285714 	2.68454939398 	0.0382953294609 	-0.255303526052 	2.98862324355 	-0.0340122868961 	0.00719795220044
16.59 	0 	0.776691729323 	2.68454939398 	0.0382953294609 	-0.255303526052 	2.98862324355 	-0.0340122868961 	0.00719795220044
16.59 	0 	0.767669172932 	2.68454939398 	0.0382953294609 	-0.255303526052 	2.98862324355 	-0.0340122868961 	0.00719795220044
16.59 	0 	0.758646616541 	2.64508638737 	-0.300633316142 	-0.0887169360781 	2.97023920205 	-0.0395771523714 	0.00839630610052
16.59 	0 	0.74962406015 	2.64508638737 	-0.300633316142 	-0.0887169360781 	2.97023920205 	-0.0395771523714 	0.00839630610052
16.59 	0 	0.740601503759 	2.64508638737 	-0.300633316142 	-0.0887169360781 	2.97023920205 	-0.0395771523714 	0.00839630610052
16.59 	0 	0.731578947368 	2.64508638737 	-0.300633316142 	-0.0887169360781 	2.97023920205 	-0.0395771523714 	0.00839630610052
16.59 	0 	0.722556390977 	3.17472541014 	-0.219730544146 	-0.129899135607 	2.95976067479 	-0.0368050052184 	0.00869829708365
16.59 	0 	0.713533834586 	3.17472541014 	-0.219730544146 	-0.129899135607 	2.95976067479 	-0.0368050052184 	0.00869829708365
16.59 	0 	0.704511278195 	3.17472541014 	-0.219730544146 	-0.129899135607 	2.95976067479 	-0.0368050052184 	0.00869829708365
16.59 	0 	0.695488721804 	3.02443511545 	0.082690708202 	-0.384970374824 	2.95272876539 	-0.0392068426978 	0.0101956894113
16.59 	0 	0.686466165414 	3.02443511545 	0.082690708202 	-0.384970374824 	2.95272876539 	-0.0392068426978 	0.0101956894113
16.59 	0 	0.677443609023 	3.02443511545 	0.082690708202 	-0.384970374824 	2.95272876539 	-0.0392068426978 	0.0101956894113
16.59 	0 	0.668421052632 	3.02443511545 	0.082690708202 	-0.384970374824 	2.95272876539 	-0.0392068426978 	0.0101956894113
16.59 	0 	0.659398496241 	2.31092572665 	0.00904101130927 	-0.116916535371 	2.9423406558 	-0.0395554693701 	0.0112085863143
16.59 	0 	0.65037593985 	2.31092572665 	0.00904101130927 	-0.116916535371 	2.9423406558 	-0.0395554693701 	0.0112085863143
16.59 	0 	0.641353383459 	2.31092572665 	0.00904101130927 	-0.116916535371 	2.9423406558 	-0.0395554693701 	0.0112085863143
16.59 	0 	0.632330827068 	2.37739547947 	0.12518433958 	-0.248066486387 	2.93203791504 	-0.0441301515523 	0.0121652497592
16.59 	0 	0.623308270677 	2.37739547947 	0.12518433958 	-0.248066486387 	2.93203791504 	-0.0441301515523 	0.0121652497592
16.59 	0 	0.614285714286 	2.79312250463 	-0.12257564526 	-0.177215551713 	2.95122297148 	-0.0466682278515 	-0.00181478039344
16.59 	0 	0.605263157895 	2.79312250463 	-0.12257564526 	-0.177215551713 	2.95122297148 	-0.0466682278515 	-0.00181478039344
16.59 	0 	0.596240601504 	2.8483475662 	0.0408875373019 	-0.349121364761 	2.93791614752 	-0.0455086699713 	0.000523357457458
16.59 	0 	0.587218045113 	2.8483475662 	0.0408875373019 	-0.349121364761 	2.93791614752 	-0.0455086699713 	0.000523357457458
16.59 	0 	0.578195488722 	2.8483475662 	0.0408875373019 	-0.349121364761 	2.93791614752 	-0.0455086699713 	0.000523357457458
16.59 	0 	0.569172932331 	2.81857747775 	-0.0532584763836 	-0.317682342555 	2.91744543434 	-0.0370281880046 	-0.00591783727608
16.59 	0 	0.56015037594 	2.81857747775 	-0.0532584763836 	-0.317682342555 	2.91744543434 	-0.0370281880046 	-0.00591783727608
16.59 	0 	0.551127819549 	2.81857747775 	-0.0532584763836 	-0.317682342555 	2.91744543434 	-0.0370281880046 	-0.00591783727608
16.59 	0 	0.542105263158 	2.81857747775 	-0.0532584763836 	-0.317682342555 	2.91744543434 	-0.0370281880046 	-0.00591783727608
16.59 	0 	0.533082706767 	2.64367191471 	-0.310886024029 	-0.0751337827389 	2.891478708 	-0.0350533655327 	-0.0114825834303
16.59 	0 	0.524060150376 	2.64367191471 	-0.310886024029 	-0.0751337827389 	2.891478708 	-0.0350533655327 	-0.0114825834303
16.59 	0 	0.515037593985 	2.64367191471 	-0.310886024029 	-0.0751337827389 	2.891478708 	-0.0350533655327 	-0.0114825834303
16.59 	0 	0.506015037594 	2.63698918663 	-0.0769909168193 	-0.220881866082 	2.86000141609 	-0.026060844535 	-0.0198056315776
16.59 	0 	0.496992481203 	2.63698918663 	-0.0769909168193 	-0.220881866082 	2.86000141609 	-0.026060844535 	-0.0198056315776
16.59 	0 	0.487969924812 	2.63698918663 	-0.0769909168193 	-0.220881866082 	2.86000141609 	-0.026060844535 	-0.0198056315776
16.59 	0 	0.478947368421 	2.63698918663 	-0.0769909168193 	-0.220881866082 	2.86000141609 	-0.026060844535 	-0.0198056315776
16.59 	0 	0.46992481203 	2.60432451039 	-0.174174888763 	-0.301494341569 	2.83524509647 	-0.0187667768989 	-0.0248857838101
16.59 	0 	0.460902255639 	2.60432451039 	-0.174174888763 	-0.301494341569 	2.83524509647 	-0.0187667768989 	-0.0248857838101
16.59 	0 	0.451879699248 	2.60432451039 	-0.174174888763 	-0.301494341569 	2.83524509647 	-0.0187667768989 	-0.0248857838101
16.59 	0 	0.442857142857 	2.59540780353 	-0.218105761234 	-0.275244798358 	2.79582743729 	-0.0117365073172 	-0.0216349321294
16.59 	0 	0.433834586466 	2.59540780353 	-0.218105761234 	-0.275244798358 	2.79582743729 	-0.0117365073172 	-0.0216349321294
16.59 	0 	0.424812030075 	2.59540780353 	-0.218105761234 	-0.275244798358 	2.79582743729 	-0.0117365073172 	-0.0216349321294
16.59 	0 	0.415789473684 	2.59540780353 	-0.218105761234 	-0.275244798358 	2.79582743729 	-0.0117365073172 	-0.0216349321294
16.59 	0 	0.406766917293 	2.76301800173 	-0.145631400075 	0.110126863838 	2.76303921511 	-0.0137826399738 	-0.0193781427977
16.59 	0 	0.397744360902 	2.76301800173 	-0.145631400075 	0.110126863838 	2.76303921511 	-0.0137826399738 	-0.0193781427977
16.59 	0 	0.388721804511 	2.76301800173 	-0.145631400075 	0.110126863838 	2.76303921511 	-0.0137826399738 	-0.0193781427977
16.59 	0 	0.37969924812 	2.80302046658 	-0.0944498519809 	-0.240882776786 	2.72325755501 	-0.0124623917076 	-0.0177888711935
16.59 	0 	0.370676691729 	2.80302046658 	-0.0944498519809 	-0.240882776786 	2.72325755501 	-0.0124623917076 	-0.0177888711935
16.59 	0 	0.361654135338 	2.80302046658 	-0.0944498519809 	-0.240882776786 	2.72325755501 	-0.0124623917076 	-0.0177888711935
16.59 	0 	0.352631578947 	2.80302046658 	-0.0944498519809 	-0.240882776786 	2.72325755501 	-0.0124623917076 	-0.0177888711935
16.59 	0 	0.343609022556 	2.75819776949 	-0.256267431573 	-0.272844321494 	2.67577095792 	-0.0026980187449 	-0.0147603707047
16.59 	0 	0.334586466165 	2.75819776949 	-0.256267431573 	-0.272844321494 	2.67577095792 	-0.0026980187449 	-0.0147603707047
16.59 	0 	0.325563909774 	2.75819776949 	-0.256267431573 	-0.272844321494 	2.67577095792 	-0.0026980187449 	-0.0147603707047
16.59 	0 	0.316541353383 	2.64140592346 	-0.346565333451 	-0.246108472317 	2.63497383214 	-0.00264239307433 	-0.00848321492851
16.59 	0 	0.307518796992 	2.64140592346 	-0.346565333451 	-0.246108472317 	2.63497383214 	-0.00264239307433 	-0.00848321492851
16.59 	0 	0.298496240601 	2.64140592346 	-0.346565333451 	-0.246108472317 	2.63497383214 	-0.00264239307433 	-0.00848321492851
16.59 	0 	0.289473684211 	2.64140592346 	-0.346565333451 	-0.246108472317 	2.63497383214 	-0.00264239307433 	-0.00848321492851
16.59 	0 	0.28045112782 	2.50072221024 	-0.361189948912 	-0.209500347967 	2.58749983889 	-0.00346744642198 	-0.00217645213992
16.59 	0 	0.271428571429 	2.50072221024 	-0.361189948912 	-0.209500347967 	2.58749983889 	-0.00346744642198 	-0.00217645213992
16.59 	0 	0.262406015038 	2.50072221024 	-0.361189948912 	-0.209500347967 	2.58749983889 	-0.00346744642198 	-0.00217645213992
16.59 	0 	0.253383458647 	2.50072221024 	-0.361189948912 	-0.209500347967 	2.58749983889 	-0.00346744642198 	-0.00217645213992
16.59 	0 	0.244360902256 	2.25724397883 	-0.188450860926 	-0.0419904790299 	2.48690983264 	0.0120684414239 	-0.0247480500196
16.59 	0 	0.235338345865 	2.25724397883 	-0.188450860926 	-0.0419904790299 	2.48690983264 	0.0120684414239 	-0.0247480500196
16.59 	0 	0.226315789474 	2.25724397883 	-0.188450860926 	-0.0419904790299 	2.48690983264 	0.0120684414239 	-0.0247480500196
16.59 	0 	0.217293233083 	2.25724397883 	-0.188450860926 	-0.0419904790299 	2.48690983264 	0.0120684414239 	-0.0247480500196
16.59 	0 	0.208270676692 	2.25724397883 	-0.188450860926 	-0.0419904790299 	2.48690983264 	0.0120684414239 	-0.0247480500196
16.59 	0 	0.199248120301 	2.25724397883 	-0.188450860926 	-0.0419904790299 	2.48690983264 	0.0120684414239 	-0.0247480500196
16.59 	0 	0.19022556391 	2.25724397883 	-0.188450860926 	-0.0419904790299 	2.48690983264 	0.0120684414239 	-0.0247480500196
16.59 	0 	0.181203007519 	2.09296287008 	0.0670803960044 	0.0380720928647 	2.3380849034 	0.0169460462851 	-0.0223469499475
16.59 	0 	0.172180451128 	2.09296287008 	0.0670803960044 	0.0380720928647 	2.3380849034 	0.0169460462851 	-0.0223469499475
16.59 	0 	0.163157894737 	2.09296287008 	0.0670803960044 	0.0380720928647 	2.3380849034 	0.0169460462851 	-0.0223469499475
16.59 	0 	0.154135338346 	2.09296287008 	0.0670803960044 	0.0380720928647 	2.3380849034 	0.0169460462851 	-0.0223469499475
16.59 	0 	0.145112781955 	2.09296287008 	0.0670803960044 	0.0380720928647 	2.3380849034 	0.0169460462851 	-0.0223469499475
16.59 	0 	0.136090225564 	2.09296287008 	0.0670803960044 	0.0380720928647 	2.3380849034 	0.0169460462851 	-0.0223469499475
16.59 	0 	0.127067669173 	2.09296287008 	0.0670803960044 	0.0380720928647 	2.3380849034 	0.0169460462851 	-0.0223469499475
16.59 	0 	0.118045112782 	1.32484731875 	-0.0120891953848 	0.0430160750258 	2.03375551272 	-0.00556140442848 	-0.0229627785794
16.59 	0 	0.109022556391 	1.32484731875 	-0.0120891953848 	0.0430160750258 	2.03375551272 	-0.00556140442848 	-0.0229627785794
16.59 	0 	0.1 	1.32484731875 	-0.0120891953848 	0.0430160750258 	2.03375551272 	-0.00556140442848 	-0.0229627785794
