18.96 	0 	3.7 	2.77674587267 	-0.138017829862 	0.0295014305851 	2.30764859561 	0.0907975226809 	-0.00762333624019
18.96 	0 	3.69097744361 	2.77674587267 	-0.138017829862 	0.0295014305851 	2.30764859561 	0.0907975226809 	-0.00762333624019
18.96 	0 	3.68195488722 	2.77674587267 	-0.138017829862 	0.0295014305851 	2.30764859561 	0.0907975226809 	-0.00762333624019
18.96 	0 	3.67293233083 	2.54221655925 	0.133999071074 	0.00444573864573 	2.44786733509 	0.0959008431905 	-0.00653300196974
18.96 	0 	3.66390977444 	2.54221655925 	0.133999071074 	0.00444573864573 	2.44786733509 	0.0959008431905 	-0.00653300196974
18.96 	0 	3.65488721805 	2.54221655925 	0.133999071074 	0.00444573864573 	2.44786733509 	0.0959008431905 	-0.00653300196974
18.96 	0 	3.64586466165 	2.54221655925 	0.133999071074 	0.00444573864573 	2.44786733509 	0.0959008431905 	-0.00653300196974
18.96 	0 	3.63684210526 	2.46666155926 	0.323446813051 	0.0965560303874 	2.53319966722 	0.0955424979576 	0.00243052659681
18.96 	0 	3.62781954887 	2.46666155926 	0.323446813051 	0.0965560303874 	2.53319966722 	0.0955424979576 	0.00243052659681
18.96 	0 	3.61879699248 	2.46666155926 	0.323446813051 	0.0965560303874 	2.53319966722 	0.0955424979576 	0.00243052659681
18.96 	0 	3.60977443609 	2.89413463612 	0.290848716934 	0.0595376856218 	2.61113189403 	0.10367618121 	-0.0031971694221
18.96 	0 	3.6007518797 	2.89413463612 	0.290848716934 	0.0595376856218 	2.61113189403 	0.10367618121 	-0.0031971694221
18.96 	0 	3.59172932331 	2.89413463612 	0.290848716934 	0.0595376856218 	2.61113189403 	0.10367618121 	-0.0031971694221
18.96 	0 	3.58270676692 	2.89413463612 	0.290848716934 	0.0595376856218 	2.61113189403 	0.10367618121 	-0.0031971694221
18.96 	0 	3.57368421053 	3.02658653865 	0.448730634537 	0.216231506008 	2.65281252712 	0.100612025694 	0.00281250272736
18.96 	0 	3.56466165414 	3.02658653865 	0.448730634537 	0.216231506008 	2.65281252712 	0.100612025694 	0.00281250272736
18.96 	0 	3.55563909774 	3.02658653865 	0.448730634537 	0.216231506008 	2.65281252712 	0.100612025694 	0.00281250272736
18.96 	0 	3.54661654135 	2.98036954946 	0.241973769386 	0.113207051594 	2.68917572851 	0.109579369823 	-0.00149997829009
18.96 	0 	3.53759398496 	2.98036954946 	0.241973769386 	0.113207051594 	2.68917572851 	0.109579369823 	-0.00149997829009
18.96 	0 	3.52857142857 	2.98036954946 	0.241973769386 	0.113207051594 	2.68917572851 	0.109579369823 	-0.00149997829009
18.96 	0 	3.51954887218 	2.98036954946 	0.241973769386 	0.113207051594 	2.68917572851 	0.109579369823 	-0.00149997829009
18.96 	0 	3.51052631579 	3.01657036199 	0.115874914908 	0.141093115517 	2.70444013564 	0.11105562022 	0.00613369571353
18.96 	0 	3.5015037594 	3.01657036199 	0.115874914908 	0.141093115517 	2.70444013564 	0.11105562022 	0.00613369571353
18.96 	0 	3.49248120301 	3.01657036199 	0.115874914908 	0.141093115517 	2.70444013564 	0.11105562022 	0.00613369571353
18.96 	0 	3.48345864662 	3.01657036199 	0.115874914908 	0.141093115517 	2.70444013564 	0.11105562022 	0.00613369571353
18.96 	0 	3.47443609023 	3.15503793687 	-0.0125788384619 	0.0884974630966 	2.70850889108 	0.104637054952 	0.00616059886512
18.96 	0 	3.46541353383 	3.15503793687 	-0.0125788384619 	0.0884974630966 	2.70850889108 	0.104637054952 	0.00616059886512
18.96 	0 	3.45639097744 	3.15503793687 	-0.0125788384619 	0.0884974630966 	2.70850889108 	0.104637054952 	0.00616059886512
18.96 	0 	3.44736842105 	3.01191555108 	0.114469100838 	-0.115805427249 	2.72354896 	0.10351031737 	0.014502539376
18.96 	0 	3.43834586466 	3.01191555108 	0.114469100838 	-0.115805427249 	2.72354896 	0.10351031737 	0.014502539376
18.96 	0 	3.42932330827 	3.01191555108 	0.114469100838 	-0.115805427249 	2.72354896 	0.10351031737 	0.014502539376
18.96 	0 	3.42030075188 	3.01191555108 	0.114469100838 	-0.115805427249 	2.72354896 	0.10351031737 	0.014502539376
18.96 	0 	3.41127819549 	3.21658853638 	0.137667849349 	-0.0481438289603 	2.73840789142 	0.0974445349582 	0.0113130939704
18.96 	0 	3.4022556391 	3.21658853638 	0.137667849349 	-0.0481438289603 	2.73840789142 	0.0974445349582 	0.0113130939704
18.96 	0 	3.39323308271 	3.21658853638 	0.137667849349 	-0.0481438289603 	2.73840789142 	0.0974445349582 	0.0113130939704
18.96 	0 	3.38421052632 	3.28202004993 	0.230683723636 	-0.11643302692 	2.73728853602 	0.0893985984684 	0.015100972412
18.96 	0 	3.37518796992 	3.28202004993 	0.230683723636 	-0.11643302692 	2.73728853602 	0.0893985984684 	0.015100972412
18.96 	0 	3.36616541353 	3.28202004993 	0.230683723636 	-0.11643302692 	2.73728853602 	0.0893985984684 	0.015100972412
18.96 	0 	3.35714285714 	3.28202004993 	0.230683723636 	-0.11643302692 	2.73728853602 	0.0893985984684 	0.015100972412
18.96 	0 	3.34812030075 	3.10711900689 	0.32314879396 	-0.281977362721 	2.7409456874 	0.0787507413291 	0.0140071042399
18.96 	0 	3.33909774436 	3.10711900689 	0.32314879396 	-0.281977362721 	2.7409456874 	0.0787507413291 	0.0140071042399
18.96 	0 	3.33007518797 	3.10711900689 	0.32314879396 	-0.281977362721 	2.7409456874 	0.0787507413291 	0.0140071042399
18.96 	0 	3.32105263158 	3.0613182489 	0.00763648574048 	-0.272691530041 	2.73797026059 	0.0749835058442 	0.0203230857352
18.96 	0 	3.31203007519 	3.0613182489 	0.00763648574048 	-0.272691530041 	2.73797026059 	0.0749835058442 	0.0203230857352
18.96 	0 	3.3030075188 	3.0613182489 	0.00763648574048 	-0.272691530041 	2.73797026059 	0.0749835058442 	0.0203230857352
18.96 	0 	3.29398496241 	3.0613182489 	0.00763648574048 	-0.272691530041 	2.73797026059 	0.0749835058442 	0.0203230857352
18.96 	0 	3.28496240602 	2.94556718321 	-0.194007384366 	-0.117593310615 	2.73749295383 	0.0711576701394 	0.0266056313143
18.96 	0 	3.27593984962 	2.94556718321 	-0.194007384366 	-0.117593310615 	2.73749295383 	0.0711576701394 	0.0266056313143
18.96 	0 	3.26691729323 	2.94556718321 	-0.194007384366 	-0.117593310615 	2.73749295383 	0.0711576701394 	0.0266056313143
18.96 	0 	3.25789473684 	3.0458814558 	-0.015339180724 	-0.16073787233 	2.7482005721 	0.0745782848245 	0.0224419701713
18.96 	0 	3.24887218045 	3.0458814558 	-0.015339180724 	-0.16073787233 	2.7482005721 	0.0745782848245 	0.0224419701713
18.96 	0 	3.23984962406 	3.0458814558 	-0.015339180724 	-0.16073787233 	2.7482005721 	0.0745782848245 	0.0224419701713
18.96 	0 	3.23082706767 	3.0458814558 	-0.015339180724 	-0.16073787233 	2.7482005721 	0.0745782848245 	0.0224419701713
18.96 	0 	3.22180451128 	2.99516630584 	0.0851736129709 	-0.0791840770621 	2.73597549292 	0.072286158392 	0.0273825430463
18.96 	0 	3.21278195489 	2.99516630584 	0.0851736129709 	-0.0791840770621 	2.73597549292 	0.072286158392 	0.0273825430463
18.96 	0 	3.2037593985 	2.99516630584 	0.0851736129709 	-0.0791840770621 	2.73597549292 	0.072286158392 	0.0273825430463
18.96 	0 	3.19473684211 	3.12950391657 	-0.0379397936136 	-0.359180148453 	2.72816284607 	0.0684675414467 	0.0260372665264
18.96 	0 	3.18571428571 	3.12950391657 	-0.0379397936136 	-0.359180148453 	2.72816284607 	0.0684675414467 	0.0260372665264
18.96 	0 	3.17669172932 	3.12950391657 	-0.0379397936136 	-0.359180148453 	2.72816284607 	0.0684675414467 	0.0260372665264
18.96 	0 	3.16766917293 	3.12950391657 	-0.0379397936136 	-0.359180148453 	2.72816284607 	0.0684675414467 	0.0260372665264
18.96 	0 	3.15864661654 	2.9511846525 	0.0958670030144 	-0.407047688276 	2.70485767504 	0.0647298605163 	0.039407860388
18.96 	0 	3.14962406015 	2.9511846525 	0.0958670030144 	-0.407047688276 	2.70485767504 	0.0647298605163 	0.039407860388
18.96 	0 	3.14060150376 	2.9511846525 	0.0958670030144 	-0.407047688276 	2.70485767504 	0.0647298605163 	0.039407860388
18.96 	0 	3.13157894737 	2.92576150656 	0.222215000115 	-0.333182617535 	2.69879983485 	0.0616500889837 	0.04053537353
18.96 	0 	3.12255639098 	2.92576150656 	0.222215000115 	-0.333182617535 	2.69879983485 	0.0616500889837 	0.04053537353
18.96 	0 	3.11353383459 	2.92576150656 	0.222215000115 	-0.333182617535 	2.69879983485 	0.0616500889837 	0.04053537353
18.96 	0 	3.1045112782 	2.92576150656 	0.222215000115 	-0.333182617535 	2.69879983485 	0.0616500889837 	0.04053537353
18.96 	0 	3.0954887218 	2.94350693967 	0.118386681103 	-0.308208745665 	2.69567354027 	0.059618874349 	0.0438319042023
18.96 	0 	3.08646616541 	2.94350693967 	0.118386681103 	-0.308208745665 	2.69567354027 	0.059618874349 	0.0438319042023
18.96 	0 	3.07744360902 	2.94350693967 	0.118386681103 	-0.308208745665 	2.69567354027 	0.059618874349 	0.0438319042023
18.96 	0 	3.06842105263 	2.94424026526 	-0.109048451685 	-0.323349033117 	2.68766173411 	0.0621580878146 	0.0434802373763
18.96 	0 	3.05939849624 	2.94424026526 	-0.109048451685 	-0.323349033117 	2.68766173411 	0.0621580878146 	0.0434802373763
18.96 	0 	3.05037593985 	2.94424026526 	-0.109048451685 	-0.323349033117 	2.68766173411 	0.0621580878146 	0.0434802373763
18.96 	0 	3.04135338346 	2.94424026526 	-0.109048451685 	-0.323349033117 	2.68766173411 	0.0621580878146 	0.0434802373763
18.96 	0 	3.03233082707 	2.85498868311 	-0.148905871547 	-0.304605462895 	2.69113772154 	0.0620953272638 	0.0397406569182
18.96 	0 	3.02330827068 	2.85498868311 	-0.148905871547 	-0.304605462895 	2.69113772154 	0.0620953272638 	0.0397406569182
18.96 	0 	3.01428571429 	2.85498868311 	-0.148905871547 	-0.304605462895 	2.69113772154 	0.0620953272638 	0.0397406569182
18.96 	0 	3.00526315789 	2.59302861903 	0.0149948376489 	-0.31274428569 	2.69385225896 	0.0560288278544 	0.0366313739339
18.96 	0 	2.9962406015 	2.59302861903 	0.0149948376489 	-0.31274428569 	2.69385225896 	0.0560288278544 	0.0366313739339
18.96 	0 	2.98721804511 	2.59302861903 	0.0149948376489 	-0.31274428569 	2.69385225896 	0.0560288278544 	0.0366313739339
18.96 	0 	2.97819548872 	2.59302861903 	0.0149948376489 	-0.31274428569 	2.69385225896 	0.0560288278544 	0.0366313739339
18.96 	0 	2.96917293233 	2.5261709093 	-0.117217793724 	-0.438001912422 	2.69224558786 	0.0653201786005 	0.0341186198762
18.96 	0 	2.96015037594 	2.5261709093 	-0.117217793724 	-0.438001912422 	2.69224558786 	0.0653201786005 	0.0341186198762
18.96 	0 	2.95112781955 	2.5261709093 	-0.117217793724 	-0.438001912422 	2.69224558786 	0.0653201786005 	0.0341186198762
18.96 	0 	2.94210526316 	2.61773161318 	0.14801174394 	-0.507743009832 	2.68243182069 	0.0704168204355 	0.0335209625006
18.96 	0 	2.93308270677 	2.61773161318 	0.14801174394 	-0.507743009832 	2.68243182069 	0.0704168204355 	0.0335209625006
18.96 	0 	2.92406015038 	2.61773161318 	0.14801174394 	-0.507743009832 	2.68243182069 	0.0704168204355 	0.0335209625006
18.96 	0 	2.91503759398 	2.61773161318 	0.14801174394 	-0.507743009832 	2.68243182069 	0.0704168204355 	0.0335209625006
18.96 	0 	2.90601503759 	2.75094229437 	0.0887004445386 	-0.646194452435 	2.68248414271 	0.0687739834662 	0.0323595693283
18.96 	0 	2.8969924812 	2.75094229437 	0.0887004445386 	-0.646194452435 	2.68248414271 	0.0687739834662 	0.0323595693283
18.96 	0 	2.88796992481 	2.75094229437 	0.0887004445386 	-0.646194452435 	2.68248414271 	0.0687739834662 	0.0323595693283
18.96 	0 	2.87894736842 	2.68294566756 	-0.337012566483 	-0.672446231042 	2.67302109288 	0.0745736224921 	0.023155479162
18.96 	0 	2.86992481203 	2.68294566756 	-0.337012566483 	-0.672446231042 	2.67302109288 	0.0745736224921 	0.023155479162
18.96 	0 	2.86090225564 	2.68294566756 	-0.337012566483 	-0.672446231042 	2.67302109288 	0.0745736224921 	0.023155479162
18.96 	0 	2.85187969925 	2.68294566756 	-0.337012566483 	-0.672446231042 	2.67302109288 	0.0745736224921 	0.023155479162
18.96 	0 	2.84285714286 	2.84168190815 	0.0278956001323 	-0.463291204035 	2.67007018405 	0.0694711620233 	0.0333393499738
18.96 	0 	2.83383458647 	2.84168190815 	0.0278956001323 	-0.463291204035 	2.67007018405 	0.0694711620233 	0.0333393499738
18.96 	0 	2.82481203008 	2.84168190815 	0.0278956001323 	-0.463291204035 	2.67007018405 	0.0694711620233 	0.0333393499738
18.96 	0 	2.81578947368 	2.91334944774 	0.0880093167546 	-0.352861387055 	2.67963918622 	0.0598221740198 	0.0272838704222
18.96 	0 	2.80676691729 	2.91334944774 	0.0880093167546 	-0.352861387055 	2.67963918622 	0.0598221740198 	0.0272838704222
18.96 	0 	2.7977443609 	2.91334944774 	0.0880093167546 	-0.352861387055 	2.67963918622 	0.0598221740198 	0.0272838704222
18.96 	0 	2.78872180451 	2.91334944774 	0.0880093167546 	-0.352861387055 	2.67963918622 	0.0598221740198 	0.0272838704222
18.96 	0 	2.77969924812 	2.78977198366 	0.322536766994 	-0.401062833583 	2.67042498083 	0.0495710853626 	0.0279420278964
18.96 	0 	2.77067669173 	2.78977198366 	0.322536766994 	-0.401062833583 	2.67042498083 	0.0495710853626 	0.0279420278964
18.96 	0 	2.76165413534 	2.78977198366 	0.322536766994 	-0.401062833583 	2.67042498083 	0.0495710853626 	0.0279420278964
18.96 	0 	2.75263157895 	2.89322810088 	0.278387804795 	-0.451489412331 	2.66836224644 	0.0437541153784 	0.0275841774738
18.96 	0 	2.74360902256 	2.89322810088 	0.278387804795 	-0.451489412331 	2.66836224644 	0.0437541153784 	0.0275841774738
18.96 	0 	2.73458646617 	2.89322810088 	0.278387804795 	-0.451489412331 	2.66836224644 	0.0437541153784 	0.0275841774738
18.96 	0 	2.72556390977 	2.89322810088 	0.278387804795 	-0.451489412331 	2.66836224644 	0.0437541153784 	0.0275841774738
18.96 	0 	2.71654135338 	2.85206452064 	0.332773143352 	-0.583252378299 	2.66401224249 	0.0435423582061 	0.0353741723487
18.96 	0 	2.70751879699 	2.85206452064 	0.332773143352 	-0.583252378299 	2.66401224249 	0.0435423582061 	0.0353741723487
18.96 	0 	2.6984962406 	2.85206452064 	0.332773143352 	-0.583252378299 	2.66401224249 	0.0435423582061 	0.0353741723487
18.96 	0 	2.68947368421 	2.73105230377 	0.442236068508 	-0.772566286886 	2.64702037124 	0.0476087936657 	0.0372933548779
18.96 	0 	2.68045112782 	2.73105230377 	0.442236068508 	-0.772566286886 	2.64702037124 	0.0476087936657 	0.0372933548779
18.96 	0 	2.67142857143 	2.73105230377 	0.442236068508 	-0.772566286886 	2.64702037124 	0.0476087936657 	0.0372933548779
18.96 	0 	2.66240601504 	2.73105230377 	0.442236068508 	-0.772566286886 	2.64702037124 	0.0476087936657 	0.0372933548779
18.96 	0 	2.65338345865 	3.03886477386 	0.373342635809 	-0.511965279623 	2.63442871837 	0.0488113805211 	0.0429328682176
18.96 	0 	2.64436090226 	3.03886477386 	0.373342635809 	-0.511965279623 	2.63442871837 	0.0488113805211 	0.0429328682176
18.96 	0 	2.63533834586 	3.03886477386 	0.373342635809 	-0.511965279623 	2.63442871837 	0.0488113805211 	0.0429328682176
18.96 	0 	2.62631578947 	3.14923994986 	0.192262997957 	-0.588634252973 	2.61665334343 	0.0394059316632 	0.049742692338
18.96 	0 	2.61729323308 	3.14923994986 	0.192262997957 	-0.588634252973 	2.61665334343 	0.0394059316632 	0.049742692338
18.96 	0 	2.60827067669 	3.14923994986 	0.192262997957 	-0.588634252973 	2.61665334343 	0.0394059316632 	0.049742692338
18.96 	0 	2.5992481203 	3.14923994986 	0.192262997957 	-0.588634252973 	2.61665334343 	0.0394059316632 	0.049742692338
18.96 	0 	2.59022556391 	2.75355724229 	0.0540398415498 	-0.538919290956 	2.60702000068 	0.0255803445092 	0.0508401496982
18.96 	0 	2.58120300752 	2.75355724229 	0.0540398415498 	-0.538919290956 	2.60702000068 	0.0255803445092 	0.0508401496982
18.96 	0 	2.57218045113 	2.75355724229 	0.0540398415498 	-0.538919290956 	2.60702000068 	0.0255803445092 	0.0508401496982
18.96 	0 	2.56315789474 	2.8081994806 	0.127480862216 	-0.256937613154 	2.60261416859 	0.0170783271712 	0.0445958210922
18.96 	0 	2.55413533835 	2.8081994806 	0.127480862216 	-0.256937613154 	2.60261416859 	0.0170783271712 	0.0445958210922
18.96 	0 	2.54511278195 	2.8081994806 	0.127480862216 	-0.256937613154 	2.60261416859 	0.0170783271712 	0.0445958210922
18.96 	0 	2.53609022556 	2.8081994806 	0.127480862216 	-0.256937613154 	2.60261416859 	0.0170783271712 	0.0445958210922
18.96 	0 	2.52706766917 	2.7232333422 	-0.00795002017142 	-0.159025564388 	2.60343660271 	0.0218042400786 	0.0506007008243
18.96 	0 	2.51804511278 	2.7232333422 	-0.00795002017142 	-0.159025564388 	2.60343660271 	0.0218042400786 	0.0506007008243
18.96 	0 	2.50902255639 	2.7232333422 	-0.00795002017142 	-0.159025564388 	2.60343660271 	0.0218042400786 	0.0506007008243
18.96 	0 	2.5 	2.5905902693 	-0.239026342811 	-0.331387235443 	2.59876603567 	0.00746191178786 	0.0456985772713
18.96 	0 	2.49097744361 	2.5905902693 	-0.239026342811 	-0.331387235443 	2.59876603567 	0.00746191178786 	0.0456985772713
18.96 	0 	2.48195488722 	2.5905902693 	-0.239026342811 	-0.331387235443 	2.59876603567 	0.00746191178786 	0.0456985772713
18.96 	0 	2.47293233083 	2.5905902693 	-0.239026342811 	-0.331387235443 	2.59876603567 	0.00746191178786 	0.0456985772713
18.96 	0 	2.46390977444 	2.50494670794 	-0.48800794469 	-0.584385431484 	2.60468926561 	-0.000841878215325 	0.054018080751
18.96 	0 	2.45488721805 	2.50494670794 	-0.48800794469 	-0.584385431484 	2.60468926561 	-0.000841878215325 	0.054018080751
18.96 	0 	2.44586466165 	2.50494670794 	-0.48800794469 	-0.584385431484 	2.60468926561 	-0.000841878215325 	0.054018080751
18.96 	0 	2.43684210526 	2.80507301357 	-0.348991935744 	-0.475878079295 	2.59838875232 	0.00207362276293 	0.0471943476494
18.96 	0 	2.42781954887 	2.80507301357 	-0.348991935744 	-0.475878079295 	2.59838875232 	0.00207362276293 	0.0471943476494
18.96 	0 	2.41879699248 	2.80507301357 	-0.348991935744 	-0.475878079295 	2.59838875232 	0.00207362276293 	0.0471943476494
18.96 	0 	2.40977443609 	2.80507301357 	-0.348991935744 	-0.475878079295 	2.59838875232 	0.00207362276293 	0.0471943476494
18.96 	0 	2.4007518797 	2.4534962813 	0.0572181326287 	-0.289943557276 	2.60179388205 	0.00288278498427 	0.0536843490619
18.96 	0 	2.39172932331 	2.4534962813 	0.0572181326287 	-0.289943557276 	2.60179388205 	0.00288278498427 	0.0536843490619
18.96 	0 	2.38270676692 	2.4534962813 	0.0572181326287 	-0.289943557276 	2.60179388205 	0.00288278498427 	0.0536843490619
18.96 	0 	2.37368421053 	2.0236375224 	0.0837229106312 	-0.176830430697 	2.6115975231 	-7.60356323789e-05 	0.050622877912
18.96 	0 	2.36466165414 	2.0236375224 	0.0837229106312 	-0.176830430697 	2.6115975231 	-7.60356323789e-05 	0.050622877912
18.96 	0 	2.35563909774 	2.0236375224 	0.0837229106312 	-0.176830430697 	2.6115975231 	-7.60356323789e-05 	0.050622877912
18.96 	0 	2.34661654135 	2.0236375224 	0.0837229106312 	-0.176830430697 	2.6115975231 	-7.60356323789e-05 	0.050622877912
18.96 	0 	2.33759398496 	2.11717433271 	-0.175659041088 	-0.0282097905193 	2.62846110158 	-0.00378308268413 	0.0478440722318
18.96 	0 	2.32857142857 	2.11717433271 	-0.175659041088 	-0.0282097905193 	2.62846110158 	-0.00378308268413 	0.0478440722318
18.96 	0 	2.31954887218 	2.11717433271 	-0.175659041088 	-0.0282097905193 	2.62846110158 	-0.00378308268413 	0.0478440722318
18.96 	0 	2.31052631579 	2.37132838707 	-0.240527899748 	0.0268005832065 	2.63891493274 	-0.0034922169283 	0.0502560146755
18.96 	0 	2.3015037594 	2.37132838707 	-0.240527899748 	0.0268005832065 	2.63891493274 	-0.0034922169283 	0.0502560146755
18.96 	0 	2.29248120301 	2.37132838707 	-0.240527899748 	0.0268005832065 	2.63891493274 	-0.0034922169283 	0.0502560146755
18.96 	0 	2.28345864662 	2.37132838707 	-0.240527899748 	0.0268005832065 	2.63891493274 	-0.0034922169283 	0.0502560146755
18.96 	0 	2.27443609023 	2.57379607548 	-0.0474703100265 	0.061608377426 	2.64682816271 	-0.0112487552193 	0.0488608363272
18.96 	0 	2.26541353383 	2.57379607548 	-0.0474703100265 	0.061608377426 	2.64682816271 	-0.0112487552193 	0.0488608363272
18.96 	0 	2.25639097744 	2.57379607548 	-0.0474703100265 	0.061608377426 	2.64682816271 	-0.0112487552193 	0.0488608363272
18.96 	0 	2.24736842105 	2.55390322811 	-0.199829520498 	0.079377102895 	2.65732056998 	-0.0113867385011 	0.0473210011515
18.96 	0 	2.23834586466 	2.55390322811 	-0.199829520498 	0.079377102895 	2.65732056998 	-0.0113867385011 	0.0473210011515
18.96 	0 	2.22932330827 	2.55390322811 	-0.199829520498 	0.079377102895 	2.65732056998 	-0.0113867385011 	0.0473210011515
18.96 	0 	2.22030075188 	2.55390322811 	-0.199829520498 	0.079377102895 	2.65732056998 	-0.0113867385011 	0.0473210011515
18.96 	0 	2.21127819549 	2.63992188699 	-0.551753573047 	0.0105424025261 	2.65500360558 	-0.0131600188894 	0.049627635623
18.96 	0 	2.2022556391 	2.63992188699 	-0.551753573047 	0.0105424025261 	2.65500360558 	-0.0131600188894 	0.049627635623
18.96 	0 	2.19323308271 	2.63992188699 	-0.551753573047 	0.0105424025261 	2.65500360558 	-0.0131600188894 	0.049627635623
18.96 	0 	2.18421052632 	2.7628231047 	-0.720139972912 	0.0973712684885 	2.65567950873 	-0.0183316644259 	0.0410493065376
18.96 	0 	2.17518796992 	2.7628231047 	-0.720139972912 	0.0973712684885 	2.65567950873 	-0.0183316644259 	0.0410493065376
18.96 	0 	2.16616541353 	2.7628231047 	-0.720139972912 	0.0973712684885 	2.65567950873 	-0.0183316644259 	0.0410493065376
18.96 	0 	2.15714285714 	2.7628231047 	-0.720139972912 	0.0973712684885 	2.65567950873 	-0.0183316644259 	0.0410493065376
18.96 	0 	2.14812030075 	3.13547829456 	-0.788584009743 	0.112443743948 	2.68099606651 	-0.017603145731 	0.0427097035779
18.96 	0 	2.13909774436 	3.13547829456 	-0.788584009743 	0.112443743948 	2.68099606651 	-0.017603145731 	0.0427097035779
18.96 	0 	2.13007518797 	3.13547829456 	-0.788584009743 	0.112443743948 	2.68099606651 	-0.017603145731 	0.0427097035779
18.96 	0 	2.12105263158 	3.65263555287 	-0.473154807517 	0.333643395308 	2.67830326189 	-0.024116570314 	0.0404293443347
18.96 	0 	2.11203007519 	3.65263555287 	-0.473154807517 	0.333643395308 	2.67830326189 	-0.024116570314 	0.0404293443347
18.96 	0 	2.1030075188 	3.65263555287 	-0.473154807517 	0.333643395308 	2.67830326189 	-0.024116570314 	0.0404293443347
18.96 	0 	2.09398496241 	3.65263555287 	-0.473154807517 	0.333643395308 	2.67830326189 	-0.024116570314 	0.0404293443347
18.96 	0 	2.08496240602 	3.28091219744 	-0.475680291561 	0.776747274014 	2.69792795226 	-0.0357626812972 	0.0439088237512
18.96 	0 	2.07593984962 	3.28091219744 	-0.475680291561 	0.776747274014 	2.69792795226 	-0.0357626812972 	0.0439088237512
18.96 	0 	2.06691729323 	3.28091219744 	-0.475680291561 	0.776747274014 	2.69792795226 	-0.0357626812972 	0.0439088237512
18.96 	0 	2.05789473684 	3.32870343804 	-0.789308503554 	0.591898820552 	2.70669600598 	-0.0466383468538 	0.0405280656794
18.96 	0 	2.04887218045 	3.32870343804 	-0.789308503554 	0.591898820552 	2.70669600598 	-0.0466383468538 	0.0405280656794
18.96 	0 	2.03984962406 	3.32870343804 	-0.789308503554 	0.591898820552 	2.70669600598 	-0.0466383468538 	0.0405280656794
18.96 	0 	2.03082706767 	3.32870343804 	-0.789308503554 	0.591898820552 	2.70669600598 	-0.0466383468538 	0.0405280656794
18.96 	0 	2.02180451128 	3.36875385329 	-0.930446140851 	0.483723731482 	2.70169452732 	-0.0477960137891 	0.0418494281875
18.96 	0 	2.01278195489 	3.36875385329 	-0.930446140851 	0.483723731482 	2.70169452732 	-0.0477960137891 	0.0418494281875
18.96 	0 	2.0037593985 	3.36875385329 	-0.930446140851 	0.483723731482 	2.70169452732 	-0.0477960137891 	0.0418494281875
18.96 	0 	1.99473684211 	3.38731664877 	-0.776175767688 	0.39477425415 	2.71398843068 	-0.0556352189876 	0.0341533894196
18.96 	0 	1.98571428571 	3.38731664877 	-0.776175767688 	0.39477425415 	2.71398843068 	-0.0556352189876 	0.0341533894196
18.96 	0 	1.97669172932 	3.38731664877 	-0.776175767688 	0.39477425415 	2.71398843068 	-0.0556352189876 	0.0341533894196
18.96 	0 	1.96766917293 	3.38731664877 	-0.776175767688 	0.39477425415 	2.71398843068 	-0.0556352189876 	0.0341533894196
18.96 	0 	1.95864661654 	3.2502591103 	-0.670456263935 	0.334205036264 	2.72672151146 	-0.0648341155062 	0.0397801059279
18.96 	0 	1.94962406015 	3.2502591103 	-0.670456263935 	0.334205036264 	2.72672151146 	-0.0648341155062 	0.0397801059279
18.96 	0 	1.94060150376 	3.2502591103 	-0.670456263935 	0.334205036264 	2.72672151146 	-0.0648341155062 	0.0397801059279
18.96 	0 	1.93157894737 	3.24148899311 	-0.7199264269 	0.420965710436 	2.73463707864 	-0.0622467722094 	0.0356254972435
18.96 	0 	1.92255639098 	3.24148899311 	-0.7199264269 	0.420965710436 	2.73463707864 	-0.0622467722094 	0.0356254972435
18.96 	0 	1.91353383459 	3.24148899311 	-0.7199264269 	0.420965710436 	2.73463707864 	-0.0622467722094 	0.0356254972435
18.96 	0 	1.9045112782 	3.24148899311 	-0.7199264269 	0.420965710436 	2.73463707864 	-0.0622467722094 	0.0356254972435
18.96 	0 	1.8954887218 	3.28396358036 	-0.659852365188 	0.491843685302 	2.74913238948 	-0.0627412390398 	0.0365494333282
18.96 	0 	1.88646616541 	3.28396358036 	-0.659852365188 	0.491843685302 	2.74913238948 	-0.0627412390398 	0.0365494333282
18.96 	0 	1.87744360902 	3.28396358036 	-0.659852365188 	0.491843685302 	2.74913238948 	-0.0627412390398 	0.0365494333282
18.96 	0 	1.86842105263 	3.28396358036 	-0.659852365188 	0.491843685302 	2.74913238948 	-0.0627412390398 	0.0365494333282
18.96 	0 	1.85939849624 	3.33312653097 	-0.703494253686 	0.459474477618 	2.77299220403 	-0.0702023484634 	0.0379147794013
18.96 	0 	1.85037593985 	3.33312653097 	-0.703494253686 	0.459474477618 	2.77299220403 	-0.0702023484634 	0.0379147794013
18.96 	0 	1.84135338346 	3.33312653097 	-0.703494253686 	0.459474477618 	2.77299220403 	-0.0702023484634 	0.0379147794013
18.96 	0 	1.83233082707 	3.26406304513 	-0.782728228952 	0.445789448433 	2.78598749952 	-0.0758040881588 	0.0353137529922
18.96 	0 	1.82330827068 	3.26406304513 	-0.782728228952 	0.445789448433 	2.78598749952 	-0.0758040881588 	0.0353137529922
18.96 	0 	1.81428571429 	3.26406304513 	-0.782728228952 	0.445789448433 	2.78598749952 	-0.0758040881588 	0.0353137529922
18.96 	0 	1.80526315789 	3.26406304513 	-0.782728228952 	0.445789448433 	2.78598749952 	-0.0758040881588 	0.0353137529922
18.96 	0 	1.7962406015 	3.51316913623 	-0.68474258912 	0.442215688957 	2.78991237071 	-0.0681672678573 	0.0388440358996
18.96 	0 	1.78721804511 	3.51316913623 	-0.68474258912 	0.442215688957 	2.78991237071 	-0.0681672678573 	0.0388440358996
18.96 	0 	1.77819548872 	3.51316913623 	-0.68474258912 	0.442215688957 	2.78991237071 	-0.0681672678573 	0.0388440358996
18.96 	0 	1.76917293233 	3.55055527941 	-0.419927069024 	0.323121321122 	2.8161944547 	-0.056430103988 	0.0263392204978
18.96 	0 	1.76015037594 	3.55055527941 	-0.419927069024 	0.323121321122 	2.8161944547 	-0.056430103988 	0.0263392204978
18.96 	0 	1.75112781955 	3.55055527941 	-0.419927069024 	0.323121321122 	2.8161944547 	-0.056430103988 	0.0263392204978
18.96 	0 	1.74210526316 	3.55055527941 	-0.419927069024 	0.323121321122 	2.8161944547 	-0.056430103988 	0.0263392204978
18.96 	0 	1.73308270677 	3.10934697415 	-0.758758801819 	0.371215026507 	2.83109808083 	-0.0592677082395 	0.027927086657
18.96 	0 	1.72406015038 	3.10934697415 	-0.758758801819 	0.371215026507 	2.83109808083 	-0.0592677082395 	0.027927086657
18.96 	0 	1.71503759398 	3.10934697415 	-0.758758801819 	0.371215026507 	2.83109808083 	-0.0592677082395 	0.027927086657
18.96 	0 	1.70601503759 	3.3195736792 	-0.613768683183 	0.209866833356 	2.85185052894 	-0.0566413041183 	0.0252520580749
18.96 	0 	1.6969924812 	3.3195736792 	-0.613768683183 	0.209866833356 	2.85185052894 	-0.0566413041183 	0.0252520580749
18.96 	0 	1.68796992481 	3.3195736792 	-0.613768683183 	0.209866833356 	2.85185052894 	-0.0566413041183 	0.0252520580749
18.96 	0 	1.67894736842 	3.3195736792 	-0.613768683183 	0.209866833356 	2.85185052894 	-0.0566413041183 	0.0252520580749
18.96 	0 	1.66992481203 	3.26211652297 	-0.517190748578 	0.239841169154 	2.87052883689 	-0.0470050052101 	0.0311431746575
18.96 	0 	1.66090225564 	3.26211652297 	-0.517190748578 	0.239841169154 	2.87052883689 	-0.0470050052101 	0.0311431746575
18.96 	0 	1.65187969925 	3.26211652297 	-0.517190748578 	0.239841169154 	2.87052883689 	-0.0470050052101 	0.0311431746575
18.96 	0 	1.64285714286 	3.08298649978 	-0.501166271351 	0.456677625063 	2.89285789651 	-0.0502437305237 	0.0263202007574
18.96 	0 	1.63383458647 	3.08298649978 	-0.501166271351 	0.456677625063 	2.89285789651 	-0.0502437305237 	0.0263202007574
18.96 	0 	1.62481203008 	3.08298649978 	-0.501166271351 	0.456677625063 	2.89285789651 	-0.0502437305237 	0.0263202007574
18.96 	0 	1.61578947368 	3.08298649978 	-0.501166271351 	0.456677625063 	2.89285789651 	-0.0502437305237 	0.0263202007574
18.96 	0 	1.60676691729 	2.92347958559 	-0.238120788524 	0.392098662346 	2.90371156252 	-0.0615427779993 	0.0229515617872
18.96 	0 	1.5977443609 	2.92347958559 	-0.238120788524 	0.392098662346 	2.90371156252 	-0.0615427779993 	0.0229515617872
18.96 	0 	1.58872180451 	2.92347958559 	-0.238120788524 	0.392098662346 	2.90371156252 	-0.0615427779993 	0.0229515617872
18.96 	0 	1.57969924812 	2.86177145884 	-0.399413318758 	0.332477157897 	2.90039565135 	-0.0590890801541 	0.0186309509887
18.96 	0 	1.57067669173 	2.86177145884 	-0.399413318758 	0.332477157897 	2.90039565135 	-0.0590890801541 	0.0186309509887
18.96 	0 	1.56165413534 	2.86177145884 	-0.399413318758 	0.332477157897 	2.90039565135 	-0.0590890801541 	0.0186309509887
18.96 	0 	1.55263157895 	2.86177145884 	-0.399413318758 	0.332477157897 	2.90039565135 	-0.0590890801541 	0.0186309509887
18.96 	0 	1.54360902256 	3.04463331277 	-0.577902550037 	0.244991514488 	2.91589682479 	-0.0568562196171 	0.0228140039769
18.96 	0 	1.53458646617 	3.04463331277 	-0.577902550037 	0.244991514488 	2.91589682479 	-0.0568562196171 	0.0228140039769
18.96 	0 	1.52556390977 	3.04463331277 	-0.577902550037 	0.244991514488 	2.91589682479 	-0.0568562196171 	0.0228140039769
18.96 	0 	1.51654135338 	2.89942049936 	-0.493901800723 	0.144900728779 	2.9304450604 	-0.0586367706611 	0.0228570397307
18.96 	0 	1.50751879699 	2.89942049936 	-0.493901800723 	0.144900728779 	2.9304450604 	-0.0586367706611 	0.0228570397307
18.96 	0 	1.4984962406 	2.89942049936 	-0.493901800723 	0.144900728779 	2.9304450604 	-0.0586367706611 	0.0228570397307
18.96 	0 	1.48947368421 	2.89942049936 	-0.493901800723 	0.144900728779 	2.9304450604 	-0.0586367706611 	0.0228570397307
18.96 	0 	1.48045112782 	2.78827725688 	-0.672820520199 	0.208226968084 	2.93805064899 	-0.0575570014073 	0.0352382147899
18.96 	0 	1.47142857143 	2.78827725688 	-0.672820520199 	0.208226968084 	2.93805064899 	-0.0575570014073 	0.0352382147899
18.96 	0 	1.46240601504 	2.78827725688 	-0.672820520199 	0.208226968084 	2.93805064899 	-0.0575570014073 	0.0352382147899
18.96 	0 	1.45338345865 	2.58180385894 	-0.579907563989 	0.146222316585 	2.95222117765 	-0.0540563379857 	0.0329835266254
18.96 	0 	1.44436090226 	2.58180385894 	-0.579907563989 	0.146222316585 	2.95222117765 	-0.0540563379857 	0.0329835266254
18.96 	0 	1.43533834586 	2.58180385894 	-0.579907563989 	0.146222316585 	2.95222117765 	-0.0540563379857 	0.0329835266254
18.96 	0 	1.42631578947 	2.58180385894 	-0.579907563989 	0.146222316585 	2.95222117765 	-0.0540563379857 	0.0329835266254
18.96 	0 	1.41729323308 	2.62884212087 	-0.524808852363 	0.082867262173 	2.96197302489 	-0.0541418489768 	0.0337309872951
18.96 	0 	1.40827067669 	2.62884212087 	-0.524808852363 	0.082867262173 	2.96197302489 	-0.0541418489768 	0.0337309872951
18.96 	0 	1.3992481203 	2.62884212087 	-0.524808852363 	0.082867262173 	2.96197302489 	-0.0541418489768 	0.0337309872951
18.96 	0 	1.39022556391 	2.6641011229 	-0.426924944075 	0.113628776637 	2.97033134767 	-0.0509342709828 	0.0341959327928
18.96 	0 	1.38120300752 	2.6641011229 	-0.426924944075 	0.113628776637 	2.97033134767 	-0.0509342709828 	0.0341959327928
18.96 	0 	1.37218045113 	2.6641011229 	-0.426924944075 	0.113628776637 	2.97033134767 	-0.0509342709828 	0.0341959327928
18.96 	0 	1.36315789474 	2.6641011229 	-0.426924944075 	0.113628776637 	2.97033134767 	-0.0509342709828 	0.0341959327928
18.96 	0 	1.35413533835 	3.03362503577 	-0.422551029422 	0.0788220228984 	2.97948478791 	-0.0449444833084 	0.024309227592
18.96 	0 	1.34511278195 	3.03362503577 	-0.422551029422 	0.0788220228984 	2.97948478791 	-0.0449444833084 	0.024309227592
18.96 	0 	1.33609022556 	3.03362503577 	-0.422551029422 	0.0788220228984 	2.97948478791 	-0.0449444833084 	0.024309227592
18.96 	0 	1.32706766917 	2.83228733891 	-0.187238002725 	-0.113223526713 	2.98856288073 	-0.0457571895733 	0.0280378529906
18.96 	0 	1.31804511278 	2.83228733891 	-0.187238002725 	-0.113223526713 	2.98856288073 	-0.0457571895733 	0.0280378529906
18.96 	0 	1.30902255639 	2.83228733891 	-0.187238002725 	-0.113223526713 	2.98856288073 	-0.0457571895733 	0.0280378529906
18.96 	0 	1.3 	2.83228733891 	-0.187238002725 	-0.113223526713 	2.98856288073 	-0.0457571895733 	0.0280378529906
18.96 	0 	1.29097744361 	2.81602921804 	-0.00531574051943 	-0.10329064893 	2.99709862579 	-0.0471660620979 	0.0280228933115
18.96 	0 	1.28195488722 	2.81602921804 	-0.00531574051943 	-0.10329064893 	2.99709862579 	-0.0471660620979 	0.0280228933115
18.96 	0 	1.27293233083 	2.81602921804 	-0.00531574051943 	-0.10329064893 	2.99709862579 	-0.0471660620979 	0.0280228933115
18.96 	0 	1.26390977444 	2.67336720269 	0.389767535538 	-0.025891952426 	2.99590024708 	-0.0534910770912 	0.0264272994259
18.96 	0 	1.25488721805 	2.67336720269 	0.389767535538 	-0.025891952426 	2.99590024708 	-0.0534910770912 	0.0264272994259
18.96 	0 	1.24586466165 	2.67336720269 	0.389767535538 	-0.025891952426 	2.99590024708 	-0.0534910770912 	0.0264272994259
18.96 	0 	1.23684210526 	2.67336720269 	0.389767535538 	-0.025891952426 	2.99590024708 	-0.0534910770912 	0.0264272994259
18.96 	0 	1.22781954887 	2.65460688102 	0.436660378102 	-0.0934154383672 	3.00502986203 	-0.054537189035 	0.0311823444743
18.96 	0 	1.21879699248 	2.65460688102 	0.436660378102 	-0.0934154383672 	3.00502986203 	-0.054537189035 	0.0311823444743
18.96 	0 	1.20977443609 	2.65460688102 	0.436660378102 	-0.0934154383672 	3.00502986203 	-0.054537189035 	0.0311823444743
18.96 	0 	1.2007518797 	2.84303983604 	0.740469018121 	-0.150006827997 	3.00965243111 	-0.0669850208002 	0.025479235041
18.96 	0 	1.19172932331 	2.84303983604 	0.740469018121 	-0.150006827997 	3.00965243111 	-0.0669850208002 	0.025479235041
18.96 	0 	1.18270676692 	2.84303983604 	0.740469018121 	-0.150006827997 	3.00965243111 	-0.0669850208002 	0.025479235041
18.96 	0 	1.17368421053 	2.84303983604 	0.740469018121 	-0.150006827997 	3.00965243111 	-0.0669850208002 	0.025479235041
18.96 	0 	1.16466165414 	2.94101682099 	0.480297789016 	0.221198980074 	3.01490414154 	-0.0743866386546 	0.0300713634415
18.96 	0 	1.15563909774 	2.94101682099 	0.480297789016 	0.221198980074 	3.01490414154 	-0.0743866386546 	0.0300713634415
18.96 	0 	1.14661654135 	2.94101682099 	0.480297789016 	0.221198980074 	3.01490414154 	-0.0743866386546 	0.0300713634415
18.96 	0 	1.13759398496 	2.78198153514 	0.217624813544 	0.148240650592 	3.03685437241 	-0.0655813277505 	0.0219303046052
18.96 	0 	1.12857142857 	2.78198153514 	0.217624813544 	0.148240650592 	3.03685437241 	-0.0655813277505 	0.0219303046052
18.96 	0 	1.11954887218 	2.78198153514 	0.217624813544 	0.148240650592 	3.03685437241 	-0.0655813277505 	0.0219303046052
18.96 	0 	1.11052631579 	2.78198153514 	0.217624813544 	0.148240650592 	3.03685437241 	-0.0655813277505 	0.0219303046052
18.96 	0 	1.1015037594 	2.998188991 	0.366978551011 	0.423835606668 	3.03316528703 	-0.0563308769322 	0.0239503889378
18.96 	0 	1.09248120301 	2.998188991 	0.366978551011 	0.423835606668 	3.03316528703 	-0.0563308769322 	0.0239503889378
18.96 	0 	1.08345864662 	2.998188991 	0.366978551011 	0.423835606668 	3.03316528703 	-0.0563308769322 	0.0239503889378
18.96 	0 	1.07443609023 	3.16278460449 	0.52131630034 	0.286975184803 	3.05136812387 	-0.056164181024 	0.0242481252024
18.96 	0 	1.06541353383 	3.16278460449 	0.52131630034 	0.286975184803 	3.05136812387 	-0.056164181024 	0.0242481252024
18.96 	0 	1.05639097744 	3.16278460449 	0.52131630034 	0.286975184803 	3.05136812387 	-0.056164181024 	0.0242481252024
18.96 	0 	1.04736842105 	3.16278460449 	0.52131630034 	0.286975184803 	3.05136812387 	-0.056164181024 	0.0242481252024
18.96 	0 	1.03834586466 	3.19017334555 	0.626291721813 	0.250934850324 	3.05342823142 	-0.0554336644749 	0.0210020538782
18.96 	0 	1.02932330827 	3.19017334555 	0.626291721813 	0.250934850324 	3.05342823142 	-0.0554336644749 	0.0210020538782
18.96 	0 	1.02030075188 	3.19017334555 	0.626291721813 	0.250934850324 	3.05342823142 	-0.0554336644749 	0.0210020538782
18.96 	0 	1.01127819549 	3.18974268292 	0.65310840579 	0.239730621211 	3.05367817332 	-0.0528181096963 	0.00897744964502
18.96 	0 	1.0022556391 	3.18974268292 	0.65310840579 	0.239730621211 	3.05367817332 	-0.0528181096963 	0.00897744964502
18.96 	0 	0.993233082707 	3.18974268292 	0.65310840579 	0.239730621211 	3.05367817332 	-0.0528181096963 	0.00897744964502
18.96 	0 	0.984210526316 	3.18974268292 	0.65310840579 	0.239730621211 	3.05367817332 	-0.0528181096963 	0.00897744964502
18.96 	0 	0.975187969925 	2.95311474169 	0.54526776222 	0.266517401396 	3.0638608601 	-0.0477480379786 	0.0140535514078
18.96 	0 	0.966165413534 	2.95311474169 	0.54526776222 	0.266517401396 	3.0638608601 	-0.0477480379786 	0.0140535514078
18.96 	0 	0.957142857143 	2.95311474169 	0.54526776222 	0.266517401396 	3.0638608601 	-0.0477480379786 	0.0140535514078
18.96 	0 	0.948120300752 	2.91167439313 	0.248826551172 	0.152319017323 	3.07077395455 	-0.0459258598953 	0.0105442056103
18.96 	0 	0.939097744361 	2.91167439313 	0.248826551172 	0.152319017323 	3.07077395455 	-0.0459258598953 	0.0105442056103
18.96 	0 	0.93007518797 	2.91167439313 	0.248826551172 	0.152319017323 	3.07077395455 	-0.0459258598953 	0.0105442056103
18.96 	0 	0.921052631579 	2.91167439313 	0.248826551172 	0.152319017323 	3.07077395455 	-0.0459258598953 	0.0105442056103
18.96 	0 	0.912030075188 	3.01822068456 	0.413785572002 	0.0779668251029 	3.07359536014 	-0.0443415431902 	0.0115250893757
18.96 	0 	0.903007518797 	3.01822068456 	0.413785572002 	0.0779668251029 	3.07359536014 	-0.0443415431902 	0.0115250893757
18.96 	0 	0.893984962406 	3.01822068456 	0.413785572002 	0.0779668251029 	3.07359536014 	-0.0443415431902 	0.0115250893757
18.96 	0 	0.884962406015 	3.10540217477 	0.395037367917 	0.0272392304381 	3.06992554032 	-0.0434169300331 	0.00512813735735
18.96 	0 	0.875939849624 	3.10540217477 	0.395037367917 	0.0272392304381 	3.06992554032 	-0.0434169300331 	0.00512813735735
18.96 	0 	0.866917293233 	3.10540217477 	0.395037367917 	0.0272392304381 	3.06992554032 	-0.0434169300331 	0.00512813735735
18.96 	0 	0.857894736842 	3.10540217477 	0.395037367917 	0.0272392304381 	3.06992554032 	-0.0434169300331 	0.00512813735735
18.96 	0 	0.848872180451 	3.10692970558 	0.445773717379 	-0.0330489244396 	3.06530258786 	-0.0451761521721 	0.00586522915969
18.96 	0 	0.83984962406 	3.10692970558 	0.445773717379 	-0.0330489244396 	3.06530258786 	-0.0451761521721 	0.00586522915969
18.96 	0 	0.830827067669 	3.10692970558 	0.445773717379 	-0.0330489244396 	3.06530258786 	-0.0451761521721 	0.00586522915969
18.96 	0 	0.821804511278 	3.09529674721 	0.505388684969 	-0.0820882950926 	3.06343470736 	-0.0397945141141 	-0.00154013105558
18.96 	0 	0.812781954887 	3.09529674721 	0.505388684969 	-0.0820882950926 	3.06343470736 	-0.0397945141141 	-0.00154013105558
18.96 	0 	0.803759398496 	3.09529674721 	0.505388684969 	-0.0820882950926 	3.06343470736 	-0.0397945141141 	-0.00154013105558
18.96 	0 	0.794736842105 	3.09529674721 	0.505388684969 	-0.0820882950926 	3.06343470736 	-0.0397945141141 	-0.00154013105558
18.96 	0 	0.785714285714 	3.23051185375 	0.238565572153 	-0.0390214968338 	3.06213247337 	-0.0295993955799 	-0.00256444547622
18.96 	0 	0.776691729323 	3.23051185375 	0.238565572153 	-0.0390214968338 	3.06213247337 	-0.0295993955799 	-0.00256444547622
18.96 	0 	0.767669172932 	3.23051185375 	0.238565572153 	-0.0390214968338 	3.06213247337 	-0.0295993955799 	-0.00256444547622
18.96 	0 	0.758646616541 	2.79550132773 	0.383885538252 	-0.0655845534557 	3.04588666557 	-0.0356760710471 	-0.00667882394877
18.96 	0 	0.74962406015 	2.79550132773 	0.383885538252 	-0.0655845534557 	3.04588666557 	-0.0356760710471 	-0.00667882394877
18.96 	0 	0.740601503759 	2.79550132773 	0.383885538252 	-0.0655845534557 	3.04588666557 	-0.0356760710471 	-0.00667882394877
18.96 	0 	0.731578947368 	2.79550132773 	0.383885538252 	-0.0655845534557 	3.04588666557 	-0.0356760710471 	-0.00667882394877
18.96 	0 	0.722556390977 	2.71908321606 	0.175248844901 	0.0446654736289 	3.03131003915 	-0.0316478949166 	-0.0119967199554
18.96 	0 	0.713533834586 	2.71908321606 	0.175248844901 	0.0446654736289 	3.03131003915 	-0.0316478949166 	-0.0119967199554
18.96 	0 	0.704511278195 	2.71908321606 	0.175248844901 	0.0446654736289 	3.03131003915 	-0.0316478949166 	-0.0119967199554
18.96 	0 	0.695488721804 	2.67948596081 	-0.00801929503084 	-0.03036465164 	3.02598398173 	-0.0218539956411 	-0.0206925013528
18.96 	0 	0.686466165414 	2.67948596081 	-0.00801929503084 	-0.03036465164 	3.02598398173 	-0.0218539956411 	-0.0206925013528
18.96 	0 	0.677443609023 	2.67948596081 	-0.00801929503084 	-0.03036465164 	3.02598398173 	-0.0218539956411 	-0.0206925013528
18.96 	0 	0.668421052632 	2.67948596081 	-0.00801929503084 	-0.03036465164 	3.02598398173 	-0.0218539956411 	-0.0206925013528
18.96 	0 	0.659398496241 	2.81682609982 	-0.01723342652 	-0.00522339049545 	3.01566542852 	-0.0235748178361 	-0.0157847142323
18.96 	0 	0.65037593985 	2.81682609982 	-0.01723342652 	-0.00522339049545 	3.01566542852 	-0.0235748178361 	-0.0157847142323
18.96 	0 	0.641353383459 	2.81682609982 	-0.01723342652 	-0.00522339049545 	3.01566542852 	-0.0235748178361 	-0.0157847142323
18.96 	0 	0.632330827068 	2.8613691299 	-0.126505142796 	-0.262016191541 	2.9947462073 	-0.0373565795374 	-0.0183867205413
18.96 	0 	0.623308270677 	2.8613691299 	-0.126505142796 	-0.262016191541 	2.9947462073 	-0.0373565795374 	-0.0183867205413
18.96 	0 	0.614285714286 	2.8613691299 	-0.126505142796 	-0.262016191541 	2.9947462073 	-0.0373565795374 	-0.0183867205413
18.96 	0 	0.605263157895 	2.8613691299 	-0.126505142796 	-0.262016191541 	2.9947462073 	-0.0373565795374 	-0.0183867205413
18.96 	0 	0.596240601504 	2.53059591179 	-0.175856164995 	-0.137818053785 	2.97179472369 	-0.0435127926393 	-0.0162336675388
18.96 	0 	0.587218045113 	2.53059591179 	-0.175856164995 	-0.137818053785 	2.97179472369 	-0.0435127926393 	-0.0162336675388
18.96 	0 	0.578195488722 	2.53059591179 	-0.175856164995 	-0.137818053785 	2.97179472369 	-0.0435127926393 	-0.0162336675388
18.96 	0 	0.569172932331 	2.42689428069 	-0.216150928069 	-0.208726763642 	2.95070734311 	-0.0409545383274 	-0.0165618757507
18.96 	0 	0.56015037594 	2.42689428069 	-0.216150928069 	-0.208726763642 	2.95070734311 	-0.0409545383274 	-0.0165618757507
18.96 	0 	0.551127819549 	2.42689428069 	-0.216150928069 	-0.208726763642 	2.95070734311 	-0.0409545383274 	-0.0165618757507
18.96 	0 	0.542105263158 	2.42689428069 	-0.216150928069 	-0.208726763642 	2.95070734311 	-0.0409545383274 	-0.0165618757507
18.96 	0 	0.533082706767 	2.73672064067 	-0.286162746782 	-0.206995248052 	2.92623154569 	-0.0315899935392 	-0.020341381042
18.96 	0 	0.524060150376 	2.73672064067 	-0.286162746782 	-0.206995248052 	2.92623154569 	-0.0315899935392 	-0.020341381042
18.96 	0 	0.515037593985 	2.73672064067 	-0.286162746782 	-0.206995248052 	2.92623154569 	-0.0315899935392 	-0.020341381042
18.96 	0 	0.506015037594 	2.8856973837 	-0.311870402999 	-0.216206692472 	2.88398643564 	-0.0272171730684 	-0.0161654671536
18.96 	0 	0.496992481203 	2.8856973837 	-0.311870402999 	-0.216206692472 	2.88398643564 	-0.0272171730684 	-0.0161654671536
18.96 	0 	0.487969924812 	2.8856973837 	-0.311870402999 	-0.216206692472 	2.88398643564 	-0.0272171730684 	-0.0161654671536
18.96 	0 	0.478947368421 	2.8856973837 	-0.311870402999 	-0.216206692472 	2.88398643564 	-0.0272171730684 	-0.0161654671536
18.96 	0 	0.46992481203 	2.94177487098 	-0.214964892067 	-0.258185525102 	2.85482463175 	-0.0286219158756 	-0.0193657217278
18.96 	0 	0.460902255639 	2.94177487098 	-0.214964892067 	-0.258185525102 	2.85482463175 	-0.0286219158756 	-0.0193657217278
18.96 	0 	0.451879699248 	2.94177487098 	-0.214964892067 	-0.258185525102 	2.85482463175 	-0.0286219158756 	-0.0193657217278
18.96 	0 	0.442857142857 	2.9234583535 	-0.292234645599 	-0.28724299633 	2.82314805579 	-0.0213730548934 	-0.0188305421899
18.96 	0 	0.433834586466 	2.9234583535 	-0.292234645599 	-0.28724299633 	2.82314805579 	-0.0213730548934 	-0.0188305421899
18.96 	0 	0.424812030075 	2.9234583535 	-0.292234645599 	-0.28724299633 	2.82314805579 	-0.0213730548934 	-0.0188305421899
18.96 	0 	0.415789473684 	2.9234583535 	-0.292234645599 	-0.28724299633 	2.82314805579 	-0.0213730548934 	-0.0188305421899
18.96 	0 	0.406766917293 	2.74806069972 	0.00355724469714 	-0.46524045708 	2.79343802539 	-0.0177086374448 	-0.0190196000276
18.96 	0 	0.397744360902 	2.74806069972 	0.00355724469714 	-0.46524045708 	2.79343802539 	-0.0177086374448 	-0.0190196000276
18.96 	0 	0.388721804511 	2.74806069972 	0.00355724469714 	-0.46524045708 	2.79343802539 	-0.0177086374448 	-0.0190196000276
18.96 	0 	0.37969924812 	2.65878731175 	0.135881917005 	-0.358037800254 	2.7551153606 	-0.0090891674266 	-0.0173855808009
18.96 	0 	0.370676691729 	2.65878731175 	0.135881917005 	-0.358037800254 	2.7551153606 	-0.0090891674266 	-0.0173855808009
18.96 	0 	0.361654135338 	2.65878731175 	0.135881917005 	-0.358037800254 	2.7551153606 	-0.0090891674266 	-0.0173855808009
18.96 	0 	0.352631578947 	2.65878731175 	0.135881917005 	-0.358037800254 	2.7551153606 	-0.0090891674266 	-0.0173855808009
18.96 	0 	0.343609022556 	2.66218448118 	0.0446387677239 	-0.395918491506 	2.72400879444 	-0.0105013379811 	-0.0251560646817
18.96 	0 	0.334586466165 	2.66218448118 	0.0446387677239 	-0.395918491506 	2.72400879444 	-0.0105013379811 	-0.0251560646817
18.96 	0 	0.325563909774 	2.66218448118 	0.0446387677239 	-0.395918491506 	2.72400879444 	-0.0105013379811 	-0.0251560646817
18.96 	0 	0.316541353383 	2.67019928806 	0.0056102600504 	-0.412561184672 	2.6913682573 	-0.0158146525841 	-0.0203917128171
18.96 	0 	0.307518796992 	2.67019928806 	0.0056102600504 	-0.412561184672 	2.6913682573 	-0.0158146525841 	-0.0203917128171
18.96 	0 	0.298496240601 	2.67019928806 	0.0056102600504 	-0.412561184672 	2.6913682573 	-0.0158146525841 	-0.0203917128171
18.96 	0 	0.289473684211 	2.67019928806 	0.0056102600504 	-0.412561184672 	2.6913682573 	-0.0158146525841 	-0.0203917128171
18.96 	0 	0.28045112782 	3.04171368143 	0.0269149311077 	-0.297212638419 	2.6522430007 	-0.0204302369188 	-0.0261526867999
18.96 	0 	0.271428571429 	3.04171368143 	0.0269149311077 	-0.297212638419 	2.6522430007 	-0.0204302369188 	-0.0261526867999
18.96 	0 	0.262406015038 	3.04171368143 	0.0269149311077 	-0.297212638419 	2.6522430007 	-0.0204302369188 	-0.0261526867999
18.96 	0 	0.253383458647 	3.04171368143 	0.0269149311077 	-0.297212638419 	2.6522430007 	-0.0204302369188 	-0.0261526867999
18.96 	0 	0.244360902256 	2.84461166768 	-0.183977302316 	-0.145018553638 	2.57622201819 	-0.0104931678702 	-0.0221920438944
18.96 	0 	0.235338345865 	2.84461166768 	-0.183977302316 	-0.145018553638 	2.57622201819 	-0.0104931678702 	-0.0221920438944
18.96 	0 	0.226315789474 	2.84461166768 	-0.183977302316 	-0.145018553638 	2.57622201819 	-0.0104931678702 	-0.0221920438944
18.96 	0 	0.217293233083 	2.84461166768 	-0.183977302316 	-0.145018553638 	2.57622201819 	-0.0104931678702 	-0.0221920438944
18.96 	0 	0.208270676692 	2.84461166768 	-0.183977302316 	-0.145018553638 	2.57622201819 	-0.0104931678702 	-0.0221920438944
18.96 	0 	0.199248120301 	2.84461166768 	-0.183977302316 	-0.145018553638 	2.57622201819 	-0.0104931678702 	-0.0221920438944
18.96 	0 	0.19022556391 	2.84461166768 	-0.183977302316 	-0.145018553638 	2.57622201819 	-0.0104931678702 	-0.0221920438944
18.96 	0 	0.181203007519 	2.69652411749 	-0.305697208758 	0.110444136833 	2.37294447519 	-0.009334088558 	-0.0244417723025
18.96 	0 	0.172180451128 	2.69652411749 	-0.305697208758 	0.110444136833 	2.37294447519 	-0.009334088558 	-0.0244417723025
18.96 	0 	0.163157894737 	2.69652411749 	-0.305697208758 	0.110444136833 	2.37294447519 	-0.009334088558 	-0.0244417723025
18.96 	0 	0.154135338346 	2.69652411749 	-0.305697208758 	0.110444136833 	2.37294447519 	-0.009334088558 	-0.0244417723025
18.96 	0 	0.145112781955 	2.69652411749 	-0.305697208758 	0.110444136833 	2.37294447519 	-0.009334088558 	-0.0244417723025
18.96 	0 	0.136090225564 	2.69652411749 	-0.305697208758 	0.110444136833 	2.37294447519 	-0.009334088558 	-0.0244417723025
18.96 	0 	0.127067669173 	2.69652411749 	-0.305697208758 	0.110444136833 	2.37294447519 	-0.009334088558 	-0.0244417723025
18.96 	0 	0.118045112782 	1.96340969433 	0.233225798457 	-0.0347991933674 	2.00948990682 	-0.0173530575075 	-0.0206993734868
18.96 	0 	0.109022556391 	1.96340969433 	0.233225798457 	-0.0347991933674 	2.00948990682 	-0.0173530575075 	-0.0206993734868
18.96 	0 	0.1 	1.96340969433 	0.233225798457 	-0.0347991933674 	2.00948990682 	-0.0173530575075 	-0.0206993734868
